<number of tasks>
12
<number of mated-station>
5
<number of workers>
10
<task times>
1 2 3 5 100000 1 5 100000 100000 6 100000
2 3 100000 5 7 1 100000 6 3 7 100000
3 2 2 1 5 6 3 3 4 2 5
4 3 3 3 6 7 2 4 8 4 7
5 1 2 1 2 3 100000 100000 2 3 2
6 1 3 1 2 2 1 1 3 100000 1
7 3 100000 9 4 7 2 4 5 6 6
8 3 4 7 6 2 5 5 6 2 6
9 2 5 6 3 3 3 2 2 3 100000
10 2 5 6 1 5 4 3 4 2 100000
11 2 3 3 4 2 2 4 4 4 4
12 1 2 1 2 1 1 2 3 2 2
<task directions>
1 L
2 R
3 E
4 L
5 E
6 L
7 E
8 R
9 E
10 E
11 E
12 R
<precedence relations>
1,4
2,5
3,6
4,7
5,7
5,8
5,9
6,9
7,10
8,10
9,11
11,12
<end>