<number of tasks>
12
<number of mated-station>
5
<number of workers>
10
<task times>
1 2 6 2 2 2 100000 4 4 100000 4
2 3 100000 7 100000 4 5 5 100000 4 4
3 2 1 5 2 2 100000 4 100000 4 5
4 3 7 3 9 5 2 5 100000 100000 1
5 1 3 2 2 100000 2 1 1 3 3
6 1 100000 1 2 2 2 100000 100000 1 3
7 3 100000 100000 100000 7 4 1 2 4 7
8 3 100000 8 6 5 2 3 3 100000 1
9 2 4 4 100000 100000 2 5 6 2 2
10 2 3 5 5 4 4 1 4 4 2
11 2 1 5 3 3 100000 3 2 4 6
12 1 100000 2 2 2 2 2 2 100000 2
<task directions>
1 L
2 R
3 E
4 L
5 E
6 L
7 E
8 R
9 E
10 E
11 E
12 R
<precedence relations>
1,4
2,5
3,6
4,7
5,7
5,8
5,9
6,9
7,10
8,10
9,11
11,12
<end>