<number of tasks>
12
<number of mated-station>
4
<number of workers>
8
<task times>
1 2 2 2 100000 6 3 3 3
2 3 4 5 100000 100000 100000 100000 2
3 2 5 5 2 3 100000 4 4
4 3 100000 8 2 9 100000 7 100000
5 1 1 3 2 100000 2 3 100000
6 1 3 2 1 100000 2 2 100000
7 3 1 100000 2 2 3 2 7
8 3 6 4 5 5 9 7 7
9 2 100000 2 3 6 6 5 3
10 2 2 5 5 3 6 4 2
11 2 2 2 4 100000 100000 100000 100000
12 1 3 2 3 100000 2 1 100000
<task directions>
1 L
2 R
3 E
4 L
5 E
6 L
7 E
8 R
9 E
10 E
11 E
12 R
<precedence relations>
1,4
2,5
3,6
4,7
5,7
5,8
5,9
6,9
7,10
8,10
9,11
11,12
<end>