<number of tasks>
148
<number of mated-station>
8
<number of workers>
16
<task times>
1 16 12 2 7 15 12 16 9 5 9 2 4 4 8 8 2
2 30 27 12 30 17 25 11 8 100000 24 1 25 100000 9 10 9
3 7 4 3 2 5 5 4 3 100000 4 3 3 100000 5 3 3
4 47 41 18 15 13 34 100000 27 13 25 45 100000 29 6 18 100000
5 29 24 20 18 9 100000 5 100000 12 17 100000 19 22 8 13 8
6 8 2 6 5 3 7 3 4 4 1 100000 3 3 3 7 2
7 39 16 15 3 6 31 34 39 24 30 12 36 12 100000 36 18
8 37 24 21 4 22 34 3 100000 32 21 35 100000 34 33 34 34
9 32 9 100000 2 11 9 11 13 30 21 29 25 27 31 12 100000
10 29 21 10 16 27 21 14 20 100000 11 16 3 4 19 18 10
11 17 1 9 100000 100000 5 12 14 3 5 15 10 7 1 100000 17
12 11 2 3 100000 7 5 11 4 2 100000 10 8 5 4 1 100000
13 32 15 5 26 15 9 2 3 3 100000 21 13 24 3 28 12
14 15 1 6 6 11 100000 4 5 10 14 15 100000 8 9 3 5
15 53 100000 100000 45 42 12 17 44 32 42 42 47 17 41 35 8
16 53 41 5 47 26 100000 26 46 43 100000 29 14 19 31 30 39
17 8 2 2 3 4 1 6 3 3 3 1 4 4 6 5 100000
18 24 11 8 8 9 12 15 100000 12 16 11 2 23 20 3 7
19 24 5 7 5 100000 11 18 16 15 9 22 100000 22 100000 14 14
20 8 3 100000 100000 5 6 1 4 7 7 7 7 4 5 8 5
21 7 4 2 3 2 2 6 5 3 1 6 2 4 5 100000 4
22 8 100000 3 4 1 2 2 100000 3 3 1 2 100000 8 2 5
23 14 9 12 5 100000 6 14 13 10 100000 100000 11 100000 2 100000 8
24 13 4 3 12 4 9 3 10 12 4 13 3 100000 6 9 13
25 10 2 6 5 9 9 100000 7 100000 6 100000 9 1 6 8 7
26 25 19 6 19 19 15 14 17 13 4 23 14 9 17 3 20
27 11 3 2 2 10 10 2 6 11 3 11 11 6 100000 10 6
28 25 2 10 11 4 14 10 11 12 4 11 100000 13 22 18 23
29 11 8 3 8 7 4 1 10 2 3 8 11 7 100000 5 10
30 29 5 18 12 3 28 3 26 16 18 25 8 7 11 2 9
31 25 14 19 24 19 100000 7 19 20 7 5 3 24 7 13 100000
32 10 7 5 6 10 8 6 3 1 100000 9 7 9 3 7 2
33 14 10 2 13 11 12 4 100000 10 14 8 9 8 10 4 6
34 41 100000 16 6 15 5 13 35 33 31 24 9 11 15 34 25
35 42 17 5 2 41 100000 14 24 41 32 13 100000 3 26 8 8
36 47 100000 45 100000 19 6 44 34 3 1 27 1 16 17 35 23
37 7 5 2 5 6 4 6 3 3 6 100000 2 7 2 2 3
38 80 41 100000 60 26 29 48 37 78 74 6 79 13 39 58 72
39 7 6 100000 3 7 6 7 5 2 2 1 2 7 3 100000 6
40 41 40 100000 33 5 13 14 26 2 31 30 100000 27 6 37 11
41 47 43 100000 47 27 35 100000 17 24 31 40 36 44 20 18 3
42 16 6 8 2 100000 7 1 1 2 16 14 2 5 1 15 15
43 32 26 100000 28 1 15 30 29 28 3 25 9 100000 8 100000 25
44 66 15 13 54 65 58 50 2 58 60 4 29 22 54 52 45
45 80 2 26 100000 3 56 7 12 22 55 63 53 57 100000 37 100000
46 7 6 2 6 3 2 6 2 4 6 1 2 5 6 100000 6
47 41 100000 9 20 15 100000 23 25 5 19 40 2 20 21 19 41
48 13 5 11 6 12 7 11 11 4 5 3 4 13 13 2 8
49 47 36 14 23 16 45 24 19 31 25 25 1 23 18 20 24
50 33 27 2 24 9 18 12 17 24 18 5 6 32 22 31 20
51 34 14 14 32 25 31 11 10 14 15 7 11 33 100000 3 5
52 11 3 2 4 5 2 1 7 10 6 3 9 9 11 2 6
53 118 100000 77 100000 100000 105 106 118 65 113 82 109 7 12 100000 40
54 25 17 19 1 16 18 23 20 21 12 7 23 19 24 100000 4
55 7 6 5 6 4 5 1 2 1 6 3 4 6 5 4 5
56 28 100000 27 8 9 5 18 2 21 20 2 12 23 100000 100000 27
57 12 9 10 8 7 7 9 8 12 4 2 8 3 5 10 4
58 52 49 24 32 44 35 49 8 44 9 23 39 45 100000 45 39
59 14 10 100000 13 6 13 11 7 2 2 9 2 3 2 6 10
60 3 3 2 2 100000 1 2 100000 100000 1 3 2 2 2 2 100000
61 3 1 3 2 1 2 2 2 3 1 2 1 2 2 2 2
62 8 4 6 5 4 6 7 6 3 6 100000 3 1 2 5 6
63 16 11 13 13 15 4 16 13 11 10 9 8 6 9 4 14
64 33 2 26 100000 4 15 10 3 24 7 100000 26 27 25 7 13
65 8 1 7 5 5 8 8 6 7 100000 8 2 1 2 7 5
66 18 17 11 100000 11 11 14 16 13 14 18 15 17 13 100000 1
67 10 2 4 2 9 3 2 5 6 4 6 6 2 2 4 1
68 14 8 3 8 7 6 3 4 7 3 3 2 6 9 4 12
69 28 6 15 13 100000 17 9 6 22 24 100000 21 16 27 21 14
70 11 10 6 4 4 1 7 2 1 100000 1 100000 6 8 100000 11
71 118 100000 69 36 51 40 107 100 69 41 50 34 68 63 107 19
72 25 14 23 6 6 4 20 15 100000 9 17 25 4 100000 11 18
73 40 17 20 1 32 29 29 38 8 11 33 24 7 4 11 36
74 40 23 4 35 13 30 21 23 38 4 3 21 20 39 35 100000
75 101 67 76 80 67 18 45 43 39 56 100000 96 93 4 100000 71
76 5 5 2 100000 4 1 100000 1 2 2 2 2 4 4 2 1
77 28 2 12 2 16 100000 24 21 100000 23 10 18 19 5 10 7
78 8 6 2 6 1 8 7 6 100000 8 1 8 4 3 2 2
79 111 100000 54 52 14 2 32 100000 98 100000 69 100000 98 10 92 4
80 7 2 2 7 3 6 6 5 2 1 5 100000 100000 100000 6 3
81 26 2 18 20 18 9 11 24 7 18 24 100000 19 10 12 13
82 10 8 5 2 8 6 1 5 7 3 5 3 100000 8 3 100000
83 21 100000 1 15 9 2 6 20 15 19 20 21 12 12 100000 100000
84 26 22 17 21 2 20 8 8 5 100000 25 17 5 25 3 21
85 20 12 16 19 100000 9 15 15 4 6 13 10 9 100000 6 6
86 21 12 16 20 14 13 21 10 5 11 6 9 18 4 17 8
87 47 44 37 36 36 100000 13 100000 33 22 17 38 29 13 39 33
88 23 1 4 14 100000 12 100000 18 23 2 10 14 2 4 18 100000
89 13 12 6 12 10 9 6 100000 12 100000 3 7 6 9 100000 13
90 19 17 100000 11 15 14 1 12 1 1 15 14 15 4 15 3
91 115 73 66 41 100000 68 99 100000 24 72 59 112 53 93 92 27
92 35 100000 28 2 18 5 22 20 35 27 21 24 34 100000 31 29
93 26 7 2 10 4 7 12 2 13 12 6 9 21 19 12 10
94 46 44 25 2 13 46 16 28 21 27 11 100000 13 27 16 33
95 20 15 6 4 100000 20 15 4 11 100000 2 1 16 10 100000 13
96 31 31 22 21 7 30 12 100000 2 30 19 22 8 27 28 24
97 19 5 18 5 10 11 10 13 13 8 11 3 1 11 7 3
98 34 1 6 19 20 100000 23 21 12 31 100000 7 15 29 24 100000
99 51 28 24 18 18 44 24 24 46 49 27 29 100000 36 7 100000
100 39 26 6 22 18 9 21 4 8 100000 8 34 11 28 22 20
101 30 10 24 24 17 1 16 8 24 23 100000 27 21 27 100000 10
102 26 18 16 8 23 6 24 24 1 8 4 19 5 20 14 16
103 13 100000 3 100000 8 5 11 7 9 5 7 100000 7 11 100000 6
104 45 12 21 5 33 40 100000 5 11 37 31 9 4 25 30 10
105 58 48 28 27 39 100000 37 12 19 36 35 47 48 100000 8 43
106 28 7 28 2 13 26 18 27 13 8 20 3 18 6 14 8
107 8 100000 8 2 2 5 3 7 5 3 7 1 5 100000 5 100000
108 43 28 100000 43 5 24 19 2 40 2 25 34 40 2 14 3
109 40 33 20 20 19 9 100000 22 4 100000 22 33 5 6 25 100000
110 34 23 20 15 29 100000 100000 11 28 29 9 18 31 100000 23 7
111 23 16 21 100000 20 23 20 17 7 8 3 6 11 14 3 7
112 162 40 100000 99 131 106 93 94 56 67 107 100000 17 91 38 109
113 11 8 6 10 2 6 2 8 10 8 3 3 5 5 2 7
114 19 100000 18 3 6 19 100000 14 13 18 14 7 5 7 4 100000
115 14 100000 2 4 6 11 10 100000 5 2 6 13 4 8 7 8
116 31 12 6 6 17 6 2 30 28 24 30 100000 100000 100000 3 31
117 32 7 28 15 100000 23 11 19 9 100000 27 4 21 25 7 5
118 26 23 22 100000 20 23 26 18 18 15 24 25 100000 3 24 100000
119 55 2 50 24 18 37 5 16 29 45 35 100000 33 34 30 39
120 31 100000 15 4 9 30 31 25 5 26 10 21 100000 100000 15 27
121 32 11 20 4 15 11 32 16 22 100000 21 31 8 5 3 26
122 26 20 16 3 6 1 19 9 2 5 6 4 25 12 24 9
123 19 10 5 13 100000 14 11 17 8 16 18 19 9 7 10 18
124 14 3 6 6 12 9 9 14 3 100000 11 6 5 8 9 2
125 19 7 7 10 100000 14 13 4 4 14 5 17 4 7 1 5
126 48 38 100000 100000 17 45 100000 13 42 11 10 14 45 17 34 23
127 55 5 18 53 26 21 50 47 27 6 16 11 13 100000 39 38
128 8 5 4 8 1 8 7 100000 4 2 1 6 8 6 6 3
129 11 9 1 1 6 2 100000 2 100000 7 4 8 9 6 4 11
130 27 26 21 19 12 12 8 100000 23 25 22 16 20 19 13 100000
131 18 17 6 10 10 14 18 12 1 16 15 17 7 9 2 11
132 36 24 25 27 19 24 12 17 4 26 29 4 23 14 22 8
133 23 17 6 21 22 12 9 20 17 6 2 100000 16 15 6 1
134 20 7 17 7 14 18 19 5 11 20 20 100000 5 11 5 100000
135 46 9 32 45 100000 33 42 6 6 20 30 11 7 35 1 36
136 64 18 29 100000 38 61 34 23 34 21 7 2 10 17 26 61
137 22 13 17 1 8 8 17 16 12 17 15 10 21 3 2 21
138 15 100000 13 4 14 13 2 7 9 4 2 4 100000 7 5 5
139 34 25 100000 12 12 14 29 18 4 27 18 32 6 26 7 21
140 22 22 21 19 18 8 22 19 3 21 19 7 7 17 13 18
141 151 70 48 111 34 73 10 67 100000 30 62 84 102 117 104 99
142 148 10 138 94 45 7 110 38 42 14 100000 113 35 72 16 57
143 64 48 36 41 35 4 2 20 100000 25 32 39 41 8 33 20
144 170 165 74 36 114 15 131 55 136 13 33 162 100000 100000 77 8
145 137 58 114 4 88 47 123 2 51 70 137 89 66 107 77 80
146 64 13 11 100000 21 50 33 63 53 100000 100000 28 100000 41 19 17
147 78 50 60 6 100000 100000 35 44 100000 71 60 48 19 100000 100000 6
148 78 42 72 78 70 33 67 74 36 43 36 50 29 35 19 41
<task directions>
1 E
2 E
3 E
4 E
5 E
6 E
7 E
8 E
9 E
10 E
11 E
12 E
13 E
14 E
15 L
16 R
17 E
18 L
19 R
20 E
21 R
22 L
23 L
24 R
25 R
26 R
27 L
28 L
29 E
30 R
31 E
32 L
33 R
34 L
35 R
36 R
37 R
38 R
39 R
40 R
41 R
42 L
43 L
44 L
45 L
46 L
47 L
48 E
49 L
50 E
51 L
52 L
53 L
54 L
55 R
56 E
57 L
58 L
59 E
60 E
61 E
62 E
63 E
64 R
65 E
66 E
67 E
68 E
69 R
70 R
71 R
72 R
73 E
74 E
75 E
76 E
77 E
78 E
79 E
80 E
81 E
82 E
83 E
84 E
85 E
86 E
87 E
88 E
89 E
90 E
91 E
92 E
93 L
94 E
95 E
96 E
97 E
98 E
99 E
100 E
101 E
102 E
103 E
104 E
105 E
106 E
107 E
108 E
109 E
110 E
111 E
112 L
113 L
114 E
115 E
116 E
117 E
118 E
119 E
120 E
121 E
122 E
123 E
124 E
125 E
126 E
127 E
128 L
129 L
130 L
131 L
132 E
133 L
134 R
135 E
136 E
137 L
138 E
139 E
140 E
141 L
142 R
143 L
144 L
145 R
146 R
147 L
148 R
<precedence relations>
1,5
1,6
1,7
1,8
2,3
3,4
3,5
3,6
3,7
4,8
5,14
6,9
7,14
8,10
9,14
10,14
11,12
12,13
14,15
14,16
15,17
16,17
17,18
17,19
18,20
19,20
20,21
20,22
20,23
20,24
21,25
21,26
21,27
21,28
22,25
22,26
22,27
22,28
23,25
23,26
23,27
23,28
24,25
24,26
24,27
24,28
25,29
26,29
27,29
28,29
29,31
31,36
32,34
33,35
34,36
35,36
36,37
37,38
37,45
38,39
39,40
40,41
40,48
40,55
42,43
43,44
45,46
46,47
47,48
47,49
47,55
50,51
51,53
51,69
52,53
54,133
55,54
55,72
55,76
55,87
55,88
56,73
57,79
58,84
58,86
59,75
59,87
61,62
62,63
63,67
64,65
64,71
64,72
65,66
65,99
66,67
67,68
68,95
68,98
69,82
70,71
72,134
73,84
73,86
73,87
73,88
73,96
74,75
75,88
75,97
76,77
77,78
78,79
79,80
80,81
81,106
82,83
82,89
82,143
82,146
84,85
88,111
89,90
90,79
91,105
92,135
95,101
96,104
98,101
99,100
100,101
101,102
101,103
102,127
103,127
105,119
106,107
107,108
108,109
109,110
111,112
112,113
113,114
113,116
113,120
113,123
113,128
114,115
115,125
116,117
117,118
118,126
120,121
121,122
122,126
123,124
124,125
128,129
129,130
130,131
130,137
132,135
133,135
134,135
135,136
138,139
139,140
141,142
142,143
142,146
142,147
142,148
144,145
145,147
145,148
<end>