<number of tasks>
148
<number of mated-station>
4
<number of workers>
8
<task times>
1 16 3 100000 36 100000 40 37 26
2 30 46 5 28 100000 10 68 100000
3 7 19 3 18 4 2 19 11
4 47 100000 78 16 18 21 102 39
5 29 54 73 39 53 51 64 32
6 8 12 19 3 2 100000 100000 7
7 39 3 4 100000 22 117 16 100000
8 37 78 100000 36 46 58 75 100000
9 32 100000 28 48 35 100000 12 100000
10 29 100000 100000 84 100000 14 20 67
11 17 29 19 19 38 38 15 44
12 11 100000 100000 22 100000 25 100000 13
13 32 100000 100000 12 34 20 26 71
14 15 30 18 41 13 100000 44 16
15 53 135 78 112 127 37 67 100000
16 53 100000 77 100000 34 159 135 154
17 8 1 17 100000 8 23 100000 17
18 24 13 100000 22 28 59 29 42
19 24 100000 17 100000 41 39 26 2
20 8 4 21 18 12 13 4 23
21 7 17 3 15 2 9 100000 100000
22 8 10 1 15 4 22 14 100000
23 14 100000 3 100000 28 18 100000 34
24 13 11 2 25 17 37 23 8
25 10 7 7 7 100000 7 100000 23
26 25 74 100000 68 55 52 3 31
27 11 100000 11 100000 12 18 100000 1
28 25 42 31 17 100000 72 100000 16
29 11 30 100000 100000 19 24 100000 100000
30 29 26 19 6 14 61 68 78
31 25 57 56 5 100000 31 45 4
32 10 3 100000 3 24 12 100000 11
33 14 100000 33 25 4 36 15 100000
34 41 23 27 93 2 105 36 97
35 42 36 100000 100000 100000 87 42 50
36 47 43 140 2 58 124 14 100000
37 7 4 100000 17 3 16 100000 2
38 80 111 100000 100000 37 204 100000 100000
39 7 17 100000 15 19 19 18 10
40 41 60 22 100000 57 100000 45 100000
41 47 85 100000 92 39 72 107 91
42 16 40 38 37 100000 20 8 39
43 32 100000 22 20 100000 100000 51 43
44 66 66 31 131 198 96 76 15
45 80 240 175 51 233 101 58 144
46 7 4 11 6 6 100000 21 10
47 41 73 42 78 100000 107 96 100000
48 13 17 32 9 100000 30 36 24
49 47 102 64 30 93 100000 39 100000
50 33 66 66 85 67 90 36 37
51 34 76 100000 47 100000 100000 7 46
52 11 14 12 27 8 24 29 21
53 118 280 266 241 100000 15 170 107
54 25 34 72 18 100000 74 11 15
55 7 11 4 15 8 100000 12 2
56 28 78 73 100000 62 52 29 45
57 12 10 14 14 16 13 32 24
58 52 100000 100000 51 97 144 100000 130
59 14 100000 37 22 29 11 41 13
60 3 100000 3 8 4 100000 3 100000
61 3 3 4 1 7 8 8 4
62 8 2 17 16 20 5 12 12
63 16 8 15 44 25 34 10 100000
64 33 86 55 20 77 70 93 41
65 8 10 100000 4 100000 22 15 19
66 18 42 26 54 18 100000 39 36
67 10 100000 23 5 8 2 25 100000
68 14 28 32 100000 17 100000 100000 4
69 28 26 30 13 65 100000 14 13
70 11 12 11 24 14 19 100000 32
71 118 146 40 315 75 40 319 100000
72 25 67 100000 21 57 17 5 60
73 40 22 27 119 100000 41 100000 115
74 40 64 16 26 22 77 80 30
75 101 212 58 146 137 100000 128 206
76 5 14 2 11 14 9 100000 9
77 28 13 47 58 33 40 100000 62
78 8 100000 1 17 100000 11 100000 4
79 111 121 87 147 91 100000 57 333
80 7 20 10 2 13 100000 12 12
81 26 100000 12 43 60 100000 100000 7
82 10 14 14 100000 13 9 26 21
83 21 57 40 30 8 25 31 12
84 26 9 9 12 100000 64 100000 73
85 20 4 18 55 37 100000 43 100000
86 21 44 10 20 22 56 31 49
87 47 21 68 42 5 25 140 21
88 23 30 43 19 40 100000 14 100000
89 13 100000 6 100000 14 9 100000 100000
90 19 11 18 32 46 15 22 41
91 115 321 22 338 331 63 94 166
92 35 54 31 32 62 105 45 7
93 26 49 40 8 100000 60 71 67
94 46 27 57 11 120 53 85 135
95 20 39 3 48 100000 50 19 52
96 31 100000 44 14 44 63 5 100000
97 19 16 21 33 11 100000 11 13
98 34 55 72 64 48 28 15 38
99 51 6 6 60 106 82 118 3
100 39 73 35 29 47 105 116 100000
101 30 27 64 56 100000 50 32 60
102 26 41 56 100000 27 33 71 100000
103 13 30 27 24 100000 14 23 38
104 45 114 100000 75 22 9 100000 44
105 58 100000 25 141 30 129 91 74
106 28 100000 68 83 74 100000 80 24
107 8 100000 13 4 100000 100000 21 23
108 43 37 89 37 21 111 100000 28
109 40 52 75 103 100000 100000 13 119
110 34 102 100000 72 100000 68 62 44
111 23 11 22 25 28 100000 57 100000
112 162 219 50 442 447 326 316 100000
113 11 22 9 2 16 6 8 30
114 19 100000 100000 55 51 40 48 39
115 14 8 7 23 15 21 14 18
116 31 42 7 100000 47 19 62 62
117 32 22 86 49 13 100000 22 14
118 26 100000 33 19 26 100000 76 23
119 55 154 142 9 24 62 9 21
120 31 100000 41 11 43 10 74 31
121 32 8 21 52 42 100000 100000 63
122 26 6 47 19 50 100000 100000 68
123 19 19 25 28 39 100000 19 16
124 14 11 26 35 28 27 29 100000
125 19 32 13 35 100000 25 100000 50
126 48 41 137 60 35 31 80 93
127 55 100000 83 81 100000 29 68 98
128 8 6 21 5 3 100000 14 6
129 11 2 100000 15 29 5 100000 100000
130 27 75 100000 7 66 31 100000 40
131 18 29 2 44 39 37 17 100000
132 36 16 28 36 6 11 98 100000
133 23 38 26 65 51 66 4 8
134 20 3 2 47 56 58 53 36
135 46 100000 17 43 124 100000 104 26
136 64 182 104 112 74 112 121 35
137 22 100000 59 100000 100000 40 48 4
138 15 27 100000 29 9 100000 11 3
139 34 38 83 64 100000 75 100000 73
140 22 11 55 16 52 100000 47 46
141 151 100000 100000 421 394 322 37 186
142 148 107 54 112 342 169 107 59
143 64 169 100000 106 100000 100000 100000 100000
144 170 149 32 510 413 250 408 100000
145 137 75 104 100000 157 288 198 100000
146 64 39 66 39 100000 173 156 58
147 78 183 204 120 176 100000 159 166
148 78 194 225 185 152 187 227 100000
<task directions>
1 E
2 E
3 E
4 E
5 E
6 E
7 E
8 E
9 E
10 E
11 E
12 E
13 E
14 E
15 L
16 R
17 E
18 L
19 R
20 E
21 R
22 L
23 L
24 R
25 R
26 R
27 L
28 L
29 E
30 R
31 E
32 L
33 R
34 L
35 R
36 R
37 R
38 R
39 R
40 R
41 R
42 L
43 L
44 L
45 L
46 L
47 L
48 E
49 L
50 E
51 L
52 L
53 L
54 L
55 R
56 E
57 L
58 L
59 E
60 E
61 E
62 E
63 E
64 R
65 E
66 E
67 E
68 E
69 R
70 R
71 R
72 R
73 E
74 E
75 E
76 E
77 E
78 E
79 E
80 E
81 E
82 E
83 E
84 E
85 E
86 E
87 E
88 E
89 E
90 E
91 E
92 E
93 L
94 E
95 E
96 E
97 E
98 E
99 E
100 E
101 E
102 E
103 E
104 E
105 E
106 E
107 E
108 E
109 E
110 E
111 E
112 L
113 L
114 E
115 E
116 E
117 E
118 E
119 E
120 E
121 E
122 E
123 E
124 E
125 E
126 E
127 E
128 L
129 L
130 L
131 L
132 E
133 L
134 R
135 E
136 E
137 L
138 E
139 E
140 E
141 L
142 R
143 L
144 L
145 R
146 R
147 L
148 R
<precedence relations>
1,5
1,6
1,7
1,8
2,3
3,4
3,5
3,6
3,7
4,8
5,14
6,9
7,14
8,10
9,14
10,14
11,12
12,13
14,15
14,16
15,17
16,17
17,18
17,19
18,20
19,20
20,21
20,22
20,23
20,24
21,25
21,26
21,27
21,28
22,25
22,26
22,27
22,28
23,25
23,26
23,27
23,28
24,25
24,26
24,27
24,28
25,29
26,29
27,29
28,29
29,31
31,36
32,34
33,35
34,36
35,36
36,37
37,38
37,45
38,39
39,40
40,41
40,48
40,55
42,43
43,44
45,46
46,47
47,48
47,49
47,55
50,51
51,53
51,69
52,53
54,133
55,54
55,72
55,76
55,87
55,88
56,73
57,79
58,84
58,86
59,75
59,87
61,62
62,63
63,67
64,65
64,71
64,72
65,66
65,99
66,67
67,68
68,95
68,98
69,82
70,71
72,134
73,84
73,86
73,87
73,88
73,96
74,75
75,88
75,97
76,77
77,78
78,79
79,80
80,81
81,106
82,83
82,89
82,143
82,146
84,85
88,111
89,90
90,79
91,105
92,135
95,101
96,104
98,101
99,100
100,101
101,102
101,103
102,127
103,127
105,119
106,107
107,108
108,109
109,110
111,112
112,113
113,114
113,116
113,120
113,123
113,128
114,115
115,125
116,117
117,118
118,126
120,121
121,122
122,126
123,124
124,125
128,129
129,130
130,131
130,137
132,135
133,135
134,135
135,136
138,139
139,140
141,142
142,143
142,146
142,147
142,148
144,145
145,147
145,148
<end>