<number of tasks>
148
<number of mated-station>
8
<number of workers>
16
<task times>
1 16 8 41 14 43 40 31 33 100000 45 10 100000 32 3 100000 40
2 30 12 84 38 18 13 37 40 86 37 17 8 11 88 75 23
3 7 18 100000 10 17 17 5 4 9 13 3 17 7 19 12 20
4 47 46 141 100000 100000 123 61 33 68 130 100 21 100000 100000 46 7
5 29 75 80 86 16 20 10 84 43 37 40 10 51 66 33 53
6 8 4 10 3 12 3 100000 5 22 18 11 14 9 100000 4 1
7 39 56 115 68 28 76 74 100000 100000 108 61 8 21 100000 112 100000
8 37 100000 49 111 73 110 110 31 80 110 100000 13 5 100000 64 79
9 32 94 19 100000 31 49 3 5 100000 94 83 11 100000 39 100000 33
10 29 27 83 6 41 100000 4 34 27 8 22 60 61 33 26 58
11 17 30 7 25 49 13 50 10 48 40 15 43 5 2 7 50
12 11 17 100000 100000 2 21 28 32 100000 3 29 20 21 3 6 2
13 32 7 57 85 100000 100000 57 2 62 64 92 5 19 27 51 19
14 15 12 30 100000 20 30 16 12 8 5 14 19 100000 37 37 5
15 53 153 23 12 113 137 145 77 101 123 157 131 67 140 112 53
16 53 41 34 105 91 23 75 142 100000 148 154 80 100000 3 56 124
17 8 17 7 100000 4 7 4 9 3 7 23 19 14 15 22 16
18 24 10 40 32 17 37 33 11 65 53 41 17 40 56 19 100000
19 24 39 66 54 100000 17 5 100000 20 46 36 32 66 100000 32 13
20 8 6 4 100000 10 4 10 23 9 8 9 14 4 4 11 15
21 7 19 3 100000 20 7 18 18 6 20 16 8 8 9 5 6
22 8 100000 5 20 8 10 2 4 16 15 5 100000 18 13 7 21
23 14 11 17 31 34 16 36 4 26 6 28 34 8 40 33 38
24 13 100000 20 38 100000 23 37 2 6 29 100000 16 34 35 19 8
25 10 26 25 9 5 18 21 100000 25 29 7 18 27 13 100000 24
26 25 40 21 71 10 24 65 34 59 31 48 65 56 48 100000 60
27 11 100000 7 18 5 14 26 10 11 16 2 14 7 100000 32 30
28 25 6 32 66 45 100000 74 5 22 57 64 65 58 66 100000 39
29 11 4 28 28 21 22 17 32 26 13 4 21 17 5 14 11
30 29 37 20 50 19 53 43 100000 16 44 80 77 35 53 44 9
31 25 100000 56 4 57 57 3 54 61 34 72 21 2 57 75 45
32 10 21 5 4 8 8 28 11 9 14 5 100000 16 14 23 30
33 14 100000 9 10 22 18 100000 22 40 7 9 100000 11 4 39 8
34 41 42 68 113 80 14 45 78 10 100000 55 19 121 11 100000 62
35 42 96 100000 94 64 109 72 84 79 44 125 70 51 76 12 17
36 47 11 12 67 102 100000 4 26 35 33 18 30 100000 89 88 100000
37 7 16 2 100000 18 13 21 9 100000 19 15 3 13 7 2 100000
38 80 149 54 180 226 171 180 49 221 118 228 18 77 23 195 18
39 7 9 4 11 13 5 8 12 19 9 5 7 1 16 3 5
40 41 75 47 38 102 71 63 100 34 49 8 93 2 73 99 86
41 47 5 9 102 84 110 100000 81 140 100000 100000 46 91 98 88 46
42 16 25 100000 31 3 42 15 18 37 100000 48 34 32 100000 39 13
43 32 72 6 40 30 40 24 87 28 33 40 51 30 44 67 19
44 66 92 27 137 100000 139 100000 66 105 62 165 23 155 103 190 147
45 80 85 109 199 116 156 152 85 66 39 100000 85 223 70 61 116
46 7 1 7 5 7 100000 6 100000 13 2 6 16 20 3 100000 14
47 41 39 58 29 123 34 90 13 100000 95 105 75 100000 100000 74 56
48 13 28 15 18 25 16 100000 26 23 9 27 37 100000 6 38 11
49 47 68 32 109 46 5 140 95 100000 100000 138 130 15 79 93 61
50 33 29 75 88 98 77 41 88 19 47 99 100000 100000 59 72 97
51 34 89 34 67 102 58 80 20 100 37 28 20 49 41 47 87
52 11 9 6 11 30 2 28 16 26 27 4 2 100000 26 30 26
53 118 223 100 252 82 29 329 153 216 262 298 209 36 298 121 259
54 25 45 71 59 13 61 53 45 20 58 65 34 59 10 27 40
55 7 100000 100000 12 100000 13 4 9 13 13 1 7 3 18 11 16
56 28 75 57 66 100000 100000 37 58 2 44 57 100000 100000 53 45 76
57 12 18 100000 26 13 100000 22 3 23 27 36 100000 2 15 4 7
58 52 6 137 3 100000 82 46 100000 54 15 10 15 148 99 117 35
59 14 3 26 42 32 38 100000 40 35 20 5 38 25 100000 17 30
60 3 3 3 3 4 100000 2 6 6 3 6 8 3 100000 5 2
61 3 9 8 100000 3 6 7 5 5 6 8 7 6 6 2 2
62 8 9 20 15 22 23 6 100000 11 21 100000 4 4 23 2 21
63 16 30 45 31 27 14 5 13 15 45 23 19 42 11 28 38
64 33 59 29 75 65 100000 62 2 18 34 39 48 67 95 91 15
65 8 21 21 8 10 14 8 21 21 24 21 2 1 13 23 18
66 18 40 21 100000 32 47 19 28 35 30 100000 54 33 18 6 8
67 10 24 9 16 2 4 100000 7 16 10 25 20 16 29 20 19
68 14 3 41 100000 100000 40 3 24 39 24 27 37 100000 29 28 24
69 28 21 17 100000 49 57 17 51 76 15 16 54 45 21 19 42
70 11 32 19 21 32 14 16 13 14 25 13 5 31 100000 12 18
71 118 280 206 100000 213 103 100000 139 206 273 100 117 72 181 47 65
72 25 74 67 56 64 8 55 8 20 67 41 45 7 53 100000 42
73 40 8 41 28 120 71 80 99 38 25 5 18 75 5 24 109
74 40 88 91 75 7 100000 43 39 63 106 14 77 107 116 101 83
75 101 155 100000 261 158 122 231 276 176 209 206 67 122 70 221 218
76 5 4 4 100000 100000 7 100000 10 12 10 3 4 11 9 100000 3
77 28 3 57 100000 62 100000 13 30 54 62 100000 29 25 28 100000 82
78 8 19 10 14 100000 18 10 12 15 7 10 14 15 22 100000 100000
79 111 296 223 164 130 326 81 177 313 263 147 41 200 277 100000 210
80 7 15 9 6 6 2 3 8 9 7 4 100000 21 100000 5 10
81 26 69 3 35 6 100000 31 38 36 78 32 22 51 25 66 63
82 10 29 28 100000 100000 100000 100000 26 7 2 11 6 22 14 19 100000
83 21 41 36 36 3 10 100000 36 48 9 54 7 35 36 48 13
84 26 69 29 63 64 26 16 68 33 17 56 5 63 62 23 17
85 20 46 13 39 100000 23 51 31 59 100000 50 9 17 39 48 100000
86 21 36 54 3 8 29 46 25 41 48 53 6 21 57 34 11
87 47 100000 19 92 46 127 107 37 22 112 100 128 131 53 19 133
88 23 17 54 51 38 32 7 2 49 8 45 22 6 18 8 62
89 13 39 28 16 16 8 29 23 22 8 100000 21 23 23 18 18
90 19 49 2 100000 19 47 19 100000 12 53 100000 11 27 35 44 54
91 115 100000 15 201 331 197 100000 328 100000 128 328 311 29 290 211 125
92 35 76 61 100000 100000 78 101 100000 68 100000 95 81 25 65 27 19
93 26 100000 37 56 54 65 3 67 100000 16 75 26 100000 55 100000 62
94 46 130 116 101 100000 117 64 82 90 49 48 91 65 123 59 89
95 20 41 47 100000 30 5 34 29 51 19 45 32 48 50 58 19
96 31 59 90 22 40 66 50 40 41 82 33 84 53 6 61 100000
97 19 39 55 17 2 40 7 9 11 8 16 47 33 50 56 100000
98 34 54 102 17 97 100000 29 61 63 97 55 11 100000 44 29 38
99 51 107 124 144 130 121 136 133 25 45 100000 59 100000 50 100000 101
100 39 68 89 105 79 100000 107 100000 59 35 105 116 115 100000 52 94
101 30 88 24 21 84 49 83 35 5 84 47 29 55 10 5 30
102 26 36 11 40 3 17 5 13 4 64 100000 72 19 29 43 16
103 13 16 39 17 7 3 100000 26 21 15 18 38 33 13 20 100000
104 45 100000 87 104 51 39 75 89 64 85 77 100000 100000 110 123 96
105 58 77 27 117 105 139 162 167 49 41 141 100000 39 34 129 146
106 28 55 68 61 58 3 54 51 9 69 23 78 60 11 13 17
107 8 16 16 7 17 17 100000 15 1 4 15 11 6 4 100000 8
108 43 20 100000 30 24 106 128 47 15 78 32 19 100000 125 119 100000
109 40 22 2 36 112 39 115 55 101 100000 2 65 99 84 107 30
110 34 35 83 80 62 45 35 84 39 45 73 4 88 85 93 31
111 23 19 100000 53 38 57 68 59 8 68 40 6 60 21 100000 19
112 162 74 258 214 341 100000 100000 103 98 467 229 185 69 171 100000 79
113 11 9 13 13 100000 100000 9 31 29 23 9 3 100000 21 11 32
114 19 14 39 10 40 17 30 56 23 3 4 41 21 5 49 47
115 14 23 14 37 31 36 26 22 23 2 35 9 37 1 39 100000
116 31 5 57 30 70 73 77 66 56 100000 18 51 70 49 100000 71
117 32 14 15 50 44 11 32 73 100000 92 85 78 53 16 83 2
118 26 56 31 10 17 54 16 14 57 100000 26 66 73 15 46 11
119 55 39 158 162 119 75 49 152 100000 63 49 106 134 17 14 100000
120 31 83 88 19 33 19 100000 88 9 4 36 84 92 76 87 53
121 32 72 4 27 96 63 24 95 91 43 17 94 68 25 61 38
122 26 58 53 70 51 40 61 100000 38 48 53 71 34 9 67 64
123 19 36 28 12 40 100000 47 19 30 42 54 100000 39 41 47 40
124 14 18 2 26 8 100000 27 19 32 16 5 37 100000 9 28 11
125 19 54 5 100000 8 20 55 52 21 100000 100000 13 100000 29 53 21
126 48 21 125 121 100000 103 30 4 141 88 121 38 91 71 83 130
127 55 52 155 100000 70 111 155 157 131 100000 100000 52 165 53 67 78
128 8 12 7 17 18 5 3 21 3 10 100000 15 23 10 21 11
129 11 2 25 32 15 30 22 100000 4 28 8 9 3 13 11 100000
130 27 58 23 6 100000 63 60 33 31 74 54 15 11 15 11 100000
131 18 11 16 45 16 42 46 100000 21 54 14 12 26 30 31 39
132 36 40 53 83 108 19 17 52 43 17 16 86 97 107 69 75
133 23 23 45 15 25 66 66 61 100000 49 62 45 53 66 8 14
134 20 25 18 16 21 22 55 100000 30 31 24 39 19 42 100000 8
135 46 100 4 106 93 97 122 100000 49 17 111 72 113 16 65 2
136 64 112 150 30 160 192 33 60 158 100000 139 125 177 171 22 81
137 22 100000 64 30 52 48 54 10 100000 40 9 54 34 61 36 19
138 15 21 14 13 29 16 41 15 10 28 28 17 10 45 41 37
139 34 19 11 100000 100000 90 31 62 100000 23 4 78 6 59 61 66
140 22 64 12 17 46 60 4 47 8 11 30 21 8 39 20 54
141 151 295 191 345 453 100 82 421 254 308 372 150 168 295 313 105
142 148 81 307 227 342 200 100000 209 121 285 444 378 324 293 298 100000
143 64 177 20 18 177 127 5 175 119 167 188 108 139 160 100000 152
144 170 347 72 100000 327 108 21 21 62 500 510 510 495 449 220 113
145 137 304 198 100000 161 259 95 46 382 13 17 169 399 214 100000 100000
146 64 188 93 169 85 100000 97 163 163 123 112 177 146 179 146 131
147 78 206 131 17 100000 100000 100000 45 104 148 38 64 155 100000 3 222
148 78 100000 10 41 234 187 92 145 124 148 27 199 31 118 108 215
<task directions>
1 E
2 E
3 E
4 E
5 E
6 E
7 E
8 E
9 E
10 E
11 E
12 E
13 E
14 E
15 L
16 R
17 E
18 L
19 R
20 E
21 R
22 L
23 L
24 R
25 R
26 R
27 L
28 L
29 E
30 R
31 E
32 L
33 R
34 L
35 R
36 R
37 R
38 R
39 R
40 R
41 R
42 L
43 L
44 L
45 L
46 L
47 L
48 E
49 L
50 E
51 L
52 L
53 L
54 L
55 R
56 E
57 L
58 L
59 E
60 E
61 E
62 E
63 E
64 R
65 E
66 E
67 E
68 E
69 R
70 R
71 R
72 R
73 E
74 E
75 E
76 E
77 E
78 E
79 E
80 E
81 E
82 E
83 E
84 E
85 E
86 E
87 E
88 E
89 E
90 E
91 E
92 E
93 L
94 E
95 E
96 E
97 E
98 E
99 E
100 E
101 E
102 E
103 E
104 E
105 E
106 E
107 E
108 E
109 E
110 E
111 E
112 L
113 L
114 E
115 E
116 E
117 E
118 E
119 E
120 E
121 E
122 E
123 E
124 E
125 E
126 E
127 E
128 L
129 L
130 L
131 L
132 E
133 L
134 R
135 E
136 E
137 L
138 E
139 E
140 E
141 L
142 R
143 L
144 L
145 R
146 R
147 L
148 R
<precedence relations>
1,5
1,6
1,7
1,8
2,3
3,4
3,5
3,6
3,7
4,8
5,14
6,9
7,14
8,10
9,14
10,14
11,12
12,13
14,15
14,16
15,17
16,17
17,18
17,19
18,20
19,20
20,21
20,22
20,23
20,24
21,25
21,26
21,27
21,28
22,25
22,26
22,27
22,28
23,25
23,26
23,27
23,28
24,25
24,26
24,27
24,28
25,29
26,29
27,29
28,29
29,31
31,36
32,34
33,35
34,36
35,36
36,37
37,38
37,45
38,39
39,40
40,41
40,48
40,55
42,43
43,44
45,46
46,47
47,48
47,49
47,55
50,51
51,53
51,69
52,53
54,133
55,54
55,72
55,76
55,87
55,88
56,73
57,79
58,84
58,86
59,75
59,87
61,62
62,63
63,67
64,65
64,71
64,72
65,66
65,99
66,67
67,68
68,95
68,98
69,82
70,71
72,134
73,84
73,86
73,87
73,88
73,96
74,75
75,88
75,97
76,77
77,78
78,79
79,80
80,81
81,106
82,83
82,89
82,143
82,146
84,85
88,111
89,90
90,79
91,105
92,135
95,101
96,104
98,101
99,100
100,101
101,102
101,103
102,127
103,127
105,119
106,107
107,108
108,109
109,110
111,112
112,113
113,114
113,116
113,120
113,123
113,128
114,115
115,125
116,117
117,118
118,126
120,121
121,122
122,126
123,124
124,125
128,129
129,130
130,131
130,137
132,135
133,135
134,135
135,136
138,139
139,140
141,142
142,143
142,146
142,147
142,148
144,145
145,147
145,148
<end>