<number of tasks>
148
<number of mated-station>
9
<number of workers>
18
<task times>
1 16 12 13 7 16 5 14 10 11 1 16 10 9 3 7 9 7 4
2 30 11 9 8 100000 2 7 13 4 7 4 21 27 12 24 7 23 18
3 7 2 1 3 6 100000 7 100000 2 7 2 6 3 100000 4 7 2 3
4 47 3 15 35 47 15 46 9 12 3 17 9 7 10 33 9 27 25
5 29 100000 27 100000 25 27 9 20 23 6 17 24 7 17 5 26 100000 11
6 8 2 4 7 7 7 7 2 6 5 7 6 2 2 4 7 4 6
7 39 35 15 14 15 24 26 100000 12 11 12 28 14 39 33 37 100000 9
8 37 5 26 100000 14 28 29 1 32 100000 20 16 6 21 10 19 28 19
9 32 10 100000 30 12 25 100000 19 21 29 20 29 3 23 27 3 24 6
10 29 20 20 28 100000 100000 3 17 1 23 23 24 26 4 13 16 28 4
11 17 13 13 1 12 15 2 5 11 6 2 5 13 100000 6 9 9 7
12 11 6 6 10 10 4 2 11 3 9 5 9 5 11 3 6 8 10
13 32 26 25 23 7 20 3 17 18 6 6 3 6 27 100000 25 4 4
14 15 11 6 10 3 100000 10 12 10 100000 9 12 14 3 13 1 5 9
15 53 28 16 24 23 45 41 32 52 39 50 21 100000 23 32 10 13 45
16 53 25 30 18 52 18 33 100000 100000 2 46 27 100000 28 100000 39 24 43
17 8 3 3 7 1 6 5 7 3 5 4 1 1 5 6 6 1 1
18 24 5 18 100000 23 19 100000 3 10 6 8 15 23 19 23 4 100000 21
19 24 3 100000 17 14 16 21 21 10 21 100000 6 15 100000 23 13 9 14
20 8 5 7 6 2 2 6 6 1 7 7 6 2 100000 100000 6 1 4
21 7 3 4 3 6 1 7 2 4 4 2 2 5 6 2 6 4 7
22 8 2 7 2 7 6 3 3 6 3 1 4 8 1 100000 100000 2 7
23 14 8 100000 2 8 2 3 4 100000 3 100000 5 13 3 10 3 4 100000
24 13 100000 3 8 13 100000 1 5 2 8 4 3 4 6 9 12 9 3
25 10 4 4 7 8 5 8 8 100000 6 9 5 3 9 4 6 2 6
26 25 14 11 6 9 17 22 9 24 22 24 23 15 23 8 13 24 100000
27 11 8 10 100000 7 10 9 3 11 6 3 7 4 9 2 10 1 9
28 25 4 6 24 7 7 5 10 14 24 2 18 20 9 2 17 12 100000
29 11 5 9 3 100000 9 100000 4 7 9 3 10 8 100000 6 4 4 8
30 29 2 5 100000 6 100000 100000 26 23 23 16 15 23 10 21 100000 18 15
31 25 6 11 9 19 5 18 15 13 21 24 7 14 15 1 7 4 4
32 10 8 5 100000 1 2 3 4 6 6 1 9 5 5 3 2 6 2
33 14 2 6 1 8 8 14 6 6 100000 2 13 6 9 12 100000 13 9
34 41 38 31 27 33 29 9 36 100000 2 26 32 23 13 21 28 28 18
35 42 35 13 11 23 10 9 28 21 15 38 100000 10 14 2 35 33 40
36 47 21 8 39 100000 100000 38 1 8 32 26 4 100000 33 18 20 16 23
37 7 3 5 6 6 100000 5 3 4 2 3 4 1 5 2 1 4 1
38 80 100000 48 13 59 23 30 56 39 78 7 22 18 74 59 28 10 19
39 7 100000 100000 4 3 1 2 1 4 4 1 4 5 4 2 5 4 7
40 41 14 39 25 1 27 15 17 26 7 37 6 14 6 3 9 5 28
41 47 100000 100000 24 4 42 45 29 41 9 5 27 13 100000 30 8 28 25
42 16 7 1 12 4 2 100000 2 8 13 7 1 100000 12 8 15 100000 3
43 32 24 26 15 9 20 19 27 100000 4 27 12 16 27 3 23 2 3
44 66 45 16 13 24 61 42 20 41 66 56 11 100000 24 100000 46 26 30
45 80 59 28 72 68 55 60 75 55 74 56 100000 68 55 17 3 10 78
46 7 2 100000 7 7 6 5 4 100000 3 4 2 3 3 100000 2 100000 2
47 41 29 24 31 38 8 35 17 5 13 100000 19 27 20 3 27 26 9
48 13 4 5 4 10 10 4 7 4 8 1 9 100000 11 100000 5 4 4
49 47 21 42 37 100000 47 28 6 45 36 47 2 25 28 9 28 28 33
50 33 13 10 10 7 7 23 18 100000 14 22 30 29 26 31 9 17 100000
51 34 10 2 24 7 2 100000 25 32 26 34 24 100000 26 13 100000 25 28
52 11 3 2 5 6 4 5 8 1 7 100000 7 4 10 5 9 2 11
53 118 111 52 114 99 100000 54 68 69 49 100000 86 74 71 13 49 38 100000
54 25 7 5 14 100000 100000 21 24 3 22 100000 6 100000 7 20 5 11 11
55 7 5 6 100000 100000 7 1 3 6 1 3 3 1 3 5 4 4 6
56 28 10 11 3 6 11 7 22 6 19 19 2 19 20 4 4 22 27
57 12 8 2 11 8 4 8 3 3 9 4 10 4 7 9 7 3 7
58 52 37 34 14 50 49 37 16 8 100000 13 28 31 100000 100000 41 44 20
59 14 13 13 14 8 100000 12 8 5 12 11 12 3 9 11 4 11 4
60 3 2 2 2 1 2 2 3 100000 1 2 2 3 100000 3 3 100000 2
61 3 100000 2 3 1 2 2 2 100000 2 2 100000 2 1 2 1 2 2
62 8 3 6 2 6 100000 2 2 7 8 7 4 8 2 4 3 5 2
63 16 12 6 9 2 3 15 9 2 2 13 3 14 9 14 12 15 8
64 33 16 14 26 100000 15 24 20 100000 100000 31 23 4 32 4 26 21 24
65 8 3 2 5 4 100000 3 3 7 1 2 2 6 5 5 100000 4 7
66 18 17 12 3 6 100000 17 10 8 1 10 6 18 16 12 15 11 6
67 10 9 2 6 8 8 8 5 2 4 6 1 8 10 100000 9 9 2
68 14 6 7 10 13 9 9 13 12 100000 6 3 4 13 3 12 9 4
69 28 9 13 100000 7 22 27 24 5 20 18 27 14 5 10 23 5 4
70 11 6 6 2 1 3 4 5 11 9 5 2 2 9 100000 8 2 11
71 118 52 93 58 100 19 3 20 100000 76 103 99 26 49 58 67 62 50
72 25 5 24 20 100000 19 17 11 21 1 19 22 100000 17 24 11 100000 2
73 40 40 20 11 33 33 2 29 18 29 10 3 31 29 22 100000 2 15
74 40 35 11 38 17 23 22 10 40 24 15 6 100000 34 20 33 20 23
75 101 10 100000 100000 73 86 19 77 14 42 16 100000 100000 52 101 44 96 25
76 5 3 4 100000 2 2 1 2 2 3 1 2 100000 4 4 5 100000 4
77 28 13 12 7 9 19 20 18 22 20 22 13 2 15 15 24 16 21
78 8 5 6 1 4 3 3 6 5 6 5 1 5 4 6 3 2 6
79 111 11 49 14 76 96 31 81 100000 31 103 19 43 58 43 89 14 55
80 7 100000 4 3 5 4 3 100000 2 3 1 3 6 2 4 6 6 3
81 26 100000 17 24 12 13 100000 100000 9 9 22 18 8 24 23 1 11 26
82 10 4 7 4 3 3 1 10 9 8 2 100000 2 5 8 4 8 2
83 21 18 1 3 15 4 11 9 100000 100000 18 14 9 15 8 7 16 19
84 26 22 8 100000 21 4 14 100000 15 2 9 16 5 100000 24 3 26 17
85 20 6 17 19 12 100000 5 16 5 13 13 11 9 7 19 13 13 5
86 21 2 3 1 8 7 7 7 11 20 100000 17 6 13 100000 20 100000 8
87 47 43 2 21 36 30 29 41 100000 35 7 29 22 38 6 34 100000 32
88 23 100000 2 100000 20 100000 15 23 14 21 100000 100000 7 19 21 5 8 14
89 13 4 8 6 8 11 12 8 7 1 8 2 3 13 9 5 6 11
90 19 17 2 4 9 13 11 18 4 18 15 16 17 13 9 1 10 10
91 115 92 41 91 63 48 100000 71 27 100000 80 100000 6 40 100000 71 16 114
92 35 32 26 2 28 10 12 27 25 26 10 19 32 24 30 16 5 5
93 26 8 16 12 2 3 23 15 18 18 9 100000 6 19 4 3 23 9
94 46 13 26 36 100000 41 44 19 36 36 100000 44 15 45 45 26 23 3
95 20 4 15 16 11 3 100000 10 6 18 5 3 100000 9 16 2 17 13
96 31 100000 18 100000 8 100000 30 13 24 14 25 16 25 6 100000 10 24 19
97 19 100000 11 100000 18 16 17 3 7 2 17 17 13 18 8 14 17 17
98 34 25 15 33 9 100000 19 16 100000 7 23 28 13 100000 27 17 20 34
99 51 44 32 47 51 24 15 22 51 13 38 13 10 33 41 28 3 2
100 39 22 100000 32 19 30 15 36 18 38 8 38 32 10 100000 28 20 19
101 30 14 1 2 29 29 9 100000 8 2 16 6 16 16 13 23 28 2
102 26 22 4 2 15 24 18 25 7 17 3 21 9 100000 25 7 8 25
103 13 9 12 1 100000 8 5 100000 9 2 3 12 100000 6 4 6 5 6
104 45 45 42 41 44 45 33 2 32 19 38 27 24 22 39 40 35 24
105 58 50 37 50 3 37 11 57 100000 52 31 28 27 19 43 58 17 11
106 28 15 6 100000 9 17 21 13 13 15 7 9 2 9 8 12 12 18
107 8 4 2 100000 7 6 5 7 7 1 1 2 4 5 3 1 7 2
108 43 21 38 37 21 12 22 5 39 21 100000 22 14 17 12 25 19 7
109 40 100000 35 13 24 38 29 9 100000 12 100000 29 29 100000 21 26 34 17
110 34 30 6 3 30 10 28 31 21 15 28 9 100000 13 8 31 100000 100000
111 23 13 2 12 23 100000 16 2 15 18 21 14 17 19 16 15 19 100000
112 162 104 143 100000 99 69 59 162 122 57 120 67 78 59 33 78 100000 27
113 11 2 9 10 3 6 10 2 3 4 3 7 5 7 4 5 6 9
114 19 100000 17 8 15 17 19 12 2 2 4 13 16 16 3 17 13 5
115 14 8 2 7 10 13 10 100000 1 9 8 2 11 5 100000 12 11 8
116 31 28 25 4 25 30 25 7 19 30 2 12 5 8 31 17 7 5
117 32 7 12 26 8 5 11 17 22 14 20 11 16 100000 19 9 24 24
118 26 100000 100000 17 21 2 21 4 16 18 2 25 15 21 18 17 14 6
119 55 24 38 11 26 30 44 31 12 30 28 29 35 51 54 54 38 8
120 31 11 100000 14 16 30 29 16 6 9 25 30 22 18 16 31 29 2
121 32 100000 19 19 18 8 7 21 31 4 30 26 27 28 15 24 17 5
122 26 5 11 15 21 23 18 12 25 25 15 21 2 2 11 8 100000 9
123 19 7 13 100000 7 100000 12 3 1 6 17 17 10 10 18 16 12 9
124 14 13 10 12 10 100000 12 4 5 12 7 13 9 12 12 100000 8 100000
125 19 18 100000 4 16 4 11 13 15 18 13 14 16 10 100000 18 100000 10
126 48 20 27 23 44 40 18 31 23 25 28 42 25 37 40 47 17 100000
127 55 2 34 45 100000 12 15 15 100000 46 100000 22 38 45 34 33 9 100000
128 8 7 2 6 5 5 8 100000 5 5 2 5 4 2 100000 2 2 5
129 11 11 2 6 4 4 3 6 11 9 8 9 10 7 1 3 1 4
130 27 100000 24 8 6 26 17 7 10 9 20 26 21 18 6 5 9 15
131 18 6 4 100000 17 3 15 100000 100000 15 17 10 13 13 12 12 11 13
132 36 13 6 4 10 19 36 2 27 35 30 100000 100000 10 7 1 30 13
133 23 13 2 7 2 12 15 8 21 16 15 9 16 8 8 18 14 3
134 20 6 100000 3 18 12 19 12 1 14 6 12 15 16 20 19 6 16
135 46 36 13 23 46 46 21 37 26 26 10 9 10 26 8 8 15 38
136 64 55 26 46 40 51 39 4 34 100000 13 45 48 21 64 14 62 22
137 22 14 14 14 100000 8 100000 17 5 8 100000 5 17 2 100000 14 20 12
138 15 10 8 6 5 8 2 9 11 5 12 1 3 11 15 7 3 8
139 34 4 100000 13 100000 100000 2 22 100000 7 33 100000 30 15 31 28 12 6
140 22 13 19 100000 18 8 19 19 100000 20 9 100000 18 9 17 15 21 11
141 151 124 21 139 99 106 76 135 15 31 43 112 15 103 144 100000 22 145
142 148 83 135 114 88 83 19 14 145 100000 127 132 58 52 42 100000 124 122
143 64 100000 100000 23 63 40 31 33 26 60 100000 57 27 48 35 17 20 35
144 170 42 80 170 91 16 45 106 100000 158 86 116 70 20 31 100000 129 70
145 137 19 87 99 6 13 102 16 45 100000 126 103 47 61 45 95 2 106
146 64 33 39 55 100000 48 21 37 21 24 13 58 48 40 100000 48 100000 30
147 78 2 13 23 100000 70 69 16 54 42 7 100000 51 70 100000 40 70 13
148 78 39 26 78 16 49 50 56 5 60 36 69 55 56 6 51 50 36
<task directions>
1 E
2 E
3 E
4 E
5 E
6 E
7 E
8 E
9 E
10 E
11 E
12 E
13 E
14 E
15 L
16 R
17 E
18 L
19 R
20 E
21 R
22 L
23 L
24 R
25 R
26 R
27 L
28 L
29 E
30 R
31 E
32 L
33 R
34 L
35 R
36 R
37 R
38 R
39 R
40 R
41 R
42 L
43 L
44 L
45 L
46 L
47 L
48 E
49 L
50 E
51 L
52 L
53 L
54 L
55 R
56 E
57 L
58 L
59 E
60 E
61 E
62 E
63 E
64 R
65 E
66 E
67 E
68 E
69 R
70 R
71 R
72 R
73 E
74 E
75 E
76 E
77 E
78 E
79 E
80 E
81 E
82 E
83 E
84 E
85 E
86 E
87 E
88 E
89 E
90 E
91 E
92 E
93 L
94 E
95 E
96 E
97 E
98 E
99 E
100 E
101 E
102 E
103 E
104 E
105 E
106 E
107 E
108 E
109 E
110 E
111 E
112 L
113 L
114 E
115 E
116 E
117 E
118 E
119 E
120 E
121 E
122 E
123 E
124 E
125 E
126 E
127 E
128 L
129 L
130 L
131 L
132 E
133 L
134 R
135 E
136 E
137 L
138 E
139 E
140 E
141 L
142 R
143 L
144 L
145 R
146 R
147 L
148 R
<precedence relations>
1,5
1,6
1,7
1,8
2,3
3,4
3,5
3,6
3,7
4,8
5,14
6,9
7,14
8,10
9,14
10,14
11,12
12,13
14,15
14,16
15,17
16,17
17,18
17,19
18,20
19,20
20,21
20,22
20,23
20,24
21,25
21,26
21,27
21,28
22,25
22,26
22,27
22,28
23,25
23,26
23,27
23,28
24,25
24,26
24,27
24,28
25,29
26,29
27,29
28,29
29,31
31,36
32,34
33,35
34,36
35,36
36,37
37,38
37,45
38,39
39,40
40,41
40,48
40,55
42,43
43,44
45,46
46,47
47,48
47,49
47,55
50,51
51,53
51,69
52,53
54,133
55,54
55,72
55,76
55,87
55,88
56,73
57,79
58,84
58,86
59,75
59,87
61,62
62,63
63,67
64,65
64,71
64,72
65,66
65,99
66,67
67,68
68,95
68,98
69,82
70,71
72,134
73,84
73,86
73,87
73,88
73,96
74,75
75,88
75,97
76,77
77,78
78,79
79,80
80,81
81,106
82,83
82,89
82,143
82,146
84,85
88,111
89,90
90,79
91,105
92,135
95,101
96,104
98,101
99,100
100,101
101,102
101,103
102,127
103,127
105,119
106,107
107,108
108,109
109,110
111,112
112,113
113,114
113,116
113,120
113,123
113,128
114,115
115,125
116,117
117,118
118,126
120,121
121,122
122,126
123,124
124,125
128,129
129,130
130,131
130,137
132,135
133,135
134,135
135,136
138,139
139,140
141,142
142,143
142,146
142,147
142,148
144,145
145,147
145,148
<end>