<number of tasks>
148
<number of mated-station>
9
<number of workers>
18
<task times>
1 16 13 1 14 100000 21 100000 24 16 33 30 8 17 100000 2 9 46 39
2 30 45 27 46 10 51 100000 30 11 3 25 9 72 53 86 82 75 70
3 7 14 2 6 100000 9 11 14 18 10 12 14 18 16 9 100000 14 11
4 47 7 89 32 72 75 88 92 47 37 123 74 49 98 70 11 40 120
5 29 64 18 6 87 66 4 100000 37 76 29 2 30 45 100000 55 9 43
6 8 10 12 8 18 21 23 21 22 11 10 4 9 1 6 14 7 10
7 39 27 7 58 102 17 21 102 50 91 69 100 100000 36 100 61 52 38
8 37 33 3 29 40 100000 97 56 13 32 23 100 109 102 62 42 100000 102
9 32 59 56 87 39 32 54 74 43 19 8 15 51 56 68 78 22 80
10 29 100000 52 60 4 85 10 36 32 30 74 83 79 100000 44 19 66 42
11 17 44 14 45 50 34 9 46 35 18 100000 46 26 37 47 17 32 22
12 11 25 15 13 21 4 22 29 25 5 15 1 100000 25 33 21 32 29
13 32 50 56 34 49 38 45 25 26 67 27 21 14 32 2 72 100000 11
14 15 100000 7 5 20 26 16 27 19 28 23 27 31 27 29 100000 35 30
15 53 159 99 124 33 18 20 41 132 88 47 101 56 123 142 91 69 134
16 53 138 100000 29 138 4 140 153 66 14 104 93 15 39 91 134 124 77
17 8 100000 15 21 2 8 7 13 100000 21 100000 5 24 5 12 2 11 7
18 24 64 61 100000 24 5 5 71 65 12 9 35 71 61 5 19 61 53
19 24 64 45 26 6 38 19 59 29 10 68 63 100000 100000 57 27 67 53
20 8 15 10 1 6 3 11 24 17 7 17 11 9 100000 18 1 12 5
21 7 15 14 15 13 100000 3 2 100000 9 14 20 12 15 4 20 6 4
22 8 8 7 18 8 20 20 23 24 15 9 23 3 9 18 20 6 8
23 14 17 37 32 39 17 3 40 2 1 3 34 11 6 36 12 40 15
24 13 21 20 9 35 25 7 9 24 20 23 100000 7 100000 24 19 23 9
25 10 5 13 9 15 19 22 19 5 4 5 100000 19 21 100000 28 100000 18
26 25 35 10 52 8 39 56 71 100000 13 47 39 51 30 39 9 100000 25
27 11 20 33 17 13 16 17 4 23 100000 24 16 31 14 16 31 28 100000
28 25 31 22 19 40 26 55 45 46 62 4 2 52 100000 67 34 19 58
29 11 15 100000 13 28 12 26 2 2 7 31 12 16 26 5 5 10 22
30 29 49 71 44 79 35 84 77 51 67 36 64 100000 20 36 100000 78 74
31 25 74 53 68 46 46 62 73 67 10 54 100000 67 15 33 47 62 28
32 10 6 29 17 100000 8 2 5 16 29 27 17 26 100000 100000 29 14 13
33 14 18 100000 2 19 17 100000 7 22 3 37 3 16 19 14 100000 26 27
34 41 46 55 100000 57 69 100000 100000 122 10 66 117 63 79 71 25 100000 74
35 42 66 87 75 27 102 100000 70 115 100000 50 74 44 111 21 100000 62 94
36 47 100000 16 68 100000 37 46 64 14 89 61 8 28 53 40 75 85 74
37 7 19 14 100000 20 6 12 11 3 6 10 15 15 10 11 13 18 2
38 80 82 123 100000 132 46 142 39 123 106 142 221 132 100000 100000 61 221 166
39 7 2 14 20 2 15 100000 5 9 17 2 12 17 6 100000 8 12 3
40 41 44 89 80 44 16 114 50 82 60 61 84 67 13 67 16 57 100000
41 47 100000 51 100000 110 102 25 100000 67 119 119 92 18 7 98 117 40 100000
42 16 17 100000 22 32 10 31 100000 36 2 23 12 100000 40 38 48 17 40
43 32 88 84 43 87 63 81 22 57 80 100000 70 68 11 48 10 52 25
44 66 119 7 100000 186 92 192 111 23 196 31 194 23 117 178 131 3 38
45 80 100000 195 156 30 100000 121 125 70 58 44 223 85 37 61 228 214 118
46 7 100000 3 7 100000 19 13 5 14 100000 16 11 6 21 11 21 5 100000
47 41 100 69 97 105 53 41 51 67 100000 29 100000 100000 116 106 74 45 60
48 13 23 6 14 12 30 35 20 29 16 16 17 100000 100000 39 9 37 32
49 47 79 8 134 106 72 107 14 19 120 28 110 72 112 18 82 138 93
50 33 33 9 75 62 2 89 61 65 27 99 45 57 14 100000 44 3 32
51 34 54 15 89 94 86 42 49 100 26 75 66 26 39 38 86 48 29
52 11 8 27 2 27 17 18 15 24 16 3 22 20 3 3 100000 13 100000
53 118 234 43 100000 234 273 216 174 8 135 199 79 248 40 40 100000 163 68
54 25 53 54 100000 69 14 67 100000 51 36 17 2 4 2 57 7 40 14
55 7 100000 15 16 5 9 5 17 5 2 7 3 15 2 15 19 19 14
56 28 52 48 79 16 43 37 13 10 52 62 51 52 57 66 100000 100000 17
57 12 23 21 23 14 17 10 4 100000 33 6 30 34 34 30 27 29 2
58 52 139 32 154 113 97 32 7 68 133 52 12 74 63 103 61 85 141
59 14 26 40 100000 2 22 12 9 100000 37 22 42 100000 9 22 17 14 100000
60 3 2 6 1 3 4 6 4 1 8 6 4 5 2 7 4 100000 6
61 3 9 9 4 8 100000 5 5 6 6 3 6 3 100000 6 5 7 1
62 8 3 22 16 22 8 8 17 2 8 12 2 10 15 21 10 21 7
63 16 100000 100000 100000 37 47 45 100000 27 30 9 37 32 5 40 4 7 48
64 33 69 21 96 91 10 61 75 36 95 31 75 71 23 30 90 68 80
65 8 23 3 23 3 16 3 100000 11 8 7 5 10 2 23 4 22 10
66 18 24 25 47 28 2 46 2 16 44 38 38 47 35 10 8 12 42
67 10 3 24 5 100000 2 18 19 12 13 1 14 24 16 13 5 27 11
68 14 5 41 31 4 41 9 22 24 29 22 21 3 9 28 24 30 26
69 28 67 9 100000 43 70 72 39 77 8 55 44 100000 43 72 27 21 39
70 11 24 25 15 13 4 14 19 31 9 28 16 21 15 20 14 24 19
71 118 266 252 280 241 298 100000 93 202 220 185 241 100000 276 326 227 86 213
72 25 100000 32 53 61 48 100000 59 65 26 100000 66 34 28 68 38 74 29
73 40 99 33 56 21 47 120 2 65 82 118 9 55 113 91 81 114 16
74 40 61 68 105 82 58 25 18 93 16 116 90 87 100000 110 102 25 22
75 101 77 215 149 95 101 161 273 179 270 70 285 100000 131 152 291 100000 46
76 5 5 13 14 13 13 100000 4 6 11 1 5 4 9 14 8 5 5
77 28 12 12 74 45 22 10 53 65 50 2 27 60 56 18 23 33 8
78 8 5 13 19 20 18 100000 12 100000 100000 20 23 2 12 4 7 12 20
79 111 51 31 303 306 204 124 54 223 263 84 18 100000 117 154 100000 253 117
80 7 100000 15 100000 10 12 100000 2 18 15 7 1 9 3 2 9 14 8
81 26 100000 50 6 14 66 43 100000 69 36 61 54 60 53 56 11 36 68
82 10 22 19 27 10 18 2 16 20 22 7 3 8 18 22 19 17 19
83 21 44 55 62 63 57 30 46 27 63 10 39 23 23 4 59 100000 47
84 26 52 4 3 78 100000 36 16 100000 46 8 39 14 60 29 21 69 13
85 20 36 18 31 9 6 100000 35 58 20 3 15 40 16 52 39 3 100000
86 21 36 30 46 25 54 26 100000 33 18 18 13 33 100000 56 61 100000 54
87 47 100000 140 43 33 56 35 110 57 100000 121 15 128 131 100000 12 71 119
88 23 29 61 19 51 61 100000 34 47 6 66 51 5 64 51 66 34 27
89 13 27 24 33 32 26 12 23 9 35 100000 12 100000 32 11 36 15 100000
90 19 54 100000 23 45 4 37 28 27 41 24 56 5 41 44 10 9 15
91 115 87 293 262 242 100000 100000 149 249 101 100000 80 53 94 84 94 100000 100000
92 35 45 54 93 74 47 21 52 103 17 73 85 74 54 45 100000 30 35
93 26 22 22 6 50 21 73 39 40 64 100000 20 13 13 32 25 78 53
94 46 49 24 82 109 56 90 54 124 108 87 97 6 57 54 68 35 96
95 20 16 52 19 45 26 2 100000 26 47 3 38 13 40 13 23 15 2
96 31 100000 5 86 57 20 35 18 30 81 18 3 6 57 40 53 53 41
97 19 50 16 2 4 14 17 6 3 100000 30 31 3 28 42 35 39 11
98 34 48 100000 42 48 72 6 50 84 84 38 31 19 53 60 99 85 55
99 51 150 80 110 100 124 113 130 126 63 104 56 3 100000 135 100000 100000 51
100 39 2 39 22 60 7 75 53 115 60 97 100000 16 100000 54 108 75 44
101 30 8 90 85 78 56 100000 61 34 47 49 41 100000 9 48 27 44 86
102 26 11 26 18 29 6 100000 30 56 10 73 42 16 51 57 40 21 46
103 13 21 27 5 18 35 29 14 28 33 34 35 8 37 23 7 39 36
104 45 100000 9 44 45 72 81 110 99 132 99 69 57 47 12 103 100000 12
105 58 100000 127 15 100000 115 100000 169 91 3 22 100000 34 15 100000 171 39 103
106 28 6 78 100000 6 100000 12 26 34 56 67 65 57 72 77 43 52 80
107 8 8 100000 15 16 100000 21 1 20 15 21 100000 1 15 1 7 15 3
108 43 120 125 19 84 15 82 57 77 56 48 5 111 46 105 88 37 57
109 40 9 37 119 96 100000 105 102 76 2 6 113 100000 100000 53 100000 20 11
110 34 73 90 15 71 95 32 10 8 90 9 94 67 100000 40 100000 91 4
111 23 23 13 62 23 100000 47 25 23 100000 53 100000 23 40 100000 13 23 44
112 162 447 20 74 399 433 132 234 214 214 117 408 350 100000 151 379 16 93
113 11 21 100000 27 22 27 13 16 13 5 11 11 16 8 20 19 13 11
114 19 45 10 100000 2 44 40 42 28 2 26 52 39 52 26 34 26 7
115 14 35 8 29 100000 40 37 10 22 29 6 13 19 13 25 100000 40 37
116 31 14 79 66 93 24 69 16 31 88 17 46 31 77 21 10 56 100000
117 32 40 100000 54 6 67 71 24 36 42 58 38 63 27 68 100000 62 100000
118 26 62 13 51 16 70 9 31 55 48 71 70 35 69 100000 35 74 77
119 55 14 76 109 147 8 70 22 114 26 99 94 100000 40 131 140 17 68
120 31 49 66 91 28 7 65 57 93 28 27 48 63 58 40 92 16 90
121 32 14 71 31 91 12 81 24 66 28 25 25 49 41 100000 87 87 43
122 26 16 38 64 44 76 47 13 7 13 100000 75 50 100000 71 9 9 27
123 19 100000 12 43 36 100000 35 8 57 43 25 40 11 100000 100000 25 30 54
124 14 10 24 35 15 15 20 11 18 22 100000 20 12 5 41 35 8 34
125 19 4 100000 49 4 36 100000 57 8 8 46 55 56 100000 7 32 55 32
126 48 18 73 61 133 83 60 134 140 51 100000 138 84 114 110 105 100000 144
127 55 17 163 150 9 19 93 144 165 65 135 67 49 12 108 86 37 98
128 8 16 18 6 14 100000 2 12 100000 16 5 18 11 100000 15 24 3 8
129 11 9 13 33 20 23 19 15 14 6 32 22 5 19 100000 6 28 32
130 27 27 14 10 54 16 23 39 8 100000 59 65 79 61 12 54 19 33
131 18 38 41 53 11 23 52 47 42 30 14 100000 15 37 2 52 42 51
132 36 79 98 37 3 38 100000 71 76 108 47 107 50 10 34 108 15 19
133 23 10 53 26 100000 2 25 100000 64 8 58 61 34 41 2 23 2 38
134 20 10 29 43 23 15 16 29 31 100000 31 57 36 3 49 42 46 38
135 46 57 100000 120 119 43 100000 102 100000 31 17 98 100000 72 100000 100000 138 72
136 64 62 91 100000 169 79 100 100000 33 171 129 112 39 146 7 148 186 104
137 22 100000 100000 13 58 50 48 12 32 37 100000 100000 54 32 27 100000 47 55
138 15 18 26 4 18 11 11 25 100000 39 7 9 25 34 3 100000 33 9
139 34 17 21 85 31 43 68 97 38 90 55 24 46 5 70 89 92 56
140 22 61 47 52 20 45 41 46 59 64 52 39 42 37 32 56 43 58
141 151 340 168 73 69 100000 322 209 87 186 358 213 100000 128 394 381 73 82
142 148 395 156 254 404 316 271 125 258 100000 231 50 121 125 404 174 324 386
143 64 100000 179 158 47 158 121 112 56 110 18 85 18 97 184 192 54 39
144 170 352 100000 144 215 459 179 47 37 439 367 311 210 210 100000 230 100000 510
145 137 100000 13 317 358 54 214 218 239 210 42 268 91 63 34 374 100000 280
146 64 123 100000 53 190 11 3 106 64 79 139 45 95 158 116 184 58 116
147 78 100000 50 111 100000 100000 199 190 187 169 48 36 100000 155 148 100000 148 162
148 78 13 180 206 157 183 194 27 90 92 178 157 113 15 220 100000 194 101
<task directions>
1 E
2 E
3 E
4 E
5 E
6 E
7 E
8 E
9 E
10 E
11 E
12 E
13 E
14 E
15 L
16 R
17 E
18 L
19 R
20 E
21 R
22 L
23 L
24 R
25 R
26 R
27 L
28 L
29 E
30 R
31 E
32 L
33 R
34 L
35 R
36 R
37 R
38 R
39 R
40 R
41 R
42 L
43 L
44 L
45 L
46 L
47 L
48 E
49 L
50 E
51 L
52 L
53 L
54 L
55 R
56 E
57 L
58 L
59 E
60 E
61 E
62 E
63 E
64 R
65 E
66 E
67 E
68 E
69 R
70 R
71 R
72 R
73 E
74 E
75 E
76 E
77 E
78 E
79 E
80 E
81 E
82 E
83 E
84 E
85 E
86 E
87 E
88 E
89 E
90 E
91 E
92 E
93 L
94 E
95 E
96 E
97 E
98 E
99 E
100 E
101 E
102 E
103 E
104 E
105 E
106 E
107 E
108 E
109 E
110 E
111 E
112 L
113 L
114 E
115 E
116 E
117 E
118 E
119 E
120 E
121 E
122 E
123 E
124 E
125 E
126 E
127 E
128 L
129 L
130 L
131 L
132 E
133 L
134 R
135 E
136 E
137 L
138 E
139 E
140 E
141 L
142 R
143 L
144 L
145 R
146 R
147 L
148 R
<precedence relations>
1,5
1,6
1,7
1,8
2,3
3,4
3,5
3,6
3,7
4,8
5,14
6,9
7,14
8,10
9,14
10,14
11,12
12,13
14,15
14,16
15,17
16,17
17,18
17,19
18,20
19,20
20,21
20,22
20,23
20,24
21,25
21,26
21,27
21,28
22,25
22,26
22,27
22,28
23,25
23,26
23,27
23,28
24,25
24,26
24,27
24,28
25,29
26,29
27,29
28,29
29,31
31,36
32,34
33,35
34,36
35,36
36,37
37,38
37,45
38,39
39,40
40,41
40,48
40,55
42,43
43,44
45,46
46,47
47,48
47,49
47,55
50,51
51,53
51,69
52,53
54,133
55,54
55,72
55,76
55,87
55,88
56,73
57,79
58,84
58,86
59,75
59,87
61,62
62,63
63,67
64,65
64,71
64,72
65,66
65,99
66,67
67,68
68,95
68,98
69,82
70,71
72,134
73,84
73,86
73,87
73,88
73,96
74,75
75,88
75,97
76,77
77,78
78,79
79,80
80,81
81,106
82,83
82,89
82,143
82,146
84,85
88,111
89,90
90,79
91,105
92,135
95,101
96,104
98,101
99,100
100,101
101,102
101,103
102,127
103,127
105,119
106,107
107,108
108,109
109,110
111,112
112,113
113,114
113,116
113,120
113,123
113,128
114,115
115,125
116,117
117,118
118,126
120,121
121,122
122,126
123,124
124,125
128,129
129,130
130,131
130,137
132,135
133,135
134,135
135,136
138,139
139,140
141,142
142,143
142,146
142,147
142,148
144,145
145,147
145,148
<end>