<number of tasks>
148
<number of mated-station>
12
<number of workers>
24
<task times>
1 16 17 100000 4 9 21 42 22 32 26 100000 12 100000 29 11 47 4 30 3 17 100000 45 34 5
2 30 7 100000 82 13 63 47 35 67 100000 35 63 50 100000 86 100000 86 29 100000 24 78 36 17 70
3 7 4 15 1 12 100000 100000 15 8 16 100000 17 9 18 100000 19 21 100000 13 8 14 10 19 11
4 47 28 100000 49 100000 77 114 109 100000 37 84 88 36 21 77 82 61 42 5 61 7 106 117 61
5 29 21 100000 39 18 68 16 100000 100000 19 100000 35 12 74 73 58 51 100000 67 28 73 4 47 19
6 8 9 100000 100000 15 2 14 12 16 23 10 8 100000 16 17 20 13 3 9 14 7 8 100000 100000
7 39 25 66 100000 3 25 29 75 100000 100000 83 100000 89 95 22 85 4 100000 110 8 100000 58 100000 100000
8 37 70 110 25 100000 101 62 81 73 85 100000 66 24 100000 100000 20 100000 47 42 65 100000 86 102 100000
9 32 11 48 6 29 100000 44 28 84 23 83 100000 100000 49 61 71 20 76 74 7 88 83 11 100000
10 29 100000 11 17 5 10 100000 58 12 5 49 19 100000 100000 15 79 76 82 84 100000 100000 29 100000 50
11 17 30 42 27 29 100000 46 39 25 100000 48 17 100000 37 39 22 9 100000 100000 31 28 100000 100000 31
12 11 100000 3 25 100000 27 4 100000 6 25 3 28 13 100000 18 13 100000 25 2 100000 19 17 100000 2
13 32 72 40 10 61 100000 86 59 68 7 11 34 4 12 100000 15 7 30 100000 100000 24 30 50 21
14 15 34 41 44 30 35 100000 7 34 19 1 40 100000 25 16 33 100000 100000 36 21 40 39 100000 14
15 53 107 132 150 105 37 12 100000 99 100000 86 25 100000 101 104 31 56 143 52 140 82 110 44 36
16 53 61 93 99 150 120 22 100000 142 6 100000 75 94 14 28 127 123 100000 101 100000 10 146 104 126
17 8 17 9 13 100000 15 14 13 15 6 5 100000 4 4 100000 22 11 100000 2 6 21 22 13 12
18 24 4 2 30 49 100000 100000 37 7 38 7 64 100000 26 63 100000 59 72 64 100000 68 10 100000 14
19 24 63 12 61 5 27 18 71 7 100000 58 12 53 100000 15 39 20 36 17 2 100000 12 28 46
20 8 1 100000 5 17 20 100000 7 4 100000 23 13 3 21 100000 5 8 7 4 16 22 2 2 13
21 7 7 100000 21 14 13 15 100000 10 10 100000 3 21 5 14 100000 100000 3 5 8 11 1 10 3
22 8 24 2 15 14 14 100000 7 19 19 100000 100000 7 13 100000 4 16 100000 9 6 11 20 100000 22
23 14 28 33 6 17 100000 20 17 33 100000 6 12 100000 17 3 32 40 35 12 17 100000 31 12 9
24 13 7 36 100000 28 6 11 33 23 19 32 100000 17 14 100000 100000 16 27 2 15 16 32 100000 39
25 10 5 11 100000 23 14 19 100000 100000 100000 24 5 30 28 17 11 23 2 100000 3 11 100000 10 19
26 25 57 36 100000 28 100000 71 2 59 42 17 4 45 25 100000 33 100000 51 24 100000 71 100000 40 100000
27 11 9 100000 21 18 12 9 32 16 100000 15 29 100000 13 30 16 100000 10 2 2 1 17 29 30
28 25 12 33 100000 71 21 100000 64 68 11 100000 40 64 100000 59 59 44 13 8 43 37 100000 100000 22
29 11 12 21 22 30 23 31 11 100000 18 27 12 100000 6 19 17 24 100000 17 7 11 100000 100000 100000
30 29 23 3 84 100000 16 21 100000 2 17 80 29 62 85 41 65 49 69 38 86 71 83 2 87
31 25 65 3 19 100000 70 9 32 19 72 20 42 44 30 8 52 100000 59 22 100000 8 17 65 15
32 10 27 8 100000 11 8 3 8 14 100000 24 6 30 30 22 100000 29 10 100000 2 23 20 22 8
33 14 11 29 6 20 35 100000 27 31 16 100000 100000 35 31 27 25 2 34 6 25 13 100000 4 16
34 41 100000 121 100000 107 34 90 55 23 22 100000 100000 79 61 108 122 93 94 47 7 111 100 51 8
35 42 31 126 100000 95 41 82 34 36 75 125 101 16 69 36 74 91 7 10 100000 125 34 112 71
36 47 124 92 126 96 77 5 74 11 29 18 113 95 86 71 64 75 100000 46 32 82 130 105 100000
37 7 9 19 18 5 8 8 100000 5 15 12 9 17 8 4 100000 18 18 14 15 17 100000 100000 100000
38 80 20 111 6 195 175 100000 13 197 73 89 54 156 197 106 100000 183 233 56 73 226 13 221 100000
39 7 7 9 4 12 100000 9 16 9 13 11 13 10 10 21 9 18 17 14 16 3 12 17 17
40 41 21 99 100000 82 86 118 114 2 113 100000 100 100000 60 97 62 100000 100000 44 113 73 77 5 93
41 47 100000 100000 18 140 119 86 28 29 100000 100000 137 100000 86 93 79 88 134 123 65 100000 49 53 126
42 16 18 17 18 100000 20 42 33 30 22 46 7 16 36 46 40 36 34 41 100000 35 25 47 48
43 32 18 100000 31 76 100000 52 20 49 100000 100000 15 60 11 100000 84 46 74 68 31 18 84 81 71
44 66 145 98 86 149 109 100000 100000 105 94 100000 100000 100000 84 196 82 121 90 155 100000 111 129 38 157
45 80 46 20 230 99 100000 140 44 135 101 23 27 15 202 27 100000 197 223 100000 34 173 20 100000 99
46 7 12 100000 9 100000 18 20 8 19 8 17 4 5 2 16 13 1 14 100000 2 4 3 3 10
47 41 61 13 123 100000 33 23 64 118 100000 38 103 67 36 85 66 24 97 62 110 97 106 67 123
48 13 34 39 33 38 100000 15 15 24 28 36 12 29 36 37 36 100000 3 34 25 100000 27 100000 36
49 47 102 100000 40 68 127 61 60 7 100000 70 49 35 85 130 75 2 100000 103 123 127 68 5 58
50 33 47 53 19 85 26 68 26 92 92 67 52 62 52 100000 100000 100000 63 3 71 9 15 57 7
51 34 89 24 20 19 22 61 102 100000 73 27 60 50 100000 2 96 100000 55 64 77 100000 11 94 10
52 11 7 16 18 22 30 20 4 100000 31 25 22 33 100000 24 4 100000 32 14 21 13 27 17 32
53 118 19 248 40 276 72 100000 93 149 40 178 298 107 248 93 100000 227 336 354 75 298 65 170 315
54 25 59 53 17 64 65 8 49 64 37 20 56 27 39 50 13 12 26 62 39 18 29 100000 52
55 7 10 13 5 2 13 16 100000 100000 15 100000 15 11 10 7 4 100000 1 3 11 18 18 18 8
56 28 14 51 48 77 5 100000 49 73 80 77 67 5 74 77 4 57 69 61 4 4 13 47 40
57 12 20 3 7 35 14 13 35 5 100000 26 9 14 29 100000 1 20 6 21 16 7 18 18 13
58 52 52 125 49 26 99 100000 100000 41 145 6 127 46 100000 68 127 15 100000 34 96 100000 91 52 49
59 14 100000 6 23 11 6 35 22 100000 22 41 31 100000 31 100000 19 100000 25 2 3 100000 8 40 26
60 3 100000 6 3 8 2 2 3 3 4 8 3 1 5 1 3 8 3 100000 2 100000 5 6 100000
61 3 2 6 100000 3 100000 100000 100000 8 7 5 2 5 3 1 100000 3 6 100000 5 4 100000 3 5
62 8 4 5 24 22 100000 20 12 18 15 22 21 4 5 100000 7 13 5 16 18 100000 23 21 22
63 16 25 100000 47 21 34 48 6 34 23 8 26 48 30 13 4 37 24 28 34 37 20 45 40
64 33 31 35 87 50 53 93 60 66 55 13 100000 37 96 72 100000 44 73 18 100000 67 59 23 100000
65 8 100000 23 20 100000 13 12 19 3 100000 14 100000 100000 17 18 21 13 2 11 14 10 4 13 100000
66 18 49 34 27 100000 43 24 7 40 100000 49 8 28 46 37 35 51 100000 46 6 25 46 11 4
67 10 100000 6 15 17 17 13 100000 29 100000 100000 1 5 13 100000 100000 9 11 14 17 8 100000 19 27
68 14 6 8 20 40 21 12 22 3 4 19 16 8 12 33 12 27 1 38 21 15 15 25 18
69 28 51 74 20 100000 14 13 30 78 62 18 100000 75 6 77 69 100000 100000 79 100000 100000 3 58 3
70 11 21 100000 33 30 5 7 21 21 4 26 5 100000 18 13 16 12 16 32 23 8 5 21 4
71 118 29 181 220 100000 100000 100000 100000 234 153 336 89 100000 100000 36 283 100000 329 308 100000 86 65 174 252
72 25 34 100000 38 45 13 46 100000 20 51 100000 49 21 57 62 100000 100000 25 70 55 5 66 69 8
73 40 100000 100000 105 89 24 88 100000 55 76 30 100000 83 40 5 43 102 100000 2 115 110 13 100000 41
74 40 100000 43 85 100000 100000 118 25 20 8 66 97 84 33 21 100000 43 84 57 6 69 87 87 78
75 101 104 34 149 300 185 270 252 249 100000 267 100000 255 116 252 143 107 100000 200 19 203 100000 122 264
76 5 3 12 13 100000 6 6 100000 3 13 100000 12 8 100000 7 4 5 3 6 100000 100000 1 5 100000
77 28 52 100000 23 60 18 100000 52 14 8 59 84 62 18 30 100000 100000 26 19 100000 100000 72 45 78
78 8 100000 100000 100000 13 24 12 7 100000 100000 10 11 4 6 100000 15 12 23 15 100000 16 21 20 7
79 111 100000 100000 100000 100000 137 147 77 160 81 107 84 100000 100000 100000 260 330 240 310 154 140 303 250 94
80 7 17 9 5 13 8 100000 12 18 11 20 100000 8 7 9 100000 100000 16 1 20 10 5 17 16
81 26 60 10 3 21 11 62 53 37 100000 33 46 30 26 3 39 73 52 66 100000 27 13 26 32
82 10 5 5 28 12 11 28 27 3 100000 28 25 28 18 27 7 17 22 7 23 15 21 7 7
83 21 13 57 30 16 8 48 53 33 44 59 7 100000 29 22 100000 46 4 100000 8 6 40 10 34
84 26 61 19 74 21 20 15 23 100000 52 29 46 100000 72 54 27 6 69 33 100000 7 48 75 9
85 20 2 5 45 32 100000 56 100000 12 31 9 28 37 49 21 28 100000 100000 5 100000 53 25 100000 56
86 21 49 100000 41 36 100000 100000 52 11 10 43 49 27 100000 100000 31 23 61 100000 100000 33 28 100000 100000
87 47 119 123 127 100000 109 50 58 7 99 105 123 116 117 61 18 79 100000 121 95 51 61 88 100000
88 23 19 40 53 16 57 100000 100000 30 100000 47 28 23 100000 45 100000 35 100000 11 62 8 2 100000 8
89 13 8 14 39 30 15 19 20 8 36 20 100000 25 5 12 9 9 18 100000 11 100000 100000 100000 100000
90 19 11 100000 51 16 100000 54 100000 100000 19 36 100000 50 44 2 47 100000 22 34 45 17 8 3 45
91 115 249 183 276 100000 35 190 100000 59 283 100000 100000 142 194 8 170 128 163 300 115 262 8 32 111
92 35 99 101 5 78 68 8 79 73 42 52 69 83 100000 9 100000 74 83 54 27 100000 50 39 31
93 26 40 70 60 20 75 60 100000 4 73 23 53 100000 50 34 22 100000 59 50 100000 63 100000 58 70
94 46 53 101 120 33 131 108 100000 117 100000 48 34 68 120 101 16 100000 59 94 8 127 100000 64 30
95 20 52 100000 59 100000 10 22 100000 46 19 18 16 41 19 15 32 55 55 100000 48 2 59 3 100000
96 31 81 33 64 62 41 65 79 31 43 12 100000 16 31 63 19 32 12 16 72 82 29 71 18
97 19 37 100000 51 37 32 40 53 100000 26 27 5 11 54 3 44 100000 100000 100000 100000 20 31 47 15
98 34 100000 60 60 102 100000 30 8 100000 63 9 100000 100000 100000 62 100000 100000 41 28 100000 100000 15 9 28
99 51 6 100000 30 120 24 104 104 100000 42 77 33 100000 54 100000 142 33 72 36 42 82 44 97 82
100 39 100000 38 15 14 18 42 72 110 61 36 37 56 62 8 37 100000 22 114 117 86 52 78 100000
101 30 21 100000 100000 73 36 62 49 44 83 100000 83 56 100000 57 88 100000 36 46 70 73 29 100000 71
102 26 3 38 67 61 55 30 6 9 59 8 10 11 19 72 13 61 76 33 54 57 56 6 43
103 13 38 26 100000 4 100000 6 39 22 9 15 7 20 9 26 1 100000 35 20 24 100000 100000 31 100000
104 45 75 83 99 100000 30 56 126 111 104 69 100000 71 43 100000 100 132 83 106 32 92 127 89 100000
105 58 110 100000 141 158 37 100000 96 105 100000 143 82 100000 174 103 145 169 100000 169 86 100000 46 43 117
106 28 28 10 46 62 63 43 65 100000 60 26 60 80 100000 100000 36 33 77 2 53 100000 21 100000 77
107 8 16 11 13 9 100000 100000 100000 7 3 22 9 5 8 9 100000 100000 4 13 19 100000 100000 100000 6
108 43 100000 97 105 74 100000 75 129 100000 88 100000 24 100000 32 64 100000 123 34 109 77 6 124 100000 100000
109 40 100000 118 70 100000 100000 93 7 89 31 30 80 9 74 115 12 34 108 72 71 89 75 93 101
110 34 98 67 60 55 80 20 56 20 70 100000 101 76 58 48 22 52 75 88 71 6 22 91 100
111 23 52 26 8 57 42 55 64 100000 100000 19 8 100000 28 57 62 23 51 66 100000 30 17 100000 52
112 162 253 423 248 229 59 292 292 190 214 100000 127 83 100000 277 100000 418 282 428 176 467 113 88 200
113 11 7 26 100000 8 15 29 16 25 18 29 33 31 18 21 13 21 21 20 13 32 9 100000 100000
114 19 17 100000 100000 100000 3 3 100000 17 100000 25 100000 40 57 45 35 56 23 25 32 23 45 18 23
115 14 16 100000 100000 29 33 9 30 100000 12 3 13 13 100000 18 100000 35 21 100000 34 12 100000 9 19
116 31 11 92 40 49 85 69 30 81 46 27 82 63 62 44 86 6 100000 10 89 55 100000 6 15
117 32 41 100000 12 78 8 100000 48 91 12 100000 87 32 88 81 100000 70 49 19 63 37 54 36 9
118 26 57 100000 36 31 29 57 72 56 100000 70 13 39 100000 43 100000 60 7 42 53 14 16 42 25
119 55 19 127 3 113 17 90 100000 100000 100000 11 52 98 100000 100000 142 47 111 100000 150 139 40 16 75
120 31 11 100000 86 76 57 10 57 100000 37 89 74 100000 32 7 100000 33 20 100000 100000 59 6 100000 43
121 32 25 86 61 8 30 66 74 8 100000 10 73 39 100000 86 36 54 47 34 100000 57 24 86 94
122 26 16 13 100000 100000 46 5 78 66 43 25 34 100000 60 3 27 41 100000 38 20 19 17 61 14
123 19 25 100000 54 16 35 8 13 47 7 46 51 37 3 39 54 100000 24 52 29 100000 43 47 49
124 14 14 39 34 35 28 23 10 13 13 13 28 100000 4 100000 100000 36 42 17 36 20 41 38 28
125 19 3 21 3 33 48 19 16 10 51 37 56 25 22 28 21 20 25 57 31 100000 48 17 100000
126 48 100000 55 15 93 138 28 28 5 85 100000 118 144 100000 84 111 78 100000 35 100000 45 83 100000 114
127 55 100000 53 12 155 17 100000 158 145 58 88 6 100000 142 4 26 109 106 104 100000 94 122 137 100000
128 8 11 20 3 12 8 2 8 14 23 16 16 7 2 15 18 17 2 20 7 100000 100000 19 100000
129 11 17 31 100000 21 22 16 100000 100000 17 28 11 28 11 27 19 16 21 22 26 31 30 100000 8
130 27 5 34 18 57 79 71 100000 35 33 6 31 41 48 47 31 100000 35 100000 11 53 54 100000 65
131 18 46 100000 17 4 18 23 20 32 100000 25 100000 27 34 15 14 35 100000 53 15 11 28 53 9
132 36 91 99 79 15 14 64 100000 94 52 79 62 50 100000 100000 99 100000 35 17 107 31 61 62 44
133 23 6 46 19 45 42 25 100000 64 18 56 6 40 19 39 55 11 62 38 10 100000 100000 65 33
134 20 43 23 55 58 52 18 41 39 12 19 24 20 18 42 50 33 100000 100000 32 18 33 56 100000
135 46 89 22 48 2 100000 100000 56 100000 98 96 8 57 109 108 100000 53 80 101 82 13 97 122 54
136 64 181 81 100000 14 140 108 47 160 60 28 54 154 106 114 11 26 100000 100000 33 18 60 41 106
137 22 100000 52 100000 100000 56 13 33 59 61 29 22 100000 35 100000 16 30 100000 100000 9 35 100000 10 26
138 15 17 36 33 27 10 16 25 23 19 11 100000 29 34 20 100000 100000 100000 31 100000 6 23 10 43
139 34 15 10 15 23 9 57 96 3 9 49 38 11 49 102 57 16 16 82 16 57 77 2 14
140 22 11 8 15 39 100000 32 100000 100000 100000 47 100000 37 100000 100000 17 3 48 19 100000 2 37 47 18
141 151 417 15 453 290 100000 100000 435 439 394 60 340 177 340 100000 376 367 313 448 78 186 385 96 259
142 148 147 307 329 14 444 258 249 5 100000 45 187 187 100000 45 10 147 100000 129 191 311 160 404 169
143 64 60 190 179 129 100000 100000 7 152 154 160 79 137 100000 133 100000 137 100000 108 53 100000 148 119 49
144 170 383 100000 100000 444 347 100000 57 266 388 418 100000 286 100000 100000 250 138 281 138 256 215 174 286 306
145 137 292 42 214 403 100000 100000 395 100000 169 317 87 100000 100000 399 108 284 38 87 75 325 309 378 100000
146 64 81 186 146 28 12 74 137 160 11 68 35 118 18 35 22 110 100000 43 171 139 163 100000 110
147 78 227 138 169 99 90 100000 97 15 222 208 90 100000 129 222 164 52 201 36 145 87 24 100000 99
148 78 169 169 131 157 48 155 138 31 215 192 100000 124 232 100000 85 52 100000 136 13 176 138 100000 113
<task directions>
1 E
2 E
3 E
4 E
5 E
6 E
7 E
8 E
9 E
10 E
11 E
12 E
13 E
14 E
15 L
16 R
17 E
18 L
19 R
20 E
21 R
22 L
23 L
24 R
25 R
26 R
27 L
28 L
29 E
30 R
31 E
32 L
33 R
34 L
35 R
36 R
37 R
38 R
39 R
40 R
41 R
42 L
43 L
44 L
45 L
46 L
47 L
48 E
49 L
50 E
51 L
52 L
53 L
54 L
55 R
56 E
57 L
58 L
59 E
60 E
61 E
62 E
63 E
64 R
65 E
66 E
67 E
68 E
69 R
70 R
71 R
72 R
73 E
74 E
75 E
76 E
77 E
78 E
79 E
80 E
81 E
82 E
83 E
84 E
85 E
86 E
87 E
88 E
89 E
90 E
91 E
92 E
93 L
94 E
95 E
96 E
97 E
98 E
99 E
100 E
101 E
102 E
103 E
104 E
105 E
106 E
107 E
108 E
109 E
110 E
111 E
112 L
113 L
114 E
115 E
116 E
117 E
118 E
119 E
120 E
121 E
122 E
123 E
124 E
125 E
126 E
127 E
128 L
129 L
130 L
131 L
132 E
133 L
134 R
135 E
136 E
137 L
138 E
139 E
140 E
141 L
142 R
143 L
144 L
145 R
146 R
147 L
148 R
<precedence relations>
1,5
1,6
1,7
1,8
2,3
3,4
3,5
3,6
3,7
4,8
5,14
6,9
7,14
8,10
9,14
10,14
11,12
12,13
14,15
14,16
15,17
16,17
17,18
17,19
18,20
19,20
20,21
20,22
20,23
20,24
21,25
21,26
21,27
21,28
22,25
22,26
22,27
22,28
23,25
23,26
23,27
23,28
24,25
24,26
24,27
24,28
25,29
26,29
27,29
28,29
29,31
31,36
32,34
33,35
34,36
35,36
36,37
37,38
37,45
38,39
39,40
40,41
40,48
40,55
42,43
43,44
45,46
46,47
47,48
47,49
47,55
50,51
51,53
51,69
52,53
54,133
55,54
55,72
55,76
55,87
55,88
56,73
57,79
58,84
58,86
59,75
59,87
61,62
62,63
63,67
64,65
64,71
64,72
65,66
65,99
66,67
67,68
68,95
68,98
69,82
70,71
72,134
73,84
73,86
73,87
73,88
73,96
74,75
75,88
75,97
76,77
77,78
78,79
79,80
80,81
81,106
82,83
82,89
82,143
82,146
84,85
88,111
89,90
90,79
91,105
92,135
95,101
96,104
98,101
99,100
100,101
101,102
101,103
102,127
103,127
105,119
106,107
107,108
108,109
109,110
111,112
112,113
113,114
113,116
113,120
113,123
113,128
114,115
115,125
116,117
117,118
118,126
120,121
121,122
122,126
123,124
124,125
128,129
129,130
130,131
130,137
132,135
133,135
134,135
135,136
138,139
139,140
141,142
142,143
142,146
142,147
142,148
144,145
145,147
145,148
<end>