<number of tasks>
148
<number of mated-station>
7
<number of workers>
14
<task times>
1 16 100000 24 34 3 31 100000 100000 40 38 40 40 14 28
2 30 69 88 32 15 100000 55 76 41 54 100000 100000 100000 85
3 7 7 15 18 19 13 19 10 21 6 4 100000 10 100000
4 47 96 100000 75 100000 43 99 100000 88 98 96 88 81 81
5 29 80 41 78 18 10 100000 69 27 100000 45 51 23 23
6 8 100000 13 23 8 15 100000 100000 9 13 18 100000 15 14
7 39 25 60 65 100000 27 7 58 39 25 100000 6 94 4
8 37 26 59 70 100000 54 75 33 59 84 100000 7 18 100000
9 32 43 93 49 85 30 100000 34 26 36 100000 86 18 42
10 29 12 23 11 61 78 35 10 2 49 40 53 100000 83
11 17 51 10 8 7 32 14 21 13 17 46 23 100000 34
12 11 100000 12 100000 100000 24 18 21 4 9 100000 17 14 6
13 32 36 100000 52 7 32 79 78 76 100000 94 54 54 15
14 15 36 14 6 30 42 41 16 5 100000 41 23 7 10
15 53 100000 96 85 154 150 124 37 82 115 101 85 14 7
16 53 39 7 96 50 59 25 20 22 102 82 150 105 148
17 8 100000 16 10 19 3 23 23 100000 3 15 17 100000 100000
18 24 7 46 19 44 100000 63 32 3 100000 46 61 100000 2
19 24 53 55 10 100000 10 27 52 64 34 3 53 33 100000
20 8 18 20 2 10 19 7 23 7 13 4 100000 100000 6
21 7 100000 7 7 6 15 5 2 100000 18 7 5 100000 6
22 8 16 24 23 13 12 15 100000 100000 5 3 4 21 12
23 14 2 38 4 29 18 100000 18 8 7 33 100000 36 22
24 13 100000 25 19 100000 22 6 6 12 3 25 28 30 28
25 10 28 3 29 16 21 15 9 100000 100000 100000 6 28 25
26 25 13 47 49 100000 8 53 25 53 65 37 35 42 49
27 11 7 26 21 12 3 100000 32 20 23 5 11 14 15
28 25 100000 51 11 35 26 15 48 100000 18 23 72 9 51
29 11 22 19 4 6 16 31 33 16 32 100000 26 13 16
30 29 100000 100000 100000 43 60 18 70 57 59 66 85 3 69
31 25 100000 42 33 100000 45 2 45 34 18 35 74 15 52
32 10 100000 19 20 19 9 22 27 9 29 100000 6 12 100000
33 14 2 100000 4 100000 20 4 36 29 8 22 15 11 16
34 41 91 123 6 46 24 107 97 100000 8 35 63 123 112
35 42 17 46 100000 65 5 19 100000 100000 109 124 4 69 100000
36 47 131 35 120 15 100000 84 93 112 64 107 81 100000 91
37 7 7 1 8 11 2 100000 18 100000 12 12 100000 6 17
38 80 8 111 104 70 140 89 100000 173 226 100000 197 235 73
39 7 21 10 15 4 10 19 3 11 4 7 13 3 8
40 41 5 86 47 101 51 40 71 19 100000 100000 95 2 85
41 47 100000 106 100000 16 9 117 29 107 130 15 23 133 16
42 16 100000 32 100000 100000 2 15 29 22 9 12 46 38 8
43 32 60 43 49 44 84 18 87 50 5 34 47 13 82
44 66 86 100000 9 100000 38 13 23 54 100000 78 131 50 100000
45 80 142 192 135 100000 3 180 132 166 8 106 132 211 100000
46 7 13 5 12 9 8 4 100000 7 3 3 13 17 14
47 41 24 6 39 100000 56 100000 55 41 100000 38 113 58 27
48 13 5 21 31 36 27 30 100000 18 31 15 28 13 23
49 47 130 140 100000 109 37 36 51 23 107 123 123 86 2
50 33 84 69 75 62 82 14 72 25 100000 7 100000 27 100000
51 34 43 78 78 38 93 40 92 2 49 40 12 100000 42
52 11 10 30 6 24 13 1 32 10 100000 31 12 19 2
53 118 100000 100000 100000 216 174 178 354 283 100000 340 195 333 36
54 25 4 20 22 34 64 52 34 100000 41 39 100000 100000 60
55 7 100000 15 6 6 100000 15 17 11 18 17 21 9 15
56 28 33 40 4 61 3 100000 83 52 10 43 65 65 62
57 12 19 24 12 21 34 27 1 100000 20 100000 16 10 100000
58 52 100000 15 6 27 20 100000 26 100000 18 100000 77 4 134
59 14 8 16 100000 100000 19 32 15 22 100000 14 20 17 100000
60 3 5 8 6 2 4 9 100000 4 2 4 6 8 1
61 3 5 7 3 8 100000 3 8 6 1 9 6 1 7
62 8 100000 13 7 4 3 12 8 100000 2 10 20 9 10
63 16 100000 12 48 6 48 10 42 23 9 31 48 9 34
64 33 11 40 46 96 42 48 85 69 97 68 100000 100000 2
65 8 2 6 2 100000 15 100000 5 14 22 13 8 100000 15
66 18 100000 21 28 51 39 37 51 46 50 8 100000 34 29
67 10 100000 13 27 100000 26 24 100000 100000 100000 11 100000 7 7
68 14 100000 21 100000 9 40 100000 9 34 9 10 25 100000 4
69 28 27 28 21 26 76 57 39 63 100000 80 20 46 29
70 11 10 28 3 13 20 19 2 11 4 100000 100000 100000 13
71 118 107 347 107 298 19 301 213 170 50 170 26 125 100000
72 25 40 69 32 42 100000 65 71 8 24 69 18 100000 100000
73 40 100000 27 56 32 65 100000 83 100000 13 58 100000 112 100000
74 40 50 6 89 28 6 2 68 20 15 80 100000 100000 64
75 101 228 100000 100000 100000 206 218 288 176 40 243 100000 110 249
76 5 3 4 6 11 100000 100000 13 10 100000 100000 7 100000 5
77 28 62 38 69 61 35 26 53 35 100000 81 10 37 38
78 8 11 15 4 6 5 100000 2 22 11 21 100000 22 21
79 111 137 100000 18 277 100000 137 187 100000 100000 154 100000 243 100000
80 7 2 100000 10 4 9 14 4 2 4 9 100000 100000 1
81 26 100000 77 36 50 11 71 11 100000 16 66 11 66 43
82 10 2 24 18 6 26 100000 14 100000 18 100000 30 20 11
83 21 33 100000 3 44 3 30 58 23 100000 11 6 13 100000
84 26 66 53 62 19 100000 100000 78 3 52 100000 74 100000 43
85 20 25 51 100000 18 15 17 35 100000 10 16 46 10 56
86 21 100000 12 16 28 18 5 54 43 10 20 36 50 34
87 47 30 63 18 128 81 102 100000 113 100000 92 126 18 100000
88 23 100000 30 13 61 24 45 50 100000 34 8 20 61 59
89 13 25 100000 2 3 11 9 23 34 13 3 26 100000 36
90 19 52 21 100000 27 4 100000 3 55 100000 2 3 11 57
91 115 115 15 245 87 280 249 84 300 100000 262 100000 22 4
92 35 41 86 51 69 7 28 100000 100000 101 89 17 7 63
93 26 5 37 56 36 57 76 62 6 26 76 70 68 9
94 46 122 61 102 50 122 122 100000 135 78 80 115 100000 124
95 20 21 100000 21 16 50 38 13 15 58 100000 56 55 100000
96 31 82 35 24 33 37 38 18 3 30 51 100000 85 69
97 19 26 100000 100000 33 33 56 54 35 100000 26 36 100000 9
98 34 17 100000 43 7 53 93 24 97 88 100000 43 100000 46
99 51 39 94 56 100000 31 83 71 63 71 91 141 138 83
100 39 4 100000 37 105 66 100000 100000 60 89 35 47 100000 80
101 30 24 44 24 54 34 100000 11 100000 78 70 22 24 100000
102 26 43 70 36 100000 57 40 63 100000 6 53 44 100000 100000
103 13 38 9 29 16 100000 100000 30 11 2 12 100000 26 23
104 45 36 17 100000 100000 126 6 71 87 16 12 100000 16 47
105 58 65 100000 79 48 63 100000 68 146 145 55 139 56 11
106 28 100000 60 14 100000 22 56 33 10 100000 100000 28 100000 6
107 8 18 22 14 10 100000 2 21 100000 2 12 17 1 11
108 43 89 52 96 88 107 100000 16 100 100000 85 62 89 4
109 40 14 41 7 101 100000 100000 100 47 80 53 33 45 94
110 34 31 101 100 49 87 21 18 101 91 32 4 33 100000
111 23 36 55 54 51 45 64 62 56 100000 8 13 22 36
112 162 100000 374 345 195 287 365 229 195 59 389 100000 122 297
113 11 23 2 15 4 17 22 29 15 100000 100000 100000 100000 21
114 19 10 18 10 27 53 48 50 7 30 7 16 13 3
115 14 16 23 17 100000 4 16 21 22 11 29 100000 12 9
116 31 100000 78 100000 38 43 100000 61 35 69 90 16 68 68
117 32 73 100000 74 27 66 93 82 40 43 24 22 100000 42
118 26 40 100000 52 29 63 3 56 72 100000 6 77 73 65
119 55 93 165 100000 100000 129 40 100000 22 57 78 55 100000 73
120 31 18 100000 100000 22 100000 26 87 73 71 4 34 19 50
121 32 72 78 80 96 35 100000 42 47 3 80 17 100000 58
122 26 36 3 100000 6 70 43 100000 60 100000 50 48 100000 33
123 19 100000 2 33 23 9 32 38 5 21 100000 8 26 40
124 14 100000 37 30 10 23 21 100000 32 19 26 12 20 10
125 19 46 7 35 100000 12 22 100000 27 100000 100000 56 100000 100000
126 48 58 55 87 60 114 75 37 100000 48 18 143 100000 64
127 55 100000 94 100000 108 100000 145 65 100000 29 106 90 100000 150
128 8 100000 19 6 4 17 15 2 23 3 16 4 15 100000
129 11 100000 23 17 21 4 100000 6 24 100000 16 29 11 2
130 27 28 100000 11 100000 38 30 7 39 100000 51 4 15 71
131 18 21 26 33 20 48 11 46 100000 48 100000 53 42 100000
132 36 49 78 76 30 14 25 87 100000 100000 45 107 58 94
133 23 59 45 39 40 30 61 16 32 100000 59 23 51 34
134 20 46 37 20 38 100000 13 28 3 39 100000 56 58 100000
135 46 53 100000 72 43 12 70 34 100000 9 108 117 70 100000
136 64 104 60 156 14 100000 12 100000 93 100000 100000 85 75 72
137 22 100000 100000 64 56 65 44 34 42 100000 50 56 16 24
138 15 22 45 16 6 100000 2 100000 100000 42 24 41 100000 34
139 34 87 100000 32 80 100000 73 46 77 90 29 100000 101 100000
140 22 48 8 47 100000 2 11 2 50 56 32 34 60 22
141 151 82 6 109 426 453 426 132 100000 358 317 168 100000 245
142 148 50 413 14 231 23 100000 311 147 100000 409 81 100000 50
143 64 165 144 152 100000 53 100000 33 135 14 119 110 97 24
144 170 423 495 118 505 291 100000 100000 296 439 276 439 100000 100000
145 137 194 100000 54 83 30 337 231 395 100000 136 100000 100000 358
146 64 12 148 11 100000 22 100000 98 12 100000 68 100000 181 118
147 78 71 99 100000 99 106 57 148 157 101 94 104 100000 115
148 78 206 59 129 164 100000 69 90 199 100000 27 215 113 64
<task directions>
1 E
2 E
3 E
4 E
5 E
6 E
7 E
8 E
9 E
10 E
11 E
12 E
13 E
14 E
15 L
16 R
17 E
18 L
19 R
20 E
21 R
22 L
23 L
24 R
25 R
26 R
27 L
28 L
29 E
30 R
31 E
32 L
33 R
34 L
35 R
36 R
37 R
38 R
39 R
40 R
41 R
42 L
43 L
44 L
45 L
46 L
47 L
48 E
49 L
50 E
51 L
52 L
53 L
54 L
55 R
56 E
57 L
58 L
59 E
60 E
61 E
62 E
63 E
64 R
65 E
66 E
67 E
68 E
69 R
70 R
71 R
72 R
73 E
74 E
75 E
76 E
77 E
78 E
79 E
80 E
81 E
82 E
83 E
84 E
85 E
86 E
87 E
88 E
89 E
90 E
91 E
92 E
93 L
94 E
95 E
96 E
97 E
98 E
99 E
100 E
101 E
102 E
103 E
104 E
105 E
106 E
107 E
108 E
109 E
110 E
111 E
112 L
113 L
114 E
115 E
116 E
117 E
118 E
119 E
120 E
121 E
122 E
123 E
124 E
125 E
126 E
127 E
128 L
129 L
130 L
131 L
132 E
133 L
134 R
135 E
136 E
137 L
138 E
139 E
140 E
141 L
142 R
143 L
144 L
145 R
146 R
147 L
148 R
<precedence relations>
1,5
1,6
1,7
1,8
2,3
3,4
3,5
3,6
3,7
4,8
5,14
6,9
7,14
8,10
9,14
10,14
11,12
12,13
14,15
14,16
15,17
16,17
17,18
17,19
18,20
19,20
20,21
20,22
20,23
20,24
21,25
21,26
21,27
21,28
22,25
22,26
22,27
22,28
23,25
23,26
23,27
23,28
24,25
24,26
24,27
24,28
25,29
26,29
27,29
28,29
29,31
31,36
32,34
33,35
34,36
35,36
36,37
37,38
37,45
38,39
39,40
40,41
40,48
40,55
42,43
43,44
45,46
46,47
47,48
47,49
47,55
50,51
51,53
51,69
52,53
54,133
55,54
55,72
55,76
55,87
55,88
56,73
57,79
58,84
58,86
59,75
59,87
61,62
62,63
63,67
64,65
64,71
64,72
65,66
65,99
66,67
67,68
68,95
68,98
69,82
70,71
72,134
73,84
73,86
73,87
73,88
73,96
74,75
75,88
75,97
76,77
77,78
78,79
79,80
80,81
81,106
82,83
82,89
82,143
82,146
84,85
88,111
89,90
90,79
91,105
92,135
95,101
96,104
98,101
99,100
100,101
101,102
101,103
102,127
103,127
105,119
106,107
107,108
108,109
109,110
111,112
112,113
113,114
113,116
113,120
113,123
113,128
114,115
115,125
116,117
117,118
118,126
120,121
121,122
122,126
123,124
124,125
128,129
129,130
130,131
130,137
132,135
133,135
134,135
135,136
138,139
139,140
141,142
142,143
142,146
142,147
142,148
144,145
145,147
145,148
<end>