<number of tasks>
148
<number of mated-station>
10
<number of workers>
20
<task times>
1 16 100000 29 21 31 11 3 37 28 6 43 32 100000 100000 40 3 100000 39 47 100000
2 30 20 11 7 88 54 9 61 34 100000 37 46 46 29 74 42 8 85 50 48
3 7 100000 21 100000 9 5 5 14 6 12 100000 4 7 15 100000 4 14 10 21 18
4 47 100000 12 89 58 44 88 130 131 75 100000 42 14 2 141 100000 30 100000 8 100000
5 29 52 39 100000 19 15 64 44 6 50 17 16 34 32 4 32 47 42 47 22
6 8 12 20 11 3 10 12 5 21 100000 21 5 15 2 15 5 11 20 4 8
7 39 114 38 53 50 22 103 64 60 52 100 111 27 86 117 93 116 51 37 6
8 37 109 26 98 84 21 73 20 80 100000 99 3 53 16 19 73 65 7 90 9
9 32 82 100000 85 70 78 82 34 66 78 89 36 100000 58 87 56 36 100000 67 73
10 29 75 48 29 66 73 23 10 34 23 15 100000 61 31 77 22 50 84 84 60
11 17 4 5 48 21 6 31 8 44 31 13 13 23 17 33 51 100000 47 26 45
12 11 13 16 5 22 19 14 13 2 17 18 100000 25 12 1 14 30 21 17 26
13 32 28 100000 7 48 35 76 76 53 56 61 68 37 94 40 38 45 13 59 16
14 15 40 30 14 7 17 23 31 33 100000 43 15 20 8 11 45 4 3 13 45
15 53 100000 99 127 39 143 126 123 100000 55 143 22 18 41 150 18 74 153 97 53
16 53 129 148 143 124 71 96 153 56 80 151 33 91 120 34 138 150 101 100000 59
17 8 13 16 17 100000 3 13 3 17 6 14 6 13 20 4 8 23 4 13 7
18 24 39 19 17 23 100000 38 29 31 60 100000 16 2 17 100000 50 29 36 66 10
19 24 41 49 35 39 100000 20 6 61 100000 36 36 49 100000 32 56 56 67 15 100000
20 8 22 17 1 14 12 14 15 100000 19 8 9 22 100000 9 9 4 4 10 18
21 7 8 12 20 12 10 3 17 17 12 11 12 4 15 12 4 9 8 6 20
22 8 7 4 100000 100000 10 11 20 2 100000 8 18 18 14 6 16 17 24 15 1
23 14 22 3 28 31 3 3 13 100000 31 100000 41 15 33 29 31 8 100000 18 4
24 13 27 100000 33 17 100000 5 18 27 9 12 17 9 11 27 3 36 30 25 100000
25 10 22 26 5 100000 100000 27 100000 100000 20 14 15 4 5 5 12 100000 4 17 13
26 25 74 73 57 53 56 22 20 52 25 26 25 45 22 30 67 65 30 71 4
27 11 21 30 32 17 28 11 100000 7 100000 19 27 13 26 4 13 23 19 28 4
28 25 5 39 70 8 53 2 32 100000 44 8 45 7 37 100000 32 51 13 74 42
29 11 17 10 32 9 2 14 29 7 9 25 28 30 32 16 29 29 32 30 26
30 29 20 66 49 41 60 82 100000 65 100000 42 44 53 72 76 8 29 66 64 16
31 25 54 34 46 100000 100000 3 57 41 50 56 28 17 49 24 25 64 23 57 15
32 10 25 7 15 100000 16 30 13 1 23 21 18 11 10 2 12 23 27 12 16
33 14 100000 21 37 100000 20 21 21 14 17 100000 23 100000 41 31 28 39 39 6 38
34 41 100000 99 22 101 105 17 83 51 116 61 107 78 99 30 27 113 50 86 95
35 42 89 26 29 26 65 86 75 100000 100000 16 89 99 20 7 100000 39 76 101 100000
36 47 79 49 74 128 47 9 107 96 7 100000 54 22 65 12 42 56 77 135 40
37 7 12 10 15 100000 19 16 7 13 14 20 11 4 8 17 16 100000 1 100000 100000
38 80 159 128 85 142 123 100000 100000 25 111 56 15 44 63 164 221 135 159 39 101
39 7 8 15 16 13 3 100000 7 9 3 10 17 5 2 100000 16 4 2 18 9
40 41 30 100000 14 19 62 44 17 14 79 89 45 107 100000 123 113 83 111 97 100000
41 47 140 19 67 126 30 21 106 2 16 88 8 110 81 58 127 100000 32 86 96
42 16 18 100000 25 32 17 39 34 15 10 19 4 100000 19 12 17 6 42 4 42
43 32 15 30 86 38 55 61 23 83 63 100000 93 100000 41 90 51 19 45 71 57
44 66 50 100000 70 115 15 11 29 23 94 157 62 38 31 19 125 100 21 127 103
45 80 185 32 100000 56 140 180 58 183 34 183 3 175 116 18 202 100000 144 15 68
46 7 18 4 100000 11 11 20 9 15 10 10 100000 5 10 18 13 16 18 13 100000
47 41 89 36 116 10 94 39 75 47 11 118 33 114 97 91 71 53 40 66 105
48 13 30 33 20 8 10 10 7 7 24 23 34 35 25 29 26 4 100000 32 5
49 47 110 71 7 33 8 39 99 89 86 92 109 86 92 110 96 23 100000 18 53
50 33 34 28 54 88 37 83 13 24 62 29 38 26 24 63 6 94 21 12 49
51 34 53 65 87 74 82 50 6 79 82 21 8 47 100000 7 57 20 86 60 29
52 11 18 8 26 9 21 28 25 7 13 10 100000 21 25 100000 100000 2 100000 2 100000
53 118 19 149 287 19 167 181 121 160 33 163 8 100000 174 248 252 65 276 287 5
54 25 49 70 48 38 100000 45 36 42 65 100000 8 100000 100000 100000 56 54 61 8 10
55 7 13 3 18 12 18 8 9 100000 11 100000 15 12 9 16 100000 13 10 10 100000
56 28 66 100000 13 59 23 37 37 74 38 58 49 20 25 39 100000 22 7 74 54
57 12 30 31 9 32 19 34 21 24 22 15 6 3 21 7 9 16 100000 12 29
58 52 15 9 128 83 20 32 100000 119 6 34 79 86 122 3 63 71 3 86 100000
59 14 41 25 100000 35 33 3 15 33 19 2 19 23 15 10 18 21 40 33 23
60 3 5 6 6 2 1 7 100000 2 100000 100000 9 6 7 8 9 4 100000 6 4
61 3 7 8 6 2 7 6 9 100000 6 4 8 7 100000 7 5 4 8 100000 3
62 8 12 4 3 11 100000 4 11 21 100000 5 9 2 13 5 20 10 3 14 7
63 16 7 29 30 16 30 6 41 43 3 12 44 29 30 47 100000 34 9 17 32
64 33 73 59 85 100000 45 69 75 3 78 63 11 78 100000 13 99 44 85 14 57
65 8 100000 100000 15 23 5 23 16 18 1 4 100000 11 8 10 19 21 18 7 15
66 18 53 25 54 100000 22 40 23 12 30 37 50 11 30 40 51 100000 24 4 31
67 10 24 16 28 27 21 2 15 100000 28 100000 10 30 22 7 11 13 11 6 16
68 14 16 25 24 40 15 12 21 25 14 24 34 6 32 35 3 37 38 31 32
69 28 9 44 52 64 8 80 3 64 53 36 63 100000 77 52 81 100000 12 4 100000
70 11 24 16 13 12 21 22 22 15 32 30 25 30 21 3 4 8 32 100000 29
71 118 354 36 283 220 234 110 230 47 89 206 75 96 294 100 57 273 350 170 195
72 25 63 57 54 39 34 61 72 42 25 100000 16 39 18 69 22 100000 25 27 37
73 40 36 66 100000 61 95 33 16 99 14 36 119 101 36 106 102 100000 109 87 7
74 40 114 24 31 21 58 40 31 100000 87 87 58 82 9 71 89 80 115 28 110
75 101 46 95 113 249 83 73 67 113 100000 161 86 161 73 100000 128 113 10 294 55
76 5 6 8 12 100000 100000 100000 11 100000 5 100000 8 100000 5 7 2 12 6 8 100000
77 28 6 100000 18 100000 57 52 71 30 18 21 63 56 77 7 18 15 61 100000 15
78 8 15 15 100000 18 18 4 9 11 6 21 100000 12 1 8 10 6 13 13 10
79 111 61 177 100000 217 100000 330 303 18 160 263 180 100000 71 147 74 104 100000 157 91
80 7 10 5 19 14 100000 12 2 21 5 1 14 1 11 11 100000 13 10 10 4
81 26 66 72 6 45 12 14 28 76 59 65 59 63 63 47 38 32 58 37 23
82 10 22 25 18 100000 23 26 100000 24 22 8 25 11 17 22 23 9 7 100000 16
83 21 62 8 24 60 33 34 18 10 23 5 56 58 18 10 11 54 43 9 7
84 26 26 40 40 34 100000 78 33 38 34 46 23 21 9 23 100000 36 100000 12 100000
85 20 20 41 12 12 5 3 32 48 5 51 56 25 31 23 34 13 4 100000 11
86 21 20 12 34 7 23 25 2 60 13 49 100000 100000 45 57 39 33 36 52 8
87 47 2 137 44 36 131 100000 106 18 114 100000 135 102 98 123 114 37 89 75 78
88 23 100000 28 27 30 49 20 28 50 16 21 25 100000 2 11 29 40 46 59 68
89 13 33 14 36 24 5 3 18 18 3 22 25 27 31 10 20 17 37 24 36
90 19 20 48 54 19 42 48 51 40 9 53 23 14 28 42 19 27 31 42 100000
91 115 156 211 338 256 100000 66 145 173 156 49 90 214 97 290 176 304 111 100000 214
92 35 100 31 75 78 78 100000 19 10 49 80 42 17 70 76 62 51 48 100000 88
93 26 19 6 33 39 100000 20 8 28 100000 9 43 43 6 75 100000 56 65 74 56
94 46 97 33 105 100000 83 131 138 112 100000 43 127 113 9 127 82 100000 38 27 79
95 20 41 41 58 29 100000 33 56 27 56 44 54 100000 8 18 26 41 6 46 52
96 31 62 100000 39 29 64 3 78 66 32 75 43 9 27 100000 86 76 7 49 34
97 19 35 33 16 100000 48 25 2 4 55 54 18 40 50 56 44 43 42 43 9
98 34 68 47 66 28 102 78 100000 92 29 28 65 37 90 71 52 3 59 100 64
99 51 100000 28 75 141 132 72 39 13 101 69 118 106 59 28 97 37 151 110 44
100 39 75 56 35 66 56 110 81 80 14 43 53 104 56 96 35 86 64 74 100000
101 30 28 24 51 75 83 59 61 41 27 19 100000 11 9 53 59 88 78 21 18
102 26 39 9 70 100000 25 46 40 100000 8 46 72 38 23 29 56 37 38 100000 7
103 13 31 100000 3 7 18 30 38 25 6 100000 29 30 24 36 24 13 32 28 38
104 45 116 72 24 40 80 43 120 6 135 80 22 14 18 115 79 132 91 81 25
105 58 96 155 4 100000 82 165 10 74 17 126 22 53 13 150 171 36 70 120 17
106 28 80 100000 53 48 83 62 52 62 12 41 8 52 5 70 77 11 28 48 48
107 8 15 100000 18 18 7 100000 9 14 100000 24 3 24 7 10 13 100000 20 100000 20
108 43 29 32 69 100000 107 100000 43 82 68 109 114 55 79 19 59 18 100000 82 96
109 40 68 80 100000 115 55 100000 84 65 100000 46 14 6 65 18 103 74 40 100 105
110 34 39 60 10 99 72 71 26 18 40 21 31 8 93 10 41 36 56 100000 77
111 23 6 45 55 21 8 62 27 100000 10 62 50 100000 26 19 69 2 64 28 46
112 162 142 457 341 360 100000 341 156 457 171 59 413 355 486 79 100000 147 156 100000 282
113 11 26 13 19 25 100000 19 22 29 16 19 9 25 3 3 3 22 15 28 11
114 19 54 15 32 45 50 13 25 36 34 57 10 47 18 47 22 5 49 2 6
115 14 3 7 35 8 35 8 100000 1 33 2 25 33 37 26 100000 19 24 39 26
116 31 16 86 34 31 39 76 100000 100000 50 8 8 60 5 40 37 87 68 61 7
117 32 53 92 23 68 49 35 40 62 11 23 86 66 87 35 76 10 75 19 33
118 26 100000 100000 100000 51 9 60 73 69 45 33 40 2 8 36 27 100000 70 40 23
119 55 121 68 12 140 94 17 55 134 111 163 85 100000 73 100000 100000 24 90 116 19
120 31 88 35 42 100000 30 5 64 78 10 87 89 17 40 100000 100000 76 100000 71 47
121 32 67 69 30 4 50 93 8 14 47 56 76 84 68 66 62 43 40 53 74
122 26 18 43 100000 73 50 60 32 28 47 42 29 50 75 29 45 73 4 8 7
123 19 37 31 22 100000 45 13 47 15 3 20 100000 21 4 44 3 39 12 31 13
124 14 12 36 21 12 19 15 33 9 18 31 27 12 35 8 21 38 30 27 12
125 19 27 40 19 54 54 32 50 11 28 54 35 37 100000 35 16 17 14 56 8
126 48 45 84 37 121 74 100000 91 135 22 31 138 134 100000 57 87 141 100000 98 135
127 55 157 100000 4 19 34 76 100000 111 100000 11 21 47 132 83 100000 100000 100000 144 137
128 8 5 100000 21 17 24 9 2 7 10 3 3 100000 12 13 15 11 14 17 8
129 11 9 19 4 31 7 4 10 100000 18 17 100000 6 33 30 10 4 24 1 21
130 27 62 7 32 31 67 70 43 3 73 55 11 3 29 67 31 16 65 30 27
131 18 35 45 32 41 53 12 34 28 7 2 14 47 8 28 21 18 32 46 42
132 36 66 25 27 31 33 64 6 95 18 104 6 31 25 74 93 100000 72 69 105
133 23 19 20 48 49 38 66 6 24 3 100000 46 32 28 21 51 36 100000 38 40
134 20 14 100000 54 100000 15 100000 19 100000 33 7 23 9 28 29 26 16 100000 13 55
135 46 87 96 16 30 135 123 98 16 100000 38 122 22 75 100000 56 53 100000 71 59
136 64 119 30 169 137 108 60 79 171 98 100000 131 35 79 169 91 146 74 100000 123
137 22 32 100000 21 4 6 38 64 65 25 19 41 34 66 100000 11 32 65 6 36
138 15 100000 100000 41 9 8 6 17 8 43 2 42 19 11 2 23 23 6 28 14
139 34 56 54 74 12 34 53 9 36 46 100000 70 3 22 100000 94 100000 95 102 46
140 22 34 65 10 56 22 10 57 60 38 100000 12 3 65 42 5 45 13 41 42
141 151 448 100 100000 46 326 105 286 100000 96 403 372 268 345 137 100 354 417 105 173
142 148 440 240 196 413 50 178 302 191 41 187 191 262 165 298 417 143 386 302 355
143 64 85 7 72 47 22 104 167 97 16 100 85 104 93 39 77 77 87 140 24
144 170 479 220 245 225 240 261 347 403 423 495 133 245 100000 429 159 485 250 42 159
145 137 255 153 300 34 100000 272 243 79 247 100000 100000 153 100000 304 345 284 403 358 239
146 64 54 100 154 62 100000 146 20 186 186 161 100000 100000 177 156 20 173 20 41 79
147 78 222 204 66 100000 171 194 211 45 10 57 92 100000 129 90 15 92 104 85 24
148 78 211 134 90 104 27 162 100000 113 106 155 34 66 104 148 6 36 57 87 78
<task directions>
1 E
2 E
3 E
4 E
5 E
6 E
7 E
8 E
9 E
10 E
11 E
12 E
13 E
14 E
15 L
16 R
17 E
18 L
19 R
20 E
21 R
22 L
23 L
24 R
25 R
26 R
27 L
28 L
29 E
30 R
31 E
32 L
33 R
34 L
35 R
36 R
37 R
38 R
39 R
40 R
41 R
42 L
43 L
44 L
45 L
46 L
47 L
48 E
49 L
50 E
51 L
52 L
53 L
54 L
55 R
56 E
57 L
58 L
59 E
60 E
61 E
62 E
63 E
64 R
65 E
66 E
67 E
68 E
69 R
70 R
71 R
72 R
73 E
74 E
75 E
76 E
77 E
78 E
79 E
80 E
81 E
82 E
83 E
84 E
85 E
86 E
87 E
88 E
89 E
90 E
91 E
92 E
93 L
94 E
95 E
96 E
97 E
98 E
99 E
100 E
101 E
102 E
103 E
104 E
105 E
106 E
107 E
108 E
109 E
110 E
111 E
112 L
113 L
114 E
115 E
116 E
117 E
118 E
119 E
120 E
121 E
122 E
123 E
124 E
125 E
126 E
127 E
128 L
129 L
130 L
131 L
132 E
133 L
134 R
135 E
136 E
137 L
138 E
139 E
140 E
141 L
142 R
143 L
144 L
145 R
146 R
147 L
148 R
<precedence relations>
1,5
1,6
1,7
1,8
2,3
3,4
3,5
3,6
3,7
4,8
5,14
6,9
7,14
8,10
9,14
10,14
11,12
12,13
14,15
14,16
15,17
16,17
17,18
17,19
18,20
19,20
20,21
20,22
20,23
20,24
21,25
21,26
21,27
21,28
22,25
22,26
22,27
22,28
23,25
23,26
23,27
23,28
24,25
24,26
24,27
24,28
25,29
26,29
27,29
28,29
29,31
31,36
32,34
33,35
34,36
35,36
36,37
37,38
37,45
38,39
39,40
40,41
40,48
40,55
42,43
43,44
45,46
46,47
47,48
47,49
47,55
50,51
51,53
51,69
52,53
54,133
55,54
55,72
55,76
55,87
55,88
56,73
57,79
58,84
58,86
59,75
59,87
61,62
62,63
63,67
64,65
64,71
64,72
65,66
65,99
66,67
67,68
68,95
68,98
69,82
70,71
72,134
73,84
73,86
73,87
73,88
73,96
74,75
75,88
75,97
76,77
77,78
78,79
79,80
80,81
81,106
82,83
82,89
82,143
82,146
84,85
88,111
89,90
90,79
91,105
92,135
95,101
96,104
98,101
99,100
100,101
101,102
101,103
102,127
103,127
105,119
106,107
107,108
108,109
109,110
111,112
112,113
113,114
113,116
113,120
113,123
113,128
114,115
115,125
116,117
117,118
118,126
120,121
121,122
122,126
123,124
124,125
128,129
129,130
130,131
130,137
132,135
133,135
134,135
135,136
138,139
139,140
141,142
142,143
142,146
142,147
142,148
144,145
145,147
145,148
<end>