<number of tasks>
148
<number of mated-station>
6
<number of workers>
12
<task times>
1 16 36 100000 43 47 100000 42 100000 4 17 32 6
2 30 74 21 68 100000 38 10 100000 100000 46 74 100000
3 7 100000 3 16 16 6 10 17 100000 11 12 17
4 47 28 37 33 119 74 72 95 2 49 96 15
5 29 11 4 33 39 58 100000 53 70 100000 29 14
6 8 18 10 100000 6 21 7 21 9 22 4 12
7 39 36 46 100000 101 46 114 38 31 100000 2 57
8 37 37 87 64 8 108 98 98 2 32 7 26
9 32 50 70 10 87 61 10 81 63 45 76 11
10 29 68 39 58 87 18 16 33 17 58 14 59
11 17 36 19 19 25 47 8 3 4 18 46 4
12 11 9 10 9 16 11 24 21 33 7 22 26
13 32 49 8 78 80 59 17 77 20 4 22 7
14 15 7 5 11 11 24 26 4 31 3 100000 5
15 53 124 123 121 113 3 25 72 100000 100000 100000 137
16 53 85 142 80 18 96 17 159 123 78 26 61
17 8 6 6 18 3 16 22 2 17 13 24 100000
18 24 19 35 65 63 70 100000 32 57 70 100000 13
19 24 10 5 54 66 28 21 2 72 25 15 64
20 8 19 10 8 7 7 20 7 100000 6 21 2
21 7 15 3 11 100000 12 20 20 6 5 100000 16
22 8 19 10 22 100000 10 4 1 18 17 22 3
23 14 5 35 100000 40 23 14 9 22 11 100000 25
24 13 4 100000 2 19 100000 20 6 35 100000 16 39
25 10 7 4 28 18 11 15 12 18 19 1 16
26 25 14 35 51 31 9 57 28 4 37 100000 6
27 11 7 1 11 15 32 18 100000 12 21 11 14
28 25 100000 51 45 45 18 71 100000 100000 19 21 37
29 11 26 8 17 4 21 9 2 31 4 13 4
30 29 39 75 57 35 8 79 9 29 72 100000 77
31 25 14 48 62 31 42 59 24 53 22 10 52
32 10 20 10 3 29 27 13 27 4 12 15 15
33 14 40 15 24 100000 100000 19 15 36 31 12 20
34 41 80 17 91 47 80 30 97 58 114 121 18
35 42 115 46 105 20 107 31 49 120 17 22 100000
36 47 70 95 65 100000 9 103 100000 40 127 123 100
37 7 20 100000 16 17 10 8 20 14 6 9 10
38 80 106 152 99 149 68 99 166 116 204 100000 100000
39 7 13 10 8 5 3 19 9 4 8 9 2
40 41 45 83 24 100000 122 83 23 18 83 11 90
41 47 116 138 100000 68 79 100000 100000 135 119 63 42
42 16 19 35 100000 22 6 17 32 29 42 17 46
43 32 67 52 6 95 45 77 26 94 84 80 87
44 66 9 33 66 109 54 111 31 33 103 188 129
45 80 235 149 32 89 211 235 15 238 228 233 211
46 7 18 6 16 21 100000 11 12 9 9 9 18
47 41 16 100000 90 71 19 64 69 100000 58 103 88
48 13 19 10 31 100000 12 34 8 20 4 19 5
49 47 58 131 100000 57 100000 91 32 141 37 107 138
50 33 5 11 12 90 92 31 44 12 68 67 85
51 34 93 33 37 24 76 100000 4 79 9 42 45
52 11 18 32 3 15 7 20 17 17 19 25 100000
53 118 100000 100000 248 8 125 248 199 156 181 100000 135
54 25 25 17 25 100000 58 42 4 47 11 75 31
55 7 17 14 5 14 100000 4 5 100000 17 12 10
56 28 36 36 77 53 100000 36 59 23 5 11 61
57 12 35 18 15 15 12 7 8 12 26 24 9
58 52 60 17 24 49 83 37 61 23 30 12 37
59 14 40 20 100000 13 11 36 33 17 38 11 100000
60 3 7 5 3 5 8 100000 8 5 5 3 2
61 3 4 3 4 6 4 7 8 4 4 7 4
62 8 13 8 7 100000 100000 8 14 21 21 23 4
63 16 27 30 14 1 10 28 32 2 23 100000 15
64 33 26 75 39 96 56 85 75 14 82 100000 97
65 8 13 23 16 8 12 9 21 13 15 22 11
66 18 54 48 21 48 29 9 15 21 6 33 100000
67 10 30 7 11 25 11 25 100000 16 20 100000 12
68 14 12 33 39 31 14 100000 13 3 1 35 3
69 28 14 28 73 28 21 51 63 100000 100000 42 61
70 11 2 19 2 13 33 21 20 17 20 27 6
71 118 259 86 199 100000 283 139 75 199 252 220 117
72 25 50 37 54 2 37 34 68 54 13 14 28
73 40 81 21 52 28 88 6 46 96 61 26 63
74 40 13 100000 32 83 37 75 41 57 120 46 38
75 101 221 128 98 291 218 86 143 209 113 297 203
76 5 1 3 100000 6 100000 100000 3 6 2 4 5
77 28 23 28 37 69 67 52 37 52 10 100000 8
78 8 4 8 100000 100000 10 2 20 20 21 2 17
79 111 250 117 263 64 217 204 91 44 71 107 144
80 7 6 17 21 11 15 20 15 12 4 15 12
81 26 6 3 44 50 66 5 100000 32 2 37 100000
82 10 3 21 14 19 10 5 6 29 24 11 18
83 21 28 7 17 50 18 41 41 34 22 100000 100000
84 26 100000 32 17 22 75 48 25 16 50 10 40
85 20 32 14 38 33 26 17 20 23 57 54 51
86 21 28 43 60 12 55 47 18 100000 49 62 60
87 47 15 103 100000 68 109 138 18 121 18 67 85
88 23 23 15 29 40 30 19 61 32 26 64 13
89 13 32 22 11 9 3 8 3 4 3 39 3
90 19 28 21 11 38 15 16 50 33 5 41 26
91 115 300 100000 345 297 249 77 269 145 70 104 100000
92 35 7 100000 12 7 10 100000 52 31 51 76 10
93 26 100000 10 26 70 43 11 23 60 58 100000 26
94 46 133 23 34 41 111 13 68 115 97 60 11
95 20 2 9 41 15 17 28 57 28 12 33 44
96 31 33 100000 41 83 50 100000 44 84 62 100000 77
97 19 18 40 57 29 47 38 55 49 46 8 37
98 34 39 2 74 21 9 65 26 47 36 87 3
99 51 34 100000 144 148 9 62 71 13 39 66 85
100 39 78 94 109 28 16 30 37 89 100000 117 51
101 30 78 74 13 53 54 37 34 79 81 89 100000
102 26 66 100000 53 54 6 37 57 45 30 58 28
103 13 23 9 1 26 39 34 26 15 5 3 36
104 45 100 72 40 73 77 102 49 119 9 80 77
105 58 153 13 13 127 100000 74 56 32 67 48 169
106 28 13 26 78 28 22 51 67 36 45 12 100000
107 8 100000 100000 22 5 16 100000 7 11 16 22 18
108 43 101 100000 7 68 78 101 114 45 101 65 69
109 40 8 19 72 62 62 100000 14 100000 82 15 12
110 34 85 80 64 7 87 71 100000 90 89 79 68
111 23 15 31 6 41 64 100000 24 50 5 22 12
112 162 122 171 6 214 355 418 100000 442 113 100000 166
113 11 19 5 21 14 5 3 8 5 23 12 8
114 19 35 36 27 100000 44 11 16 40 22 39 50
115 14 41 23 8 40 100000 9 100000 19 32 9 10
116 31 100000 42 100000 6 100000 46 19 76 19 79 6
117 32 37 100000 100000 61 15 69 58 8 10 37 96
118 26 59 53 16 28 50 46 57 100000 59 19 5
119 55 144 47 101 134 24 9 150 22 24 73 149
120 31 2 100000 40 13 91 57 30 100000 86 16 69
121 32 88 68 5 51 58 42 67 4 22 85 17
122 26 46 28 100000 12 50 26 70 23 59 10 75
123 19 100000 9 7 5 23 30 11 4 33 21 100000
124 14 34 28 20 19 26 36 100000 37 28 10 31
125 19 50 100000 33 49 19 57 2 46 35 4 11
126 48 52 52 73 103 100000 84 71 88 48 90 55
127 55 14 31 100000 11 8 160 132 16 11 39 129
128 8 6 19 11 13 3 10 22 18 100000 12 100000
129 11 10 17 4 100000 19 25 10 32 33 13 7
130 27 49 8 55 55 35 42 33 3 67 71 71
131 18 9 33 5 5 29 48 10 13 100000 42 100000
132 36 62 95 20 73 20 35 3 98 18 47 57
133 23 35 33 12 57 53 100000 68 32 100000 49 55
134 20 38 45 48 52 48 40 48 10 23 100000 100000
135 46 22 27 76 105 42 72 102 15 122 123 90
136 64 22 100000 175 87 22 100000 62 100000 102 119 51
137 22 3 41 44 65 47 22 14 100000 54 56 53
138 15 43 13 35 18 1 19 18 44 38 41 10
139 34 100000 95 62 45 16 57 11 45 26 64 15
140 22 54 8 24 19 41 34 3 19 54 31 43
141 151 96 73 385 209 100000 222 100000 268 227 304 87
142 148 440 338 400 258 276 249 50 100000 100000 121 311
143 64 16 150 85 171 24 12 131 83 100000 53 148
144 170 52 266 439 347 67 174 510 240 149 347 261
145 137 79 173 280 173 46 50 407 300 411 378 165
146 64 100000 114 20 135 98 54 16 100000 100000 16 74
147 78 64 213 38 8 208 20 166 45 3 178 64
148 78 192 162 97 66 31 100000 100000 52 194 215 120
<task directions>
1 E
2 E
3 E
4 E
5 E
6 E
7 E
8 E
9 E
10 E
11 E
12 E
13 E
14 E
15 L
16 R
17 E
18 L
19 R
20 E
21 R
22 L
23 L
24 R
25 R
26 R
27 L
28 L
29 E
30 R
31 E
32 L
33 R
34 L
35 R
36 R
37 R
38 R
39 R
40 R
41 R
42 L
43 L
44 L
45 L
46 L
47 L
48 E
49 L
50 E
51 L
52 L
53 L
54 L
55 R
56 E
57 L
58 L
59 E
60 E
61 E
62 E
63 E
64 R
65 E
66 E
67 E
68 E
69 R
70 R
71 R
72 R
73 E
74 E
75 E
76 E
77 E
78 E
79 E
80 E
81 E
82 E
83 E
84 E
85 E
86 E
87 E
88 E
89 E
90 E
91 E
92 E
93 L
94 E
95 E
96 E
97 E
98 E
99 E
100 E
101 E
102 E
103 E
104 E
105 E
106 E
107 E
108 E
109 E
110 E
111 E
112 L
113 L
114 E
115 E
116 E
117 E
118 E
119 E
120 E
121 E
122 E
123 E
124 E
125 E
126 E
127 E
128 L
129 L
130 L
131 L
132 E
133 L
134 R
135 E
136 E
137 L
138 E
139 E
140 E
141 L
142 R
143 L
144 L
145 R
146 R
147 L
148 R
<precedence relations>
1,5
1,6
1,7
1,8
2,3
3,4
3,5
3,6
3,7
4,8
5,14
6,9
7,14
8,10
9,14
10,14
11,12
12,13
14,15
14,16
15,17
16,17
17,18
17,19
18,20
19,20
20,21
20,22
20,23
20,24
21,25
21,26
21,27
21,28
22,25
22,26
22,27
22,28
23,25
23,26
23,27
23,28
24,25
24,26
24,27
24,28
25,29
26,29
27,29
28,29
29,31
31,36
32,34
33,35
34,36
35,36
36,37
37,38
37,45
38,39
39,40
40,41
40,48
40,55
42,43
43,44
45,46
46,47
47,48
47,49
47,55
50,51
51,53
51,69
52,53
54,133
55,54
55,72
55,76
55,87
55,88
56,73
57,79
58,84
58,86
59,75
59,87
61,62
62,63
63,67
64,65
64,71
64,72
65,66
65,99
66,67
67,68
68,95
68,98
69,82
70,71
72,134
73,84
73,86
73,87
73,88
73,96
74,75
75,88
75,97
76,77
77,78
78,79
79,80
80,81
81,106
82,83
82,89
82,143
82,146
84,85
88,111
89,90
90,79
91,105
92,135
95,101
96,104
98,101
99,100
100,101
101,102
101,103
102,127
103,127
105,119
106,107
107,108
108,109
109,110
111,112
112,113
113,114
113,116
113,120
113,123
113,128
114,115
115,125
116,117
117,118
118,126
120,121
121,122
122,126
123,124
124,125
128,129
129,130
130,131
130,137
132,135
133,135
134,135
135,136
138,139
139,140
141,142
142,143
142,146
142,147
142,148
144,145
145,147
145,148
<end>