<number of tasks>
148
<number of mated-station>
12
<number of workers>
24
<task times>
1 16 44 44 13 18 17 39 11 15 43 46 7 41 9 40 37 11 40 9 27 21 36 8 10
2 30 100000 25 24 18 82 69 43 100000 67 70 100000 100000 78 72 38 7 63 33 17 47 11 46 51
3 7 11 7 13 100000 2 9 12 16 9 4 100000 100000 10 11 100000 9 12 10 11 5 15 6 3
4 47 127 75 40 96 7 16 92 100000 117 37 78 4 22 75 50 78 119 109 100000 40 107 49 75
5 29 28 57 41 10 84 70 100000 18 35 38 4 56 10 62 12 4 68 23 72 84 37 38 27
6 8 21 9 100000 19 11 8 13 12 10 16 23 7 7 21 13 17 4 10 22 21 20 100000 24
7 39 73 109 66 60 71 102 53 49 43 33 105 90 2 66 93 86 53 57 95 47 14 79 107
8 37 40 77 65 97 100000 108 10 100000 80 13 43 75 53 59 78 77 63 93 65 62 3 38 10
9 32 68 48 75 27 6 87 100000 19 33 78 30 36 100000 4 24 11 85 100000 53 81 49 79 84
10 29 43 68 100000 82 29 100000 15 100000 48 23 84 5 26 84 19 73 70 100000 27 25 51 4 100000
11 17 11 10 25 23 47 27 26 22 38 44 50 7 2 10 25 20 34 12 100000 2 8 46 45
12 11 21 100000 23 12 18 27 4 12 21 6 20 25 2 13 14 3 17 8 21 15 100000 7 10
13 32 72 71 25 70 100000 11 12 2 81 100000 30 80 59 63 63 37 66 16 64 94 76 85 24
14 15 35 42 39 40 23 43 32 24 27 11 2 37 19 36 11 9 5 17 8 39 34 30 11
15 53 153 150 18 100000 124 116 112 100000 89 59 113 56 41 100000 100000 72 47 48 129 56 48 100000 53
16 53 138 94 138 39 83 31 145 48 66 52 17 72 9 99 82 100000 145 115 140 55 93 44 96
17 8 22 4 8 7 18 15 23 100000 8 11 100000 24 3 1 6 23 3 3 4 22 3 4 18
18 24 33 26 20 72 59 26 4 6 37 66 46 100000 12 57 5 17 10 11 71 29 72 12 46
19 24 19 45 5 66 21 67 9 100000 66 61 41 14 54 47 48 12 7 100000 35 2 16 100000 25
20 8 6 13 21 7 100000 7 100000 9 18 100000 6 6 100000 7 19 15 100000 16 13 20 100000 20 18
21 7 17 100000 9 3 19 13 7 5 7 10 13 17 9 6 9 18 11 2 7 12 10 3 100000
22 8 17 16 100000 19 12 7 24 13 14 5 9 100000 3 10 2 21 19 24 1 7 8 20 22
23 14 9 9 100000 100000 8 2 28 15 40 14 8 7 24 15 100000 35 12 32 37 12 10 24 29
24 13 6 9 18 1 29 21 100000 8 14 21 4 28 33 31 9 24 30 20 38 36 2 100000 100000
25 10 4 2 5 100000 25 14 25 16 100000 5 16 18 21 13 4 8 6 100000 20 16 9 1 27
26 25 53 8 43 19 65 53 31 58 39 42 32 13 100000 7 46 43 23 100000 17 100000 11 57 22
27 11 24 16 5 27 2 7 17 100000 9 100000 26 7 24 27 7 28 12 100000 4 16 100000 4 24
28 25 5 38 75 5 11 100000 59 2 50 34 65 30 51 23 74 45 32 100000 65 10 100000 39 55
29 11 16 14 11 26 100000 27 18 9 13 21 15 33 15 8 29 32 8 100000 20 10 23 100000 20
30 29 78 13 100000 100000 11 41 75 31 19 64 38 67 23 29 25 6 100000 61 7 4 5 67 74
31 25 100000 5 100000 42 60 75 25 31 26 7 5 74 36 47 5 50 28 22 100000 5 4 11 19
32 10 18 8 14 14 16 20 28 16 18 20 22 7 15 21 9 10 16 16 18 9 25 18 4
33 14 100000 27 5 4 37 2 31 21 10 21 22 41 34 18 25 37 30 30 26 6 14 12 100000
34 41 90 119 47 64 16 97 121 100000 56 100000 85 84 33 66 69 53 103 96 22 73 25 8 84
35 42 71 31 84 64 57 22 25 120 104 37 126 51 44 10 29 56 95 9 42 67 47 77 64
36 47 116 11 112 5 100000 100000 75 9 100000 30 18 106 117 53 140 74 35 37 43 14 100000 12 54
37 7 100000 9 100000 18 11 7 7 14 100000 21 13 7 2 14 14 2 4 19 18 16 15 8 17
38 80 44 168 195 100000 209 92 183 113 100000 228 190 116 235 97 216 49 75 221 100000 100000 187 100000 209
39 7 20 17 21 7 5 4 3 100000 7 3 9 7 18 1 11 2 100000 18 13 6 15 13 18
40 41 100000 80 21 107 62 40 13 73 118 122 100000 21 79 108 100000 118 10 51 99 2 110 45 56
41 47 107 61 28 100000 100 130 84 29 117 100000 63 107 138 106 37 70 120 96 25 93 9 47 70
42 16 23 38 100000 32 100000 7 100000 16 34 44 40 36 25 36 19 48 6 5 16 41 15 21 9
43 32 53 15 93 76 22 49 79 95 54 56 64 2 85 72 66 13 100000 51 25 62 11 100000 66
44 66 76 70 125 186 19 109 137 100000 151 133 125 170 127 165 72 135 111 101 86 5 192 90 109
45 80 168 168 113 207 100000 68 171 230 100000 87 100000 6 118 92 23 49 94 204 46 173 44 63 15
46 7 2 9 7 4 15 14 6 9 14 2 100000 18 6 14 3 5 16 16 1 6 17 12 100000
47 41 71 97 18 40 100000 68 28 3 13 108 69 113 47 62 85 57 22 83 45 61 96 60 118
48 13 37 25 17 100000 6 33 2 19 2 30 30 37 1 31 23 100000 30 7 100000 29 34 4 29
49 47 21 81 124 68 74 16 39 5 100000 70 100000 18 35 46 60 100000 77 40 100000 82 56 138 100000
50 33 33 11 71 62 73 93 53 53 35 77 44 78 69 75 12 24 39 9 45 67 71 62 41
51 34 40 41 93 64 70 42 62 15 5 18 30 28 33 7 100000 6 81 28 75 4 22 81 56
52 11 29 13 22 19 31 18 8 5 30 29 27 33 9 21 26 26 5 7 14 19 14 20 31
53 118 47 156 185 290 238 146 223 33 230 163 319 241 312 100000 146 329 29 100000 100000 43 15 114 301
54 25 100000 24 21 34 27 69 35 41 100000 37 100000 63 62 34 60 40 100000 100000 22 19 64 75 59
55 7 12 10 21 12 12 12 16 15 15 16 6 100000 21 100000 9 7 15 19 17 4 18 20 100000
56 28 72 16 11 100000 66 80 57 70 2 43 82 7 100000 59 38 38 46 57 12 21 38 47 100000
57 12 32 12 8 7 100000 8 35 2 5 2 19 14 9 30 2 26 25 4 100000 8 8 3 34
58 52 9 151 110 77 116 100000 100000 153 139 91 58 49 77 100000 100000 151 23 24 117 52 137 38 15
59 14 21 31 28 3 2 3 40 37 100000 2 16 7 4 1 25 100000 27 34 15 10 1 37 32
60 3 7 6 5 6 100000 2 9 3 2 8 2 3 3 7 9 3 1 100000 100000 5 3 5 9
61 3 100000 9 100000 5 5 6 8 2 3 100000 3 3 6 2 6 2 4 9 7 5 3 7 1
62 8 4 13 5 14 17 19 5 20 6 13 18 7 4 8 5 19 18 18 19 5 21 10 21
63 16 11 38 22 22 17 12 30 47 25 15 46 41 48 40 44 9 9 100000 2 22 24 23 17
64 33 70 25 37 80 55 100000 38 68 32 84 60 100000 38 36 100000 22 93 7 100000 3 73 7 64
65 8 4 18 9 5 10 23 16 9 14 100000 20 18 21 15 7 14 5 16 100000 23 19 1 15
66 18 3 23 16 35 37 6 16 17 100000 9 32 10 52 4 36 11 47 20 23 34 3 17 100000
67 10 10 13 11 3 26 27 13 10 20 22 9 9 12 30 15 29 28 24 11 13 13 3 9
68 14 30 31 13 12 39 100000 13 34 17 29 8 15 41 17 35 10 33 100000 34 100000 6 35 34
69 28 44 18 100000 49 11 41 100000 21 41 18 62 78 65 28 14 74 25 24 62 100000 100000 100000 62
70 11 18 12 19 31 10 32 21 8 6 24 15 27 27 1 24 32 8 7 15 16 100000 7 10
71 118 223 132 149 100000 82 262 269 276 8 326 153 255 209 163 347 245 333 266 103 294 72 72 100000
72 25 57 100000 51 37 100000 100000 34 68 72 2 42 100000 27 19 100000 73 100000 100000 38 75 27 29 62
73 40 11 15 100 32 28 116 55 47 68 113 21 19 49 40 115 57 38 100000 91 30 97 15 32
74 40 64 46 100000 105 100000 43 100000 85 59 37 112 19 96 114 9 58 82 7 34 64 51 69 109
75 101 122 155 240 161 243 92 7 279 122 43 31 98 237 167 119 237 146 119 119 203 170 228 89
76 5 100000 5 11 11 14 5 8 5 100000 100000 3 10 9 7 7 6 5 100000 12 3 6 12 1
77 28 26 26 13 40 2 39 82 82 76 8 51 31 40 57 83 44 49 71 16 57 100000 78 68
78 8 18 3 8 7 14 15 11 11 15 11 16 12 12 12 6 24 22 100000 6 16 10 3 7
79 111 97 150 200 184 74 100000 114 21 28 240 100000 306 51 164 263 47 227 54 300 100000 84 38 100000
80 7 10 6 6 21 6 12 4 2 6 6 3 100000 4 3 10 9 13 19 19 21 14 21 12
81 26 60 100000 29 60 100000 47 45 42 29 15 50 100000 65 100000 49 100000 30 100000 56 47 2 23 57
82 10 24 19 100000 18 14 18 9 8 9 5 28 29 21 3 14 30 100000 16 29 13 2 100000 24
83 21 27 5 53 7 38 10 100000 56 38 56 49 23 29 49 8 56 36 4 47 20 31 20 13
84 26 18 100000 38 2 53 56 22 100000 73 41 11 100000 65 5 13 3 53 70 70 36 40 10 75
85 20 38 29 57 36 40 2 6 24 56 51 54 46 46 24 100000 7 31 52 6 41 51 45 100000
86 21 59 36 3 7 100000 100000 33 49 6 36 22 48 15 38 56 21 50 100000 48 54 59 100000 19
87 47 63 50 81 71 109 82 53 100000 100000 57 127 15 39 75 54 96 29 102 71 56 91 15 71
88 23 33 67 8 55 21 48 66 34 22 5 46 36 100000 59 100000 64 20 49 48 43 40 37 49
89 13 36 11 100000 15 22 8 36 100000 11 31 36 29 26 32 15 24 34 22 39 11 18 34 16
90 19 42 54 17 18 33 8 11 17 3 27 32 12 17 9 22 14 51 11 8 44 47 25 56
91 115 324 104 125 100000 121 108 139 221 84 256 111 249 87 128 221 100000 170 42 204 328 100000 273 100000
92 35 13 16 37 82 12 2 37 34 61 44 100000 21 9 45 103 104 94 37 100000 38 77 26 18
93 26 41 50 100000 74 6 9 21 100000 51 16 65 6 63 100000 73 50 8 33 65 13 29 62 100000
94 46 127 86 8 134 45 37 105 65 49 126 131 78 133 100000 57 57 130 100000 90 116 31 48 87
95 20 23 13 45 33 51 55 8 100000 19 32 4 32 9 10 45 100000 34 20 27 29 48 51 45
96 31 17 66 91 37 28 78 9 73 78 86 29 21 57 70 28 93 8 61 18 92 18 40 41
97 19 19 27 4 52 33 15 14 12 48 100000 47 42 8 4 17 55 40 35 2 100000 100000 30 21
98 34 37 71 5 30 9 45 25 80 13 14 100000 66 57 30 49 64 26 85 13 44 87 18 22
99 51 110 103 100000 25 121 92 142 123 34 33 110 13 47 132 71 41 118 9 103 103 77 6 107
100 39 104 73 64 9 100000 69 102 39 60 101 94 85 16 105 104 65 89 85 16 56 11 87 112
101 30 28 80 84 43 38 62 15 61 89 2 19 48 21 70 52 100000 52 12 77 37 100000 18 29
102 26 46 41 78 100000 11 72 32 6 100000 3 68 28 44 27 66 63 23 51 26 45 43 48 100000
103 13 7 15 33 11 5 35 14 19 26 14 25 33 36 18 100000 1 9 7 13 9 38 18 30
104 45 100000 80 100000 71 73 80 99 67 32 134 99 100000 63 96 48 43 108 73 28 77 45 30 84
105 58 4 139 88 126 100000 100000 101 100000 72 8 134 129 129 100000 36 139 22 11 100000 103 44 150 100000
106 28 100000 6 100000 73 2 72 29 100000 65 50 50 39 7 67 40 6 84 37 43 20 60 28 16
107 8 100000 13 18 15 22 21 21 16 16 18 20 100000 17 13 4 1 1 7 16 17 22 18 15
108 43 125 37 100000 9 115 23 55 87 124 27 30 129 60 11 78 2 87 121 78 29 52 30 6
109 40 88 38 51 87 75 89 21 83 116 41 96 43 118 13 28 62 100000 100000 87 32 49 46 9
110 34 41 56 14 100000 90 100000 75 100000 49 45 100000 66 92 50 54 18 5 49 12 100000 31 7 100000
111 23 41 67 47 48 53 30 32 100000 22 51 11 36 36 100000 66 29 11 67 100000 11 3 2 21
112 162 268 100000 190 248 166 100000 428 98 438 98 100000 302 100000 166 6 122 100000 389 100000 365 103 452 307
113 11 14 23 8 17 16 17 29 13 32 100000 21 12 17 31 28 5 13 7 33 8 28 22 100000
114 19 49 53 30 100000 21 37 11 100000 21 14 21 57 45 10 52 13 6 12 46 14 25 26 34
115 14 37 3 8 17 14 6 14 20 2 38 100000 22 21 35 4 100000 10 11 14 40 36 11 36
116 31 74 83 79 70 34 53 79 22 76 59 100000 7 82 92 75 81 81 100000 67 20 27 31 7
117 32 44 41 64 70 100000 80 25 19 76 83 69 95 23 64 5 25 4 29 39 12 52 17 45
118 26 21 5 2 64 100000 14 100000 53 23 53 14 76 16 18 8 34 63 5 72 19 6 22 60
119 55 160 52 100000 42 35 119 24 108 154 31 83 37 70 144 98 121 11 37 16 100000 100000 12 150
120 31 76 9 52 32 43 19 41 91 20 30 46 80 26 77 84 92 20 81 77 100000 27 34 29
121 32 78 70 11 83 23 43 8 34 6 36 12 100000 75 100000 36 44 7 100000 100000 78 72 80 49
122 26 36 100000 100000 11 26 4 20 30 23 56 36 6 13 36 56 59 5 53 40 73 73 3 54
123 19 42 32 39 53 8 11 26 33 25 51 20 40 37 47 28 56 14 30 36 5 26 100000 17
124 14 37 12 15 25 100000 31 17 2 17 16 41 24 17 100000 42 30 22 100000 2 17 35 28 35
125 19 5 50 45 35 53 55 12 100000 45 53 55 39 17 19 54 19 9 52 45 32 20 55 31
126 48 91 51 114 22 105 51 127 12 134 12 51 118 115 64 124 127 100000 21 70 100000 48 4 115
127 55 72 44 100000 45 100000 100000 60 62 103 160 49 100000 152 58 49 6 144 42 100000 160 145 99 19
128 8 18 14 100000 22 22 21 14 100000 6 9 13 7 5 1 17 100000 6 7 21 21 10 18 100000
129 11 11 5 8 29 20 17 9 16 100000 8 21 28 4 11 19 7 100000 16 29 31 19 13 21
130 27 100000 55 11 19 77 78 47 78 27 11 64 59 49 13 74 61 52 38 19 32 100000 12 50
131 18 29 26 35 41 29 2 22 17 48 54 29 48 11 39 2 44 3 43 24 21 31 32 34
132 36 76 37 83 100000 75 95 105 102 8 108 75 32 7 46 44 95 2 91 62 30 100000 36 42
133 23 100000 6 6 45 15 38 56 55 55 28 15 49 13 30 18 43 45 47 59 100000 24 66 45
134 20 10 52 9 39 34 6 46 40 44 100000 7 40 31 8 100000 30 100000 2 53 19 26 100000 100000
135 46 79 133 124 100000 126 57 34 96 27 35 116 100000 79 19 20 59 87 60 112 94 96 119 111
136 64 79 37 45 100000 160 108 112 91 28 75 125 135 110 192 148 58 83 161 91 83 26 116 32
137 22 57 100000 29 47 28 35 2 44 35 28 30 47 34 23 6 100000 45 56 60 57 15 64 32
138 15 32 25 33 100000 14 42 36 5 12 21 3 39 21 100000 33 8 40 34 38 28 38 32 45
139 34 100000 52 99 63 100000 43 59 79 66 30 22 79 48 65 42 58 8 76 42 81 71 100 100000
140 22 64 65 9 53 100000 11 25 65 47 2 45 100000 48 100000 55 100000 15 13 13 62 52 61 30
141 151 277 19 430 335 51 381 146 100000 164 109 15 15 290 367 385 15 372 263 33 417 200 376 100000
142 148 100000 183 236 196 351 209 90 386 347 10 351 302 311 267 276 72 54 249 395 293 125 267 147
143 64 98 171 127 137 175 148 41 79 169 144 91 95 85 47 167 186 181 47 9 68 56 9 85
144 170 189 408 271 256 469 154 342 100000 194 413 200 77 16 261 205 261 454 373 459 235 408 398 100000
145 137 100000 251 337 313 358 5 222 382 128 153 71 272 173 210 181 309 382 54 116 124 145 370 382
146 64 64 70 100000 100000 93 41 75 100 110 135 148 161 7 110 140 20 167 160 156 161 30 54 100000
147 78 48 185 100000 129 59 227 187 100000 57 71 222 208 111 108 55 13 94 232 76 183 36 99 66
148 78 48 187 185 185 80 22 190 143 100000 229 17 83 22 31 113 108 206 171 166 115 127 100000 94
<task directions>
1 E
2 E
3 E
4 E
5 E
6 E
7 E
8 E
9 E
10 E
11 E
12 E
13 E
14 E
15 L
16 R
17 E
18 L
19 R
20 E
21 R
22 L
23 L
24 R
25 R
26 R
27 L
28 L
29 E
30 R
31 E
32 L
33 R
34 L
35 R
36 R
37 R
38 R
39 R
40 R
41 R
42 L
43 L
44 L
45 L
46 L
47 L
48 E
49 L
50 E
51 L
52 L
53 L
54 L
55 R
56 E
57 L
58 L
59 E
60 E
61 E
62 E
63 E
64 R
65 E
66 E
67 E
68 E
69 R
70 R
71 R
72 R
73 E
74 E
75 E
76 E
77 E
78 E
79 E
80 E
81 E
82 E
83 E
84 E
85 E
86 E
87 E
88 E
89 E
90 E
91 E
92 E
93 L
94 E
95 E
96 E
97 E
98 E
99 E
100 E
101 E
102 E
103 E
104 E
105 E
106 E
107 E
108 E
109 E
110 E
111 E
112 L
113 L
114 E
115 E
116 E
117 E
118 E
119 E
120 E
121 E
122 E
123 E
124 E
125 E
126 E
127 E
128 L
129 L
130 L
131 L
132 E
133 L
134 R
135 E
136 E
137 L
138 E
139 E
140 E
141 L
142 R
143 L
144 L
145 R
146 R
147 L
148 R
<precedence relations>
1,5
1,6
1,7
1,8
2,3
3,4
3,5
3,6
3,7
4,8
5,14
6,9
7,14
8,10
9,14
10,14
11,12
12,13
14,15
14,16
15,17
16,17
17,18
17,19
18,20
19,20
20,21
20,22
20,23
20,24
21,25
21,26
21,27
21,28
22,25
22,26
22,27
22,28
23,25
23,26
23,27
23,28
24,25
24,26
24,27
24,28
25,29
26,29
27,29
28,29
29,31
31,36
32,34
33,35
34,36
35,36
36,37
37,38
37,45
38,39
39,40
40,41
40,48
40,55
42,43
43,44
45,46
46,47
47,48
47,49
47,55
50,51
51,53
51,69
52,53
54,133
55,54
55,72
55,76
55,87
55,88
56,73
57,79
58,84
58,86
59,75
59,87
61,62
62,63
63,67
64,65
64,71
64,72
65,66
65,99
66,67
67,68
68,95
68,98
69,82
70,71
72,134
73,84
73,86
73,87
73,88
73,96
74,75
75,88
75,97
76,77
77,78
78,79
79,80
80,81
81,106
82,83
82,89
82,143
82,146
84,85
88,111
89,90
90,79
91,105
92,135
95,101
96,104
98,101
99,100
100,101
101,102
101,103
102,127
103,127
105,119
106,107
107,108
108,109
109,110
111,112
112,113
113,114
113,116
113,120
113,123
113,128
114,115
115,125
116,117
117,118
118,126
120,121
121,122
122,126
123,124
124,125
128,129
129,130
130,131
130,137
132,135
133,135
134,135
135,136
138,139
139,140
141,142
142,143
142,146
142,147
142,148
144,145
145,147
145,148
<end>