<number of tasks>
148
<number of mated-station>
4
<number of workers>
8
<task times>
1 16 19 12 38 33 44 1 35
2 30 3 3 16 29 21 81 70
3 7 100000 7 5 6 6 13 13
4 47 37 19 92 70 65 100000 22
5 29 34 100000 80 11 57 45 8
6 8 100000 12 2 12 100000 3 18
7 39 74 105 117 100000 8 68 42
8 37 35 2 55 44 62 107 100000
9 32 68 80 11 62 87 81 34
10 29 17 33 20 32 27 43 58
11 17 38 10 32 100000 7 11 100000
12 11 25 32 20 100000 13 9 31
13 32 80 38 47 22 42 25 5
14 15 34 5 36 5 40 15 31
15 53 41 7 116 33 74 100000 121
16 53 75 94 77 100000 31 58 39
17 8 2 14 1 2 18 17 10
18 24 14 12 8 26 14 9 55
19 24 55 14 51 45 100000 100000 50
20 8 14 15 12 15 8 4 4
21 7 8 5 100000 18 100000 14 9
22 8 5 17 23 100000 11 24 6
23 14 34 34 22 28 26 33 5
24 13 37 30 4 36 28 34 32
25 10 9 21 100000 21 16 24 14
26 25 42 24 20 28 46 25 54
27 11 29 13 100000 2 5 25 12
28 25 24 26 54 22 11 42 13
29 11 2 22 13 27 29 21 100000
30 29 26 50 66 21 4 86 82
31 25 18 68 38 43 61 16 35
32 10 5 30 12 16 100000 29 2
33 14 17 9 4 32 100000 33 18
34 41 27 101 39 32 5 60 55
35 42 47 100000 101 17 106 91 29
36 47 102 120 81 102 58 127 96
37 7 16 15 8 16 8 100000 4
38 80 147 85 230 216 223 37 100000
39 7 100000 2 14 18 13 19 11
40 41 106 47 100000 88 45 113 40
41 47 100000 140 54 113 12 107 35
42 16 23 32 23 4 44 19 100000
43 32 58 36 38 86 16 11 43
44 66 40 98 31 117 155 153 66
45 80 144 61 85 49 147 209 104
46 7 12 4 10 1 100000 14 19
47 41 100000 23 110 39 95 45 93
48 13 11 12 3 28 16 17 36
49 47 100000 100000 107 22 25 12 32
50 33 12 90 100000 57 19 23 94
51 34 92 37 54 80 61 55 85
52 11 30 12 30 30 9 29 16
53 118 350 114 199 298 12 100000 336
54 25 57 56 37 5 2 48 30
55 7 9 15 14 12 16 13 10
56 28 10 100000 64 28 100000 67 55
57 12 21 21 20 29 3 25 28
58 52 58 15 100000 83 86 46 48
59 14 24 42 100000 21 31 29 11
60 3 9 6 3 7 2 4 7
61 3 7 6 8 6 100000 2 5
62 8 3 100000 11 19 21 11 22
63 16 2 19 39 23 42 7 39
64 33 13 77 93 43 18 66 93
65 8 18 17 4 20 10 21 6
66 18 39 28 39 42 15 40 13
67 10 12 13 24 16 21 22 11
68 14 2 2 29 8 4 42 25
69 28 50 75 100000 100000 10 44 57
70 11 100000 32 15 27 6 11 25
71 118 61 298 287 26 100000 86 298
72 25 100000 34 45 25 7 50 72
73 40 36 87 100000 39 20 108 114
74 40 49 28 66 106 68 118 13
75 101 34 43 203 188 179 176 221
76 5 100000 3 100000 6 10 100000 4
77 28 10 6 52 84 56 62 67
78 8 12 100000 21 7 21 10 5
79 111 130 306 306 121 74 180 333
80 7 15 21 5 18 14 16 2
81 26 100000 53 4 100000 56 35 55
82 10 28 2 10 100000 11 10 21
83 21 17 57 30 100000 23 34 36
84 26 27 62 43 52 33 14 70
85 20 29 25 54 16 6 21 42
86 21 24 35 40 26 9 54 49
87 47 112 112 75 85 100000 135 100000
88 23 61 27 100000 51 6 13 28
89 13 17 28 23 15 100000 23 34
90 19 46 9 43 17 40 33 9
91 115 183 100000 231 56 245 280 194
92 35 99 8 39 100000 19 53 18
93 26 18 100000 63 51 52 51 23
94 46 68 35 117 106 124 37 38
95 20 26 56 31 28 48 23 37
96 31 8 70 22 64 2 100000 30
97 19 7 100000 11 22 9 21 4
98 34 4 100000 100000 98 2 2 13
99 51 135 97 25 12 124 19 88
100 39 10 23 4 24 8 60 108
101 30 43 55 73 33 70 100000 67
102 26 2 26 100000 52 33 63 15
103 13 12 39 100000 33 2 100000 22
104 45 53 51 32 21 100000 21 110
105 58 108 143 77 155 164 134 30
106 28 4 64 11 100000 69 45 33
107 8 4 19 13 3 1 24 5
108 43 85 14 11 100000 123 97 59
109 40 102 61 74 119 118 93 76
110 34 4 5 29 62 67 80 53
111 23 64 15 26 31 100000 52 100000
112 162 117 50 433 442 100000 457 447
113 11 21 100000 23 3 8 19 11
114 19 50 42 8 37 22 43 28
115 14 40 34 33 37 100000 6 37
116 31 40 5 82 54 60 84 74
117 32 89 26 19 71 22 7 68
118 26 6 16 70 51 52 63 39
119 55 4 99 80 68 94 40 3
120 31 9 84 100000 52 48 87 4
121 32 7 15 27 100000 5 19 2
122 26 43 78 13 12 63 26 58
123 19 32 48 45 49 14 100000 8
124 14 38 19 15 41 10 20 1
125 19 49 46 21 21 18 3 11
126 48 100000 70 88 44 85 100000 80
127 55 55 91 126 139 39 106 52
128 8 5 10 20 13 10 16 11
129 11 15 11 30 26 13 31 17
130 27 100000 43 21 12 74 26 100000
131 18 48 44 35 100000 45 47 28
132 36 19 17 20 48 4 49 92
133 23 59 25 60 9 4 4 34
134 20 100000 8 35 10 51 41 48
135 46 80 27 41 100000 120 50 35
136 64 100000 49 114 37 98 175 188
137 22 45 53 48 36 9 58 25
138 15 22 33 27 100000 11 33 40
139 34 37 71 100000 53 4 23 82
140 22 51 58 8 25 56 23 100000
141 151 272 349 42 100000 100000 100000 191
142 148 36 333 134 245 400 347 178
143 64 26 5 177 18 32 135 163
144 170 505 495 317 184 100000 256 179
145 137 22 300 251 317 354 100000 276
146 64 135 100000 75 142 184 100000 184
147 78 176 73 97 104 227 118 113
148 78 176 157 190 208 173 87 100000
<task directions>
1 E
2 E
3 E
4 E
5 E
6 E
7 E
8 E
9 E
10 E
11 E
12 E
13 E
14 E
15 L
16 R
17 E
18 L
19 R
20 E
21 R
22 L
23 L
24 R
25 R
26 R
27 L
28 L
29 E
30 R
31 E
32 L
33 R
34 L
35 R
36 R
37 R
38 R
39 R
40 R
41 R
42 L
43 L
44 L
45 L
46 L
47 L
48 E
49 L
50 E
51 L
52 L
53 L
54 L
55 R
56 E
57 L
58 L
59 E
60 E
61 E
62 E
63 E
64 R
65 E
66 E
67 E
68 E
69 R
70 R
71 R
72 R
73 E
74 E
75 E
76 E
77 E
78 E
79 E
80 E
81 E
82 E
83 E
84 E
85 E
86 E
87 E
88 E
89 E
90 E
91 E
92 E
93 L
94 E
95 E
96 E
97 E
98 E
99 E
100 E
101 E
102 E
103 E
104 E
105 E
106 E
107 E
108 E
109 E
110 E
111 E
112 L
113 L
114 E
115 E
116 E
117 E
118 E
119 E
120 E
121 E
122 E
123 E
124 E
125 E
126 E
127 E
128 L
129 L
130 L
131 L
132 E
133 L
134 R
135 E
136 E
137 L
138 E
139 E
140 E
141 L
142 R
143 L
144 L
145 R
146 R
147 L
148 R
<precedence relations>
1,5
1,6
1,7
1,8
2,3
3,4
3,5
3,6
3,7
4,8
5,14
6,9
7,14
8,10
9,14
10,14
11,12
12,13
14,15
14,16
15,17
16,17
17,18
17,19
18,20
19,20
20,21
20,22
20,23
20,24
21,25
21,26
21,27
21,28
22,25
22,26
22,27
22,28
23,25
23,26
23,27
23,28
24,25
24,26
24,27
24,28
25,29
26,29
27,29
28,29
29,31
31,36
32,34
33,35
34,36
35,36
36,37
37,38
37,45
38,39
39,40
40,41
40,48
40,55
42,43
43,44
45,46
46,47
47,48
47,49
47,55
50,51
51,53
51,69
52,53
54,133
55,54
55,72
55,76
55,87
55,88
56,73
57,79
58,84
58,86
59,75
59,87
61,62
62,63
63,67
64,65
64,71
64,72
65,66
65,99
66,67
67,68
68,95
68,98
69,82
70,71
72,134
73,84
73,86
73,87
73,88
73,96
74,75
75,88
75,97
76,77
77,78
78,79
79,80
80,81
81,106
82,83
82,89
82,143
82,146
84,85
88,111
89,90
90,79
91,105
92,135
95,101
96,104
98,101
99,100
100,101
101,102
101,103
102,127
103,127
105,119
106,107
107,108
108,109
109,110
111,112
112,113
113,114
113,116
113,120
113,123
113,128
114,115
115,125
116,117
117,118
118,126
120,121
121,122
122,126
123,124
124,125
128,129
129,130
130,131
130,137
132,135
133,135
134,135
135,136
138,139
139,140
141,142
142,143
142,146
142,147
142,148
144,145
145,147
145,148
<end>