<number of tasks>
148
<number of mated-station>
9
<number of workers>
18
<task times>
1 16 26 21 24 7 9 2 37 7 4 100000 100000 100000 34 100000 38 15 32
2 30 83 53 78 100000 80 5 13 18 54 100000 52 48 38 10 100000 34 65
3 7 15 1 7 17 13 100000 100000 14 100000 9 100000 17 4 100000 5 5 2
4 47 100000 29 126 36 100000 110 32 19 126 65 64 98 53 95 68 65 100000
5 29 45 53 22 69 82 84 100000 10 100000 84 37 14 9 82 55 35 26
6 8 100000 21 4 4 9 100000 24 6 10 24 16 17 13 19 12 4 18
7 39 4 29 44 49 108 52 81 68 100000 100000 36 85 60 68 100000 47 68
8 37 78 41 36 92 54 111 73 35 100000 100000 100000 24 77 104 100000 55 31
9 32 43 72 21 100000 100000 95 100000 68 59 55 11 24 44 70 59 52 36
10 29 10 62 43 30 59 54 3 67 43 54 100000 30 36 100000 79 41 100000
11 17 19 26 48 100000 100000 100000 11 38 47 28 34 2 31 17 39 100000 36
12 11 11 100000 6 100000 100000 100000 33 29 7 100000 29 24 14 22 18 29 17
13 32 100000 43 91 100000 92 58 9 12 79 61 100000 100000 16 62 25 57 76
14 15 100000 38 2 100000 16 100000 41 100000 20 21 9 100000 6 11 17 43 30
15 53 50 10 94 134 80 17 72 121 159 100000 63 123 88 100000 100000 44 148
16 53 88 159 134 153 20 29 15 7 100000 47 100000 94 97 140 151 47 66
17 8 14 100000 100000 7 15 3 16 23 6 10 9 7 14 2 9 14 13
18 24 16 41 22 29 5 63 10 27 100000 57 34 100000 26 100000 27 32 24
19 24 63 100000 53 49 37 22 49 100000 44 100000 14 100000 50 15 11 100000 29
20 8 100000 22 11 19 21 10 100000 1 16 6 11 21 100000 13 8 7 14
21 7 6 20 19 13 4 15 5 15 100000 100000 8 100000 7 11 100000 17 1
22 8 6 19 8 7 100000 17 4 1 22 3 7 18 3 10 2 14 3
23 14 35 100000 28 7 24 100000 7 35 40 35 100000 22 100000 100000 15 14 9
24 13 26 18 32 13 14 100000 5 100000 20 25 34 3 19 24 2 29 36
25 10 14 100000 17 8 14 27 4 19 13 7 11 13 6 11 100000 1 16
26 25 31 49 100000 46 13 32 28 15 4 52 4 24 100000 46 28 32 65
27 11 18 24 11 3 23 100000 100000 21 20 100000 18 10 15 30 12 100000 11
28 25 45 8 100000 100000 60 22 46 8 24 8 20 43 100000 100000 3 2 68
29 11 21 17 21 22 14 6 22 100000 4 4 32 2 7 31 7 31 100000
30 29 82 71 19 19 58 6 79 34 85 78 59 33 100000 59 45 31 45
31 25 4 17 4 74 20 74 47 28 23 5 10 62 22 51 100000 33 35
32 10 26 100000 100000 100000 3 13 30 28 5 100000 29 28 24 24 29 100000 15
33 14 29 100000 100000 1 23 26 23 100000 3 18 100000 27 3 33 36 32 9
34 41 47 102 44 58 100000 100000 35 68 41 46 93 100000 99 8 100000 22 38
35 42 100000 100000 70 104 30 100000 64 36 65 89 4 79 100000 117 100000 75 30
36 47 18 103 128 82 100000 100000 8 47 112 138 39 8 16 2 53 74 56
37 7 14 8 3 16 3 10 7 14 7 3 2 20 7 100000 14 15 3
38 80 195 30 73 27 20 202 100000 116 228 209 140 192 100000 100000 32 56 238
39 7 18 3 100000 100000 100000 100000 5 8 4 15 21 3 18 100000 8 100000 20
40 41 100000 102 73 53 122 100000 106 100000 91 34 40 91 100000 100000 118 100000 5
41 47 137 72 82 57 120 128 29 79 72 25 77 5 33 100000 19 19 130
42 16 36 7 14 26 25 100000 23 35 9 44 100000 30 25 5 12 100000 40
43 32 100000 65 89 62 62 68 17 5 51 44 39 63 20 64 49 95 61
44 66 172 42 100000 188 125 80 100000 163 172 100 100000 131 100000 147 100000 68 60
45 80 113 87 100000 3 66 178 223 183 240 161 171 20 230 97 202 58 100000
46 7 9 8 2 1 15 14 16 18 100000 4 15 2 11 14 9 100000 19
47 41 96 100000 56 44 103 100000 58 97 34 68 74 75 105 123 13 33 46
48 13 35 100000 20 3 18 100000 14 12 32 36 100000 12 100000 100000 26 33 100000
49 47 30 135 123 77 67 12 37 21 32 25 23 99 100000 92 68 93 8
50 33 38 51 29 74 17 98 100000 30 70 74 93 34 9 52 83 61 100000
51 34 17 67 100000 94 95 28 28 50 21 100000 100000 100000 9 53 15 57 24
52 11 6 15 20 4 5 7 25 100000 4 29 23 100000 18 29 100000 5 6
53 118 100000 139 241 178 100000 128 283 153 156 100000 287 100000 262 33 298 298 340
54 25 33 67 67 29 56 4 63 100000 10 50 13 100000 40 27 59 100000 7
55 7 14 100000 10 2 14 1 100000 14 6 20 2 9 6 100000 100000 100000 100000
56 28 100000 59 100000 55 78 19 81 16 83 47 25 28 25 43 38 70 39
57 12 30 100000 100000 2 5 14 100000 100000 24 23 28 8 26 31 26 29 29
58 52 49 29 100000 40 127 55 119 91 12 100000 86 100000 6 153 97 99 37
59 14 28 6 35 3 100000 39 6 38 31 41 38 7 9 25 21 34 12
60 3 6 2 2 8 5 2 6 4 100000 100000 8 100000 6 4 9 8 8
61 3 3 6 1 9 2 7 4 2 6 4 3 5 7 7 100000 3 7
62 8 18 16 100000 23 14 15 5 18 11 100000 23 22 11 100000 19 23 3
63 16 100000 100000 33 21 100000 20 25 22 1 100000 12 18 27 34 43 22 30
64 33 15 27 93 50 91 62 100000 32 90 47 92 77 42 2 94 100000 2
65 8 10 100000 7 6 17 100000 1 100000 16 16 12 100000 8 15 24 23 17
66 18 100000 29 33 30 53 42 100000 100000 20 50 24 33 4 19 24 100000 100000
67 10 6 7 11 25 12 6 3 5 13 10 12 10 24 20 20 7 16
68 14 23 25 100000 12 100000 24 29 29 29 33 100000 40 19 15 1 100000 30
69 28 10 40 62 100000 43 2 84 100000 39 27 23 28 27 73 6 22 47
70 11 16 14 18 2 100000 32 32 3 5 15 2 30 21 32 16 26 20
71 118 100000 209 54 33 283 100000 234 117 322 100000 305 61 93 19 322 100000 178
72 25 100000 50 7 9 39 8 100000 48 32 20 7 51 68 100000 57 39 56
73 40 57 89 65 100000 100000 116 100000 100000 71 106 36 100000 3 69 82 74 33
74 40 96 100000 78 113 2 112 100000 100000 6 55 71 13 100000 95 94 9 58
75 101 95 128 206 55 19 173 228 100000 100000 285 128 176 119 100000 22 140 31
76 5 11 10 11 11 15 100000 11 8 12 14 100000 5 7 15 5 100000 15
77 28 100000 20 23 75 45 17 33 28 100000 71 67 100000 6 37 56 52 71
78 8 12 22 21 18 3 13 12 12 100000 100000 100000 100000 100000 16 12 100000 21
79 111 150 100000 8 100000 100000 150 114 237 100000 170 157 100000 100000 233 144 167 100000
80 7 100000 9 14 8 13 14 100000 16 100000 2 9 100000 16 2 19 100000 9
81 26 54 100000 43 7 46 44 26 4 73 66 73 73 100000 40 53 54 59
82 10 100000 4 26 13 100000 100000 21 24 100000 10 100000 28 7 12 22 23 100000
83 21 22 100000 11 58 38 38 44 12 4 15 100000 61 41 100000 56 29 100000
84 26 50 23 100000 30 73 19 100000 100000 70 34 100000 64 27 100000 63 66 76
85 20 28 2 10 100000 31 60 100000 13 20 100000 52 54 36 100000 42 100000 19
86 21 25 15 100000 46 100000 41 31 2 28 100000 7 58 33 100000 100000 100000 61
87 47 100000 124 8 8 109 100000 56 119 127 130 106 33 42 86 81 100000 99
88 23 60 100000 40 66 55 13 100000 100000 49 33 7 10 63 39 46 100000 55
89 13 100000 22 20 32 37 36 21 100000 7 12 14 17 5 36 23 4 5
90 19 22 49 54 31 54 51 42 30 49 11 18 35 7 23 45 100000 13
91 115 276 104 328 73 115 207 256 100000 100000 100000 84 18 125 94 345 338 100000
92 35 34 100000 100000 42 93 28 37 100000 82 36 100000 70 100000 22 48 88 43
93 26 29 26 71 38 48 10 43 8 13 100000 44 62 100000 39 55 100000 60
94 46 100000 22 13 50 100000 16 16 43 105 82 134 100000 33 56 91 6 9
95 20 9 28 23 100000 56 100000 12 13 55 40 100000 41 9 37 3 100000 33
96 31 11 85 100000 82 53 38 49 91 100000 87 28 64 100000 37 58 88 58
97 19 13 100000 4 4 100000 15 41 32 100000 33 5 45 9 7 33 100000 100000
98 34 100000 93 28 80 70 100000 94 11 24 48 100000 100000 30 89 40 4 92
99 51 51 66 60 133 69 153 120 130 100000 83 142 142 129 4 7 62 91
100 39 83 27 56 100000 108 81 116 65 75 90 35 104 37 40 100000 105 25
101 30 84 62 100000 87 54 100000 78 100000 62 6 41 76 100000 100000 100000 63 79
102 26 100000 26 35 100000 40 100000 100000 25 4 53 100000 41 100000 100000 100000 4 33
103 13 16 3 4 28 4 13 36 36 31 100000 100000 100000 5 10 100000 39 22
104 45 124 35 61 130 77 124 85 116 104 100000 100000 91 122 132 73 91 100000
105 58 113 55 100000 100000 146 30 32 60 172 150 100000 167 30 100000 100000 108 8
106 28 44 83 56 73 17 57 100000 33 79 100000 77 100000 18 43 31 100000 51
107 8 14 100000 100000 18 23 19 100000 11 100000 1 4 10 100000 18 100000 100000 16
108 43 117 41 100000 100000 97 46 74 100000 73 100000 94 100000 78 43 114 117 68
109 40 100000 114 108 118 106 46 100000 18 41 77 43 8 62 53 15 50 57
110 34 48 5 7 100000 100000 62 47 100000 30 34 24 100000 7 99 10 94 99
111 23 49 13 12 33 100000 65 11 28 64 100000 69 69 64 5 40 66 100000
112 162 100000 100000 486 98 137 100000 30 316 20 25 40 93 360 137 307 83 147
113 11 26 100000 11 100000 5 100000 14 18 22 26 100000 100000 30 30 18 100000 31
114 19 100000 25 44 22 24 14 31 4 33 7 51 100000 28 100000 16 100000 28
115 14 26 40 33 15 35 24 25 100000 100000 27 31 100000 12 20 12 2 26
116 31 100000 100000 100000 14 30 90 76 82 59 100000 55 41 63 69 31 7 45
117 32 39 100000 87 4 46 42 100000 7 25 100000 44 100000 100000 47 93 31 68
118 26 100000 26 100000 56 31 59 77 9 60 56 6 24 21 62 7 50 100000
119 55 76 106 116 76 49 137 103 100000 21 100000 47 44 22 9 160 147 152
120 31 100000 11 35 100000 56 81 41 23 4 37 88 34 37 84 16 76 88
121 32 73 54 11 100000 46 92 72 11 100000 100000 59 56 19 100000 21 67 11
122 26 38 100000 100000 65 48 45 78 100000 72 100000 70 20 50 46 11 31 100000
123 19 14 55 40 12 23 14 28 100000 42 55 54 11 40 55 16 49 22
124 14 100000 100000 21 18 2 25 35 41 35 15 2 8 22 6 26 32 40
125 19 100000 27 100000 4 33 13 18 26 27 46 11 100000 2 26 52 45 100000
126 48 28 67 131 28 90 31 90 68 74 54 120 61 121 127 83 141 31
127 55 126 100000 165 22 52 55 11 34 39 100000 53 83 100000 100000 154 100000 100000
128 8 18 4 100000 10 10 22 13 13 11 4 10 10 13 100000 3 12 4
129 11 27 11 21 12 11 26 23 17 10 30 27 100000 100000 26 22 5 10
130 27 100000 59 47 20 29 3 72 42 10 28 67 12 68 47 21 3 7
131 18 47 14 100000 39 100000 35 12 28 45 49 14 25 47 13 100000 48 27
132 36 52 83 77 82 51 67 100000 100000 100000 30 35 16 100000 25 2 78 101
133 23 57 17 13 100000 11 22 51 100000 10 100000 100000 100000 100000 25 54 6 23
134 20 100000 100000 25 45 39 100000 5 27 21 35 15 56 100000 33 31 58 56
135 46 100000 57 105 42 98 119 6 100000 93 104 131 30 100000 100000 100000 130 28
136 64 156 110 100000 100000 129 3 47 26 100000 85 181 93 148 177 24 14 112
137 22 42 35 46 30 100000 38 15 9 45 27 100000 100000 22 100000 26 65 100000
138 15 24 17 23 21 100000 25 34 5 100000 15 43 1 35 3 100000 36 13
139 34 12 93 6 61 54 79 66 32 100 2 11 74 48 53 49 29 62
140 22 29 58 20 51 9 54 65 20 9 3 100000 25 30 34 60 59 47
141 151 182 317 137 204 322 439 254 403 290 299 367 354 367 37 286 250 64
142 148 267 413 32 100000 231 298 386 59 236 267 67 174 440 258 311 100000 90
143 64 83 112 39 81 127 125 87 30 77 100000 18 169 146 139 179 35 150
144 170 100000 100000 200 194 225 439 52 362 342 240 220 100000 123 123 100000 200 205
145 137 382 321 91 38 100000 173 206 354 100000 268 399 120 284 112 386 95 198
146 64 30 72 100000 108 100000 100000 121 150 100 137 139 26 100000 146 100000 100000 192
147 78 8 157 100000 100000 100000 27 100000 143 141 36 222 24 83 122 100000 3 104
148 78 100000 38 64 187 169 50 232 134 155 225 20 101 194 76 194 29 100000
<task directions>
1 E
2 E
3 E
4 E
5 E
6 E
7 E
8 E
9 E
10 E
11 E
12 E
13 E
14 E
15 L
16 R
17 E
18 L
19 R
20 E
21 R
22 L
23 L
24 R
25 R
26 R
27 L
28 L
29 E
30 R
31 E
32 L
33 R
34 L
35 R
36 R
37 R
38 R
39 R
40 R
41 R
42 L
43 L
44 L
45 L
46 L
47 L
48 E
49 L
50 E
51 L
52 L
53 L
54 L
55 R
56 E
57 L
58 L
59 E
60 E
61 E
62 E
63 E
64 R
65 E
66 E
67 E
68 E
69 R
70 R
71 R
72 R
73 E
74 E
75 E
76 E
77 E
78 E
79 E
80 E
81 E
82 E
83 E
84 E
85 E
86 E
87 E
88 E
89 E
90 E
91 E
92 E
93 L
94 E
95 E
96 E
97 E
98 E
99 E
100 E
101 E
102 E
103 E
104 E
105 E
106 E
107 E
108 E
109 E
110 E
111 E
112 L
113 L
114 E
115 E
116 E
117 E
118 E
119 E
120 E
121 E
122 E
123 E
124 E
125 E
126 E
127 E
128 L
129 L
130 L
131 L
132 E
133 L
134 R
135 E
136 E
137 L
138 E
139 E
140 E
141 L
142 R
143 L
144 L
145 R
146 R
147 L
148 R
<precedence relations>
1,5
1,6
1,7
1,8
2,3
3,4
3,5
3,6
3,7
4,8
5,14
6,9
7,14
8,10
9,14
10,14
11,12
12,13
14,15
14,16
15,17
16,17
17,18
17,19
18,20
19,20
20,21
20,22
20,23
20,24
21,25
21,26
21,27
21,28
22,25
22,26
22,27
22,28
23,25
23,26
23,27
23,28
24,25
24,26
24,27
24,28
25,29
26,29
27,29
28,29
29,31
31,36
32,34
33,35
34,36
35,36
36,37
37,38
37,45
38,39
39,40
40,41
40,48
40,55
42,43
43,44
45,46
46,47
47,48
47,49
47,55
50,51
51,53
51,69
52,53
54,133
55,54
55,72
55,76
55,87
55,88
56,73
57,79
58,84
58,86
59,75
59,87
61,62
62,63
63,67
64,65
64,71
64,72
65,66
65,99
66,67
67,68
68,95
68,98
69,82
70,71
72,134
73,84
73,86
73,87
73,88
73,96
74,75
75,88
75,97
76,77
77,78
78,79
79,80
80,81
81,106
82,83
82,89
82,143
82,146
84,85
88,111
89,90
90,79
91,105
92,135
95,101
96,104
98,101
99,100
100,101
101,102
101,103
102,127
103,127
105,119
106,107
107,108
108,109
109,110
111,112
112,113
113,114
113,116
113,120
113,123
113,128
114,115
115,125
116,117
117,118
118,126
120,121
121,122
122,126
123,124
124,125
128,129
129,130
130,131
130,137
132,135
133,135
134,135
135,136
138,139
139,140
141,142
142,143
142,146
142,147
142,148
144,145
145,147
145,148
<end>