<number of tasks>
148
<number of mated-station>
7
<number of workers>
14
<task times>
1 16 4 4 9 7 100000 7 1 15 9 15 4 4 100000
2 30 100000 12 26 28 18 3 21 100000 14 17 100000 29 14
3 7 1 2 5 4 3 6 1 100000 4 5 100000 4 4
4 47 26 22 10 33 34 43 13 100000 100000 7 46 41 42
5 29 20 16 8 12 4 5 14 2 100000 100000 10 25 7
6 8 2 4 2 7 7 3 7 5 5 4 6 2 8
7 39 39 31 15 26 24 11 37 22 1 12 17 6 100000
8 37 36 22 4 33 24 17 13 15 5 7 22 100000 100000
9 32 32 7 30 4 10 30 100000 2 23 22 29 16 15
10 29 25 23 9 13 13 2 100000 26 5 23 3 17 100000
11 17 9 9 6 7 16 5 8 10 10 16 15 11 6
12 11 4 3 8 4 9 3 4 100000 10 11 10 10 6
13 32 24 25 3 25 21 2 19 11 100000 32 11 4 14
14 15 9 11 11 12 15 11 12 2 2 7 13 8 9
15 53 28 28 100000 6 100000 16 44 51 100000 4 17 17 11
16 53 7 37 100000 34 39 2 15 49 51 100000 9 25 33
17 8 7 7 7 4 3 100000 7 8 2 6 4 100000 3
18 24 18 18 2 23 16 19 6 21 100000 16 22 1 2
19 24 8 15 17 13 23 11 13 13 18 10 6 16 1
20 8 6 100000 7 8 7 6 7 4 100000 7 3 7 1
21 7 2 5 100000 4 2 1 5 1 7 100000 4 6 4
22 8 8 8 6 3 7 6 7 8 1 7 8 5 4
23 14 9 11 100000 12 2 5 100000 13 8 3 7 11 7
24 13 7 13 12 10 2 100000 6 2 3 2 1 8 1
25 10 2 10 5 9 4 6 5 100000 9 7 3 8 4
26 25 10 13 100000 24 17 22 12 20 13 9 18 5 5
27 11 11 3 5 4 3 100000 9 2 3 7 4 3 3
28 25 22 10 100000 20 100000 10 25 16 13 1 7 4 22
29 11 10 1 6 3 4 4 11 9 10 7 100000 1 2
30 29 28 27 28 14 22 17 100000 100000 2 17 25 20 26
31 25 10 19 18 8 2 2 19 100000 10 21 19 11 3
32 10 10 8 100000 10 2 9 7 8 6 100000 8 8 3
33 14 4 9 12 5 7 6 100000 100000 100000 100000 100000 3 6
34 41 35 8 7 31 31 17 14 24 100000 41 5 24 26
35 42 28 21 4 24 19 24 33 3 19 100000 100000 19 28
36 47 100000 29 36 45 13 29 5 13 8 100000 34 43 17
37 7 100000 7 6 6 100000 2 3 100000 100000 100000 4 6 4
38 80 21 66 34 60 49 37 100000 34 48 78 67 34 78
39 7 3 2 2 2 4 4 3 4 3 100000 3 1 4
40 41 5 7 29 34 14 31 100000 15 9 21 15 29 2
41 47 43 27 37 32 13 32 15 16 36 47 47 24 31
42 16 14 4 3 2 11 100000 14 2 9 15 12 13 4
43 32 3 6 10 9 29 100000 25 12 17 100000 18 13 100000
44 66 34 3 9 35 17 23 63 33 15 56 37 10 37
45 80 100000 67 6 74 30 80 2 52 72 64 42 100000 22
46 7 1 2 7 100000 2 5 4 3 3 6 4 4 4
47 41 100000 39 28 19 23 12 100000 8 16 21 15 15 20
48 13 1 12 4 9 12 2 5 9 11 2 1 7 2
49 47 41 11 16 46 11 8 4 9 17 32 35 44 32
50 33 14 24 14 2 23 14 100000 4 6 23 100000 12 24
51 34 17 20 100000 17 24 17 2 6 12 3 5 30 29
52 11 100000 4 9 6 5 11 2 100000 5 4 10 11 100000
53 118 67 111 16 100000 74 100000 74 100 106 72 81 100000 29
54 25 3 6 2 4 23 5 17 14 20 2 9 6 7
55 7 3 6 100000 7 2 6 2 4 5 7 4 4 3
56 28 18 28 24 15 22 20 15 14 23 23 4 100000 100000
57 12 3 100000 4 5 8 10 12 1 5 1 100000 10 10
58 52 9 12 46 21 23 19 29 33 100000 41 24 16 13
59 14 14 100000 2 4 100000 5 6 4 8 4 8 13 2
60 3 3 100000 3 2 2 2 100000 2 2 2 2 2 2
61 3 2 1 3 1 2 100000 2 2 2 3 2 3 1
62 8 7 2 100000 5 7 4 6 1 4 5 5 1 4
63 16 9 8 16 6 9 1 8 15 16 7 7 9 6
64 33 22 14 5 27 17 28 31 100000 24 11 21 26 12
65 8 3 5 100000 6 4 100000 3 6 1 2 7 7 6
66 18 15 6 4 12 12 16 100000 1 3 6 14 3 12
67 10 4 9 1 8 9 4 6 7 10 6 1 1 7
68 14 12 6 3 7 10 2 1 3 12 7 12 2 2
69 28 10 15 3 17 15 23 13 9 5 7 15 13 6
70 11 8 11 2 1 100000 5 100000 3 9 3 10 2 3
71 118 93 7 65 14 86 102 33 52 69 100 83 110 38
72 25 22 2 25 1 3 4 14 13 1 20 19 10 17
73 40 16 38 21 5 12 25 3 3 29 100000 15 100000 6
74 40 14 6 23 7 5 25 39 5 32 3 25 16 17
75 101 20 99 22 100000 41 58 76 50 94 100000 100000 13 3
76 5 5 4 1 3 2 3 1 5 2 4 3 3 4
77 28 1 6 23 5 5 6 100000 25 23 15 13 19 24
78 8 2 4 7 2 7 2 5 5 2 3 2 7 6
79 111 98 21 100000 97 55 48 95 55 100000 69 53 92 77
80 7 6 4 6 4 6 5 5 4 5 100000 2 6 6
81 26 18 3 14 2 11 11 22 21 9 6 7 23 11
82 10 100000 3 5 2 10 9 100000 7 4 8 9 5 2
83 21 13 10 4 3 14 14 7 6 10 20 16 7 19
84 26 9 9 20 10 17 12 9 10 1 18 100000 7 17
85 20 14 18 7 20 18 5 5 5 100000 17 18 19 20
86 21 20 10 2 17 18 16 3 13 14 20 8 10 3
87 47 44 43 100000 20 20 100000 31 41 38 35 20 100000 100000
88 23 19 4 9 100000 21 16 13 18 10 9 7 21 16
89 13 10 7 6 6 1 13 8 12 13 4 100000 10 6
90 19 15 7 10 10 9 3 11 16 9 6 11 16 14
91 115 40 82 3 36 25 77 71 61 26 81 73 31 47
92 35 11 20 17 30 4 100000 15 21 28 13 14 27 12
93 26 25 26 23 7 14 2 20 18 24 4 8 21 10
94 46 4 8 20 13 100000 33 15 30 42 35 8 100000 41
95 20 14 13 8 8 6 2 15 6 9 100000 8 9 100000
96 31 24 8 7 23 26 14 16 12 3 29 16 29 7
97 19 14 14 8 17 18 14 4 2 9 10 3 3 16
98 34 34 9 33 5 26 30 15 4 24 18 16 24 8
99 51 21 43 100000 27 40 22 100000 15 4 17 13 48 100000
100 39 14 22 35 25 4 35 30 100000 7 36 14 20 2
101 30 13 4 14 19 28 14 13 9 1 23 6 24 15
102 26 25 11 18 100000 17 26 23 3 22 9 7 20 100000
103 13 8 6 13 7 3 9 9 9 10 11 6 12 7
104 45 100000 30 40 23 36 5 20 14 13 13 6 22 41
105 58 30 32 4 4 56 27 4 57 2 23 14 19 32
106 28 8 28 17 100000 20 3 18 28 23 16 14 24 22
107 8 4 4 7 2 6 8 5 4 100000 6 4 5 2
108 43 100000 1 2 39 37 35 39 6 16 100000 21 2 8
109 40 29 28 14 33 29 14 29 5 22 21 15 23 2
110 34 10 9 26 20 19 4 27 33 17 9 27 7 28
111 23 12 12 11 16 12 1 18 8 12 13 9 20 3
112 162 57 112 104 125 141 7 43 131 120 3 100000 138 127
113 11 3 8 9 10 11 7 3 8 9 10 11 6 6
114 19 100000 13 15 100000 14 4 2 7 16 2 100000 3 5
115 14 10 5 11 7 5 11 100000 100000 2 7 6 8 12
116 31 1 2 2 100000 5 23 4 12 24 13 14 100000 14
117 32 12 12 25 28 1 5 25 8 25 14 24 2 19
118 26 15 100000 14 11 5 21 25 14 16 15 4 12 1
119 55 100000 33 50 47 10 13 26 3 27 33 39 55 44
120 31 28 4 14 30 3 9 100000 23 21 22 14 12 5
121 32 22 23 16 15 100000 13 32 17 14 21 30 18 8
122 26 100000 21 15 7 21 100000 100000 7 24 8 26 19 10
123 19 11 4 15 16 3 13 12 6 7 15 3 100000 4
124 14 12 7 100000 11 11 14 5 7 100000 12 9 10 13
125 19 19 3 4 1 9 15 9 16 11 10 6 13 6
126 48 42 25 26 26 13 29 20 41 100000 19 18 39 11
127 55 15 50 2 16 4 29 37 20 50 39 29 16 20
128 8 3 1 5 6 4 6 5 5 5 3 6 8 2
129 11 1 10 11 7 7 10 6 10 5 5 2 100000 9
130 27 9 11 26 12 14 3 100000 18 100000 11 3 100000 100000
131 18 13 1 100000 3 14 5 13 100000 6 14 5 100000 18
132 36 10 8 27 20 27 10 100000 100000 15 9 100000 21 6
133 23 12 22 15 10 100000 1 14 19 20 7 18 3 7
134 20 7 8 11 19 15 5 100000 10 5 100000 11 2 3
135 46 34 100000 100000 9 11 41 35 38 38 100000 6 31 16
136 64 47 100000 8 11 100000 46 8 24 33 100000 56 35 9
137 22 2 3 2 12 21 11 15 22 10 8 17 4 16
138 15 100000 1 5 10 6 2 6 3 13 12 14 2 7
139 34 6 100000 5 27 4 33 25 12 23 9 7 100000 11
140 22 20 16 1 10 100000 13 18 9 20 15 7 15 100000
141 151 100000 42 109 40 25 37 19 97 64 3 39 100 135
142 148 7 114 27 123 88 110 30 100000 82 138 29 55 79
143 64 21 26 19 12 3 46 64 53 40 100000 55 53 14
144 170 100000 87 158 145 150 75 80 118 31 67 102 155 100000
145 137 27 28 46 110 65 88 85 25 58 114 100000 130 47
146 64 42 3 33 16 26 100000 9 7 29 58 44 51 10
147 78 4 18 41 70 19 43 23 61 20 46 46 18 51
148 78 77 33 55 66 9 16 60 30 100000 63 33 76 16
<task directions>
1 E
2 E
3 E
4 E
5 E
6 E
7 E
8 E
9 E
10 E
11 E
12 E
13 E
14 E
15 L
16 R
17 E
18 L
19 R
20 E
21 R
22 L
23 L
24 R
25 R
26 R
27 L
28 L
29 E
30 R
31 E
32 L
33 R
34 L
35 R
36 R
37 R
38 R
39 R
40 R
41 R
42 L
43 L
44 L
45 L
46 L
47 L
48 E
49 L
50 E
51 L
52 L
53 L
54 L
55 R
56 E
57 L
58 L
59 E
60 E
61 E
62 E
63 E
64 R
65 E
66 E
67 E
68 E
69 R
70 R
71 R
72 R
73 E
74 E
75 E
76 E
77 E
78 E
79 E
80 E
81 E
82 E
83 E
84 E
85 E
86 E
87 E
88 E
89 E
90 E
91 E
92 E
93 L
94 E
95 E
96 E
97 E
98 E
99 E
100 E
101 E
102 E
103 E
104 E
105 E
106 E
107 E
108 E
109 E
110 E
111 E
112 L
113 L
114 E
115 E
116 E
117 E
118 E
119 E
120 E
121 E
122 E
123 E
124 E
125 E
126 E
127 E
128 L
129 L
130 L
131 L
132 E
133 L
134 R
135 E
136 E
137 L
138 E
139 E
140 E
141 L
142 R
143 L
144 L
145 R
146 R
147 L
148 R
<precedence relations>
1,5
1,6
1,7
1,8
2,3
3,4
3,5
3,6
3,7
4,8
5,14
6,9
7,14
8,10
9,14
10,14
11,12
12,13
14,15
14,16
15,17
16,17
17,18
17,19
18,20
19,20
20,21
20,22
20,23
20,24
21,25
21,26
21,27
21,28
22,25
22,26
22,27
22,28
23,25
23,26
23,27
23,28
24,25
24,26
24,27
24,28
25,29
26,29
27,29
28,29
29,31
31,36
32,34
33,35
34,36
35,36
36,37
37,38
37,45
38,39
39,40
40,41
40,48
40,55
42,43
43,44
45,46
46,47
47,48
47,49
47,55
50,51
51,53
51,69
52,53
54,133
55,54
55,72
55,76
55,87
55,88
56,73
57,79
58,84
58,86
59,75
59,87
61,62
62,63
63,67
64,65
64,71
64,72
65,66
65,99
66,67
67,68
68,95
68,98
69,82
70,71
72,134
73,84
73,86
73,87
73,88
73,96
74,75
75,88
75,97
76,77
77,78
78,79
79,80
80,81
81,106
82,83
82,89
82,143
82,146
84,85
88,111
89,90
90,79
91,105
92,135
95,101
96,104
98,101
99,100
100,101
101,102
101,103
102,127
103,127
105,119
106,107
107,108
108,109
109,110
111,112
112,113
113,114
113,116
113,120
113,123
113,128
114,115
115,125
116,117
117,118
118,126
120,121
121,122
122,126
123,124
124,125
128,129
129,130
130,131
130,137
132,135
133,135
134,135
135,136
138,139
139,140
141,142
142,143
142,146
142,147
142,148
144,145
145,147
145,148
<end>