<number of tasks>
148
<number of mated-station>
5
<number of workers>
10
<task times>
1 16 3 5 10 15 2 8 7 3 100000
2 30 27 5 18 100000 100000 4 23 2 100000
3 7 1 100000 6 6 5 5 100000 2 6
4 47 18 100000 100000 31 4 18 6 29 100000
5 29 21 11 11 11 22 15 16 5 12
6 8 5 100000 5 5 100000 3 100000 100000 6
7 39 5 31 100000 14 39 13 3 11 25
8 37 4 8 36 14 2 4 100000 23 22
9 32 26 100000 100000 28 23 100000 4 14 100000
10 29 100000 13 27 8 13 14 22 9 24
11 17 16 5 7 15 13 10 100000 8 7
12 11 100000 6 100000 1 3 100000 4 100000 1
13 32 20 100000 31 19 100000 100000 30 100000 100000
14 15 100000 3 3 4 2 8 12 100000 100000
15 53 100000 48 4 20 23 20 8 31 35
16 53 100000 100000 50 42 35 29 100000 19 4
17 8 3 2 2 6 4 6 7 8 7
18 24 13 14 5 1 15 19 9 22 16
19 24 100000 14 16 7 100000 100000 3 12 4
20 8 5 7 7 7 7 100000 4 5 3
21 7 100000 1 3 6 5 4 100000 100000 100000
22 8 3 100000 3 7 1 100000 100000 3 100000
23 14 3 9 4 7 8 10 4 100000 7
24 13 11 11 100000 11 100000 5 5 7 8
25 10 8 6 6 2 7 7 6 6 100000
26 25 16 16 23 100000 100000 10 24 8 19
27 11 8 4 2 8 7 5 9 5 10
28 25 100000 100000 100000 15 8 14 25 2 14
29 11 2 6 4 100000 10 10 8 100000 4
30 29 100000 17 24 100000 100000 26 27 13 15
31 25 17 4 20 20 6 2 100000 17 25
32 10 1 4 9 100000 7 100000 5 7 9
33 14 14 2 100000 3 100000 2 100000 100000 100000
34 41 34 7 100000 100000 27 17 9 3 31
35 42 100000 100000 100000 32 28 16 100000 6 13
36 47 100000 31 29 41 9 13 22 4 36
37 7 6 1 2 3 4 5 100000 100000 5
38 80 13 100000 100000 71 65 42 33 13 33
39 7 3 3 4 100000 7 5 3 6 100000
40 41 13 24 100000 100000 35 100000 100000 30 100000
41 47 7 7 41 8 17 100000 30 5 100000
42 16 11 3 5 9 4 6 11 5 100000
43 32 18 14 23 28 100000 20 10 100000 30
44 66 9 31 21 33 30 34 30 100000 45
45 80 100000 27 14 100000 100000 49 17 59 67
46 7 4 100000 7 3 3 2 100000 100000 2
47 41 100000 25 33 6 7 13 100000 100000 15
48 13 9 100000 9 9 100000 7 9 9 11
49 47 30 100000 17 9 13 32 22 17 19
50 33 9 4 100000 3 100000 23 10 21 100000
51 34 32 2 100000 14 19 23 100000 32 34
52 11 100000 8 3 11 8 2 5 100000 11
53 118 41 85 100000 111 97 27 100000 100000 19
54 25 1 23 23 23 9 3 16 3 18
55 7 4 6 2 6 6 2 6 100000 6
56 28 7 12 4 13 3 25 9 100000 5
57 12 8 2 12 11 9 2 9 2 2
58 52 3 100000 46 35 25 100000 9 100000 39
59 14 5 5 8 13 3 1 100000 100000 7
60 3 1 1 2 2 3 100000 1 3 2
61 3 100000 100000 2 100000 2 2 100000 100000 1
62 8 7 100000 100000 100000 100000 6 3 100000 8
63 16 14 3 15 9 14 12 16 2 2
64 33 1 100000 9 25 5 12 100000 15 7
65 8 1 5 7 8 5 5 100000 3 3
66 18 2 6 18 100000 12 17 11 16 17
67 10 100000 4 9 10 5 100000 5 5 3
68 14 11 4 13 3 100000 4 10 100000 1
69 28 21 14 5 10 21 100000 23 100000 19
70 11 100000 7 100000 5 3 10 100000 8 10
71 118 100000 52 100000 10 75 84 49 48 100000
72 25 100000 20 8 100000 12 100000 19 5 7
73 40 15 30 32 12 100000 30 10 100000 19
74 40 100000 12 38 40 3 100000 29 100000 35
75 101 5 13 71 97 28 85 11 100000 65
76 5 2 2 3 2 100000 2 5 100000 2
77 28 21 15 25 100000 5 100000 28 100000 27
78 8 100000 1 4 100000 6 3 1 100000 6
79 111 29 25 10 100000 100000 64 16 15 30
80 7 4 100000 4 2 4 5 2 3 1
81 26 6 25 14 15 24 100000 20 2 10
82 10 100000 100000 9 100000 9 2 100000 100000 4
83 21 20 21 100000 3 13 13 18 100000 16
84 26 100000 100000 23 8 23 16 17 100000 26
85 20 10 3 2 13 100000 100000 100000 11 100000
86 21 19 7 6 11 15 10 9 2 100000
87 47 13 7 31 100000 100000 37 9 31 9
88 23 100000 19 14 5 10 9 19 9 5
89 13 4 3 10 6 12 8 12 6 7
90 19 7 6 11 9 100000 13 100000 3 4
91 115 58 56 47 87 113 71 74 100000 100000
92 35 100000 100000 100000 8 18 28 15 33 100000
93 26 17 11 10 10 8 25 22 100000 100000
94 46 14 14 10 30 37 10 45 4 46
95 20 100000 7 100000 3 11 9 3 100000 17
96 31 2 12 1 27 1 100000 14 22 10
97 19 7 18 9 12 16 100000 17 15 17
98 34 100000 20 4 100000 18 100000 22 33 100000
99 51 42 6 48 36 15 23 23 100000 4
100 39 6 100000 30 100000 4 100000 1 9 100000
101 30 100000 27 14 13 3 18 100000 3 23
102 26 100000 18 17 15 100000 5 13 100000 20
103 13 11 8 7 8 7 9 6 4 100000
104 45 41 18 38 19 35 22 4 8 44
105 58 24 35 21 26 100000 14 57 38 20
106 28 16 3 5 19 7 3 15 24 100000
107 8 4 6 7 2 3 2 7 2 4
108 43 30 1 9 25 35 100000 30 25 17
109 40 32 11 100000 23 16 27 11 27 100000
110 34 100000 18 100000 10 17 13 8 14 6
111 23 20 20 12 14 5 16 9 17 2
112 162 130 109 80 77 100000 100000 162 133 96
113 11 4 6 4 7 2 3 8 3 3
114 19 16 14 2 3 9 12 19 100000 100000
115 14 9 1 14 10 10 100000 100000 12 4
116 31 16 24 14 4 27 23 100000 9 14
117 32 23 20 24 100000 12 7 19 31 5
118 26 10 23 2 12 3 100000 24 26 18
119 55 100000 100000 10 16 100000 31 52 100000 39
120 31 5 15 28 9 8 10 100000 19 100000
121 32 16 11 28 18 100000 20 100000 9 20
122 26 25 14 16 100000 25 4 26 18 4
123 19 13 100000 7 100000 6 17 13 5 2
124 14 100000 12 2 12 100000 13 7 8 3
125 19 6 6 12 13 13 14 11 3 15
126 48 10 4 100000 45 27 5 32 24 3
127 55 17 20 44 53 26 32 100000 54 3
128 8 8 1 6 100000 5 2 2 100000 6
129 11 9 3 4 11 6 7 7 7 100000
130 27 100000 23 16 20 25 21 10 11 19
131 18 13 13 8 3 14 6 2 4 100000
132 36 100000 10 100000 100000 10 32 30 5 34
133 23 16 18 100000 7 7 18 8 13 18
134 20 19 14 100000 100000 16 11 4 19 18
135 46 36 27 100000 24 33 43 100000 41 100000
136 64 14 25 37 12 27 60 50 63 100000
137 22 2 19 6 19 16 12 100000 11 2
138 15 15 6 100000 14 11 2 100000 100000 5
139 34 4 5 4 14 100000 31 19 8 12
140 22 18 7 13 21 9 19 11 18 14
141 151 132 144 28 100000 76 100000 76 126 37
142 148 124 72 77 100000 148 148 141 104 122
143 64 37 36 18 100000 42 15 14 100000 37
144 170 53 16 100000 156 84 140 100000 52 64
145 137 119 99 5 23 36 34 39 92 49
146 64 51 33 6 5 45 22 61 36 10
147 78 7 13 61 52 23 14 13 100000 63
148 78 57 68 20 25 71 100000 60 26 6
<task directions>
1 E
2 E
3 E
4 E
5 E
6 E
7 E
8 E
9 E
10 E
11 E
12 E
13 E
14 E
15 L
16 R
17 E
18 L
19 R
20 E
21 R
22 L
23 L
24 R
25 R
26 R
27 L
28 L
29 E
30 R
31 E
32 L
33 R
34 L
35 R
36 R
37 R
38 R
39 R
40 R
41 R
42 L
43 L
44 L
45 L
46 L
47 L
48 E
49 L
50 E
51 L
52 L
53 L
54 L
55 R
56 E
57 L
58 L
59 E
60 E
61 E
62 E
63 E
64 R
65 E
66 E
67 E
68 E
69 R
70 R
71 R
72 R
73 E
74 E
75 E
76 E
77 E
78 E
79 E
80 E
81 E
82 E
83 E
84 E
85 E
86 E
87 E
88 E
89 E
90 E
91 E
92 E
93 L
94 E
95 E
96 E
97 E
98 E
99 E
100 E
101 E
102 E
103 E
104 E
105 E
106 E
107 E
108 E
109 E
110 E
111 E
112 L
113 L
114 E
115 E
116 E
117 E
118 E
119 E
120 E
121 E
122 E
123 E
124 E
125 E
126 E
127 E
128 L
129 L
130 L
131 L
132 E
133 L
134 R
135 E
136 E
137 L
138 E
139 E
140 E
141 L
142 R
143 L
144 L
145 R
146 R
147 L
148 R
<precedence relations>
1,5
1,6
1,7
1,8
2,3
3,4
3,5
3,6
3,7
4,8
5,14
6,9
7,14
8,10
9,14
10,14
11,12
12,13
14,15
14,16
15,17
16,17
17,18
17,19
18,20
19,20
20,21
20,22
20,23
20,24
21,25
21,26
21,27
21,28
22,25
22,26
22,27
22,28
23,25
23,26
23,27
23,28
24,25
24,26
24,27
24,28
25,29
26,29
27,29
28,29
29,31
31,36
32,34
33,35
34,36
35,36
36,37
37,38
37,45
38,39
39,40
40,41
40,48
40,55
42,43
43,44
45,46
46,47
47,48
47,49
47,55
50,51
51,53
51,69
52,53
54,133
55,54
55,72
55,76
55,87
55,88
56,73
57,79
58,84
58,86
59,75
59,87
61,62
62,63
63,67
64,65
64,71
64,72
65,66
65,99
66,67
67,68
68,95
68,98
69,82
70,71
72,134
73,84
73,86
73,87
73,88
73,96
74,75
75,88
75,97
76,77
77,78
78,79
79,80
80,81
81,106
82,83
82,89
82,143
82,146
84,85
88,111
89,90
90,79
91,105
92,135
95,101
96,104
98,101
99,100
100,101
101,102
101,103
102,127
103,127
105,119
106,107
107,108
108,109
109,110
111,112
112,113
113,114
113,116
113,120
113,123
113,128
114,115
115,125
116,117
117,118
118,126
120,121
121,122
122,126
123,124
124,125
128,129
129,130
130,131
130,137
132,135
133,135
134,135
135,136
138,139
139,140
141,142
142,143
142,146
142,147
142,148
144,145
145,147
145,148
<end>