<number of tasks>
148
<number of mated-station>
11
<number of workers>
22
<task times>
1 16 26 45 29 5 46 20 30 39 46 25 26 100000 8 6 6 35 43 40 14 40 16
2 30 62 100000 5 79 22 26 2 68 31 58 42 78 73 80 100000 32 8 9 86 39 28
3 7 10 100000 5 6 18 15 3 11 8 9 19 8 14 2 16 4 8 12 14 5 12
4 47 78 40 46 140 107 32 21 47 39 109 12 75 7 9 2 121 103 12 28 56 82
5 29 11 74 48 100000 35 100000 65 61 17 100000 83 17 100000 7 20 27 49 16 38 100000 100000
6 8 100000 22 100000 11 17 17 11 1 12 2 19 14 11 20 13 9 3 23 7 15 1
7 39 51 37 18 28 100000 85 117 62 53 37 16 100000 72 100 81 59 17 54 9 100000 62
8 37 49 85 27 32 100 5 44 46 55 57 111 40 52 89 18 89 29 40 63 63 63
9 32 38 38 80 100000 36 94 10 35 49 100000 14 69 9 15 17 12 14 100000 42 93 91
10 29 19 31 26 54 29 77 59 7 32 100000 29 30 46 33 8 9 73 23 82 76 41
11 17 44 20 23 2 18 20 100000 16 100000 20 100000 14 6 16 7 20 40 12 24 6 37
12 11 26 21 17 14 2 100000 10 29 33 25 14 16 16 16 25 8 18 29 100000 11 19
13 32 11 39 45 69 57 38 76 89 100000 3 91 100000 37 14 56 22 91 61 48 37 18
14 15 3 8 23 25 5 100000 2 9 27 12 38 45 17 33 100000 7 100000 100000 43 3 44
15 53 131 115 91 42 71 134 137 93 143 134 154 10 56 115 100000 154 96 29 74 28 142
16 53 100000 100000 15 89 66 15 7 100000 67 44 118 142 15 135 39 140 63 146 140 146 137
17 8 23 23 23 15 5 100000 20 23 11 14 18 11 10 7 2 6 21 1 10 17 23
18 24 61 62 23 38 63 65 34 100000 25 40 7 40 62 69 12 14 32 100000 7 57 34
19 24 12 59 44 63 54 46 58 68 39 25 12 100000 30 23 100000 32 29 26 2 27 69
20 8 2 10 4 23 100000 23 6 16 10 13 100000 19 3 16 6 2 19 9 2 100000 18
21 7 17 100000 14 8 10 19 4 10 6 5 18 7 3 3 15 13 20 9 7 1 9
22 8 14 7 6 17 3 19 3 100000 15 16 14 21 16 2 100000 16 100000 18 16 18 3
23 14 100000 29 100000 100000 33 28 40 100000 9 11 32 39 2 20 9 14 6 6 100000 6 40
24 13 28 11 16 19 25 24 6 6 37 10 27 21 31 35 34 2 30 6 6 9 20
25 10 100000 13 18 100000 28 17 10 6 11 12 24 28 24 27 7 6 29 15 3 27 20
26 25 9 48 61 100000 49 61 10 46 25 73 100000 33 52 100000 73 48 100000 35 100000 54 45
27 11 29 8 2 4 2 21 13 19 12 19 32 29 29 8 15 8 25 16 8 22 23
28 25 65 25 39 14 4 49 59 100000 20 2 64 6 100000 100000 61 48 37 10 2 25 17
29 11 100000 17 30 3 19 31 3 20 21 11 4 2 21 2 5 33 3 27 100000 24 100000
30 29 47 3 6 81 100000 22 87 80 100000 48 100000 100000 29 33 38 74 49 61 69 59 53
31 25 34 56 9 100000 26 59 28 25 34 54 38 100000 45 8 52 60 11 61 42 39 49
32 10 2 2 25 24 4 7 15 30 21 4 25 5 15 100000 12 20 27 22 19 13 20
33 14 33 3 11 10 19 25 8 11 31 100000 8 20 22 9 24 29 40 42 8 36 100000
34 41 84 62 51 101 96 80 18 32 21 58 38 24 39 85 100000 10 83 95 44 100 101
35 42 46 34 64 122 97 60 14 12 75 70 100000 17 87 125 55 7 96 100000 87 61 26
36 47 42 32 5 126 60 19 46 116 32 54 96 25 67 78 100000 107 36 116 127 15 77
37 7 8 10 16 3 4 17 19 16 15 6 5 100000 12 18 21 14 19 100000 4 21 7
38 80 149 27 164 116 104 218 166 106 100000 30 238 8 144 142 34 168 228 183 15 154 100000
39 7 2 100000 7 1 20 15 7 13 11 21 9 16 11 15 100000 5 20 13 13 7 12
40 41 24 21 97 91 89 113 18 25 113 77 114 105 45 85 52 69 42 34 12 89 83
41 47 92 23 15 19 133 50 114 74 25 100000 8 100000 33 75 40 23 4 107 93 131 105
42 16 5 16 11 2 34 22 26 29 20 42 29 100000 18 21 40 5 29 14 16 36 100000
43 32 8 87 65 60 23 80 19 26 31 100000 70 10 7 30 17 74 28 100000 4 26 26
44 66 133 23 46 174 100000 34 184 34 23 109 161 82 166 100000 196 100000 38 76 100000 127 121
45 80 51 118 202 233 230 180 100000 140 87 6 192 51 230 8 154 46 111 75 223 85 202
46 7 8 17 13 100000 7 20 8 11 19 16 100000 13 15 6 8 18 6 7 11 14 9
47 41 41 100000 113 91 47 94 7 17 100000 5 42 44 105 102 60 100000 53 69 74 62 116
48 13 27 18 100000 19 14 11 29 37 1 100000 5 38 14 13 3 37 34 22 34 38 3
49 47 35 33 84 56 21 93 100000 53 56 47 26 100000 63 100000 137 42 99 131 137 63 72
50 33 100000 46 31 73 5 3 39 66 61 100000 11 74 21 15 91 5 22 100000 3 74 45
51 34 43 24 98 52 83 6 91 78 87 22 21 85 66 17 95 101 32 42 92 66 54
52 11 6 22 18 2 7 24 2 27 5 28 17 8 11 18 2 9 32 2 27 21 25
53 118 22 100000 29 121 61 259 29 167 26 100000 82 26 82 230 202 213 103 72 100000 294 33
54 25 100000 71 100000 39 16 20 75 18 29 22 52 14 37 74 67 66 61 42 4 2 71
55 7 3 14 2 15 17 12 9 18 10 7 7 6 8 15 5 9 14 15 20 19 100000
56 28 100000 5 27 15 47 44 18 17 25 100000 27 53 82 71 100000 43 29 20 9 53 5
57 12 30 7 34 4 100000 15 27 5 27 7 8 18 14 11 3 26 20 6 18 20 30
58 52 100000 88 86 94 44 46 119 82 108 18 83 35 100000 105 139 20 51 6 26 100000 6
59 14 12 16 6 17 37 33 30 28 11 17 14 42 27 100000 20 18 29 23 100000 28 3
60 3 100000 2 2 100000 1 7 8 8 6 4 9 4 2 4 3 1 1 6 6 4 5
61 3 8 1 3 7 6 6 4 3 8 3 8 6 5 3 8 4 3 4 7 5 3
62 8 21 6 100000 23 5 1 18 12 16 10 18 6 13 4 100000 15 16 9 24 12 100000
63 16 18 100000 14 22 3 25 20 36 3 17 6 2 6 100000 48 26 37 47 5 14 12
64 33 40 20 20 94 100000 53 94 54 4 74 6 35 89 42 91 21 72 20 86 5 62
65 8 6 14 21 4 4 21 14 8 100000 4 15 4 21 23 11 4 15 6 16 22 18
66 18 10 36 14 100000 31 10 12 35 5 9 38 7 35 39 54 31 26 100000 37 34 6
67 10 7 16 10 15 8 30 26 6 27 21 1 27 23 6 28 3 100000 19 5 100000 19
68 14 33 100000 100000 7 34 6 16 21 2 33 24 25 24 35 16 18 29 30 100000 100000 3
69 28 100000 76 19 31 43 82 72 4 35 12 56 27 27 69 54 100000 68 63 44 2 8
70 11 13 2 25 13 100000 25 13 22 12 11 7 26 13 19 24 18 11 19 6 11 7
71 118 125 100000 199 68 93 326 259 160 117 100000 15 121 195 139 103 86 185 100000 343 40 167
72 25 45 38 2 75 64 13 100000 68 8 41 11 100000 53 65 46 42 10 8 18 62 3
73 40 110 71 26 116 25 2 71 15 90 11 3 103 49 97 118 5 115 11 72 82 64
74 40 75 100000 97 100000 96 100 58 118 89 57 56 101 3 119 22 11 39 43 100000 32 78
75 101 31 125 113 249 228 152 125 61 40 167 100000 100000 101 303 89 110 179 188 22 113 297
76 5 2 14 11 2 8 8 7 7 2 2 10 5 7 9 6 9 3 12 8 7 5
77 28 47 8 11 38 40 100000 15 40 73 77 38 46 13 100000 29 71 100000 47 16 47 2
78 8 6 1 18 4 16 23 9 6 1 21 12 7 20 20 21 7 16 15 2 15 23
79 111 47 154 190 124 91 47 197 154 140 71 306 197 11 54 150 223 100000 223 111 287 8
80 7 7 10 18 7 9 10 4 19 100000 2 2 3 21 21 8 11 7 7 5 14 15
81 26 44 57 53 13 25 66 33 39 100000 42 74 29 72 73 19 4 39 9 19 22 16
82 10 17 100000 27 15 27 21 6 21 7 100000 22 27 30 13 29 5 7 5 6 17 16
83 21 54 10 54 4 26 41 5 100000 5 35 2 100000 48 31 100000 100000 13 41 43 26 100000
84 26 33 49 62 40 62 20 15 100000 73 70 75 74 30 16 28 40 29 32 76 26 45
85 20 100000 36 5 51 12 9 39 16 51 35 32 29 49 51 23 30 29 25 31 20 55
86 21 25 15 59 33 100000 18 26 30 10 34 46 47 17 43 100000 62 2 8 44 3 63
87 47 114 127 4 88 102 100000 130 60 117 100000 9 119 8 128 7 93 51 43 109 64 100000
88 23 14 30 61 20 45 42 67 41 35 52 38 42 100000 29 34 54 45 59 62 45 59
89 13 1 33 3 32 39 34 32 23 39 33 39 24 11 31 34 6 28 38 23 24 14
90 19 54 12 45 36 9 23 27 39 36 53 42 35 33 23 100000 100000 49 50 19 49 19
91 115 29 84 100000 128 111 87 266 66 314 135 149 170 139 242 228 8 53 311 249 4 221
92 35 69 74 28 86 15 67 105 59 48 17 100000 11 38 3 98 4 32 26 67 18 7
93 26 50 55 75 4 100000 63 56 8 46 20 4 100000 74 33 40 40 24 43 76 16 42
94 46 75 102 48 57 64 106 50 49 65 48 100000 120 123 39 35 33 42 82 11 93 23
95 20 54 17 38 7 18 15 9 100000 52 100000 14 52 100000 32 57 23 53 60 23 16 2
96 31 47 92 58 18 9 64 68 43 46 39 88 38 38 100000 41 25 15 32 49 79 26
97 19 28 33 55 51 57 100000 40 33 100000 2 10 4 5 50 51 45 9 8 30 27 49
98 34 100000 93 66 100000 20 65 56 39 49 92 85 23 63 18 93 23 22 53 6 100000 8
99 51 123 103 21 139 144 123 148 83 110 95 100000 6 148 79 71 44 62 6 86 130 123
100 39 22 86 100000 39 90 88 32 95 87 107 59 47 37 58 100000 64 7 36 39 3 100000
101 30 68 87 50 21 21 100000 88 22 81 23 33 9 16 26 7 75 84 9 26 38 84
102 26 32 15 11 69 25 70 34 10 4 100000 16 66 57 27 78 100000 59 69 77 36 57
103 13 36 28 28 100000 18 4 100000 14 18 27 36 23 100000 100000 21 3 15 36 11 34 31
104 45 115 126 24 83 36 127 73 2 24 89 33 97 135 89 100000 29 20 100000 5 95 103
105 58 23 145 153 37 146 34 88 108 169 164 136 51 20 172 122 39 160 127 134 171 145
106 28 51 34 100000 77 36 34 84 77 62 77 34 32 9 59 100000 100000 14 18 24 81 5
107 8 6 12 11 14 100000 2 4 9 9 7 5 16 21 22 18 16 22 11 100000 3 23
108 43 120 116 100000 39 121 100000 102 98 103 37 94 119 109 10 4 125 2 42 116 45 79
109 40 97 84 119 114 25 75 13 76 2 100000 109 11 55 21 100000 113 11 39 40 16 70
110 34 17 80 46 75 88 37 37 17 25 100000 92 100000 18 101 30 101 87 24 92 52 100000
111 23 45 3 17 31 39 59 12 100000 100000 55 53 34 12 7 49 6 13 36 69 15 53
112 162 171 277 268 205 180 287 433 100000 93 365 438 20 370 428 467 244 404 59 452 404 326
113 11 10 19 21 22 3 21 25 15 100000 8 31 17 11 5 24 7 19 18 17 15 13
114 19 22 100000 45 24 16 14 45 16 32 7 15 4 12 46 50 43 50 12 4 45 24
115 14 34 31 2 36 13 33 34 30 23 38 100000 39 31 8 9 8 30 32 35 6 33
116 31 84 40 57 8 86 49 48 2 52 78 5 35 100000 100000 100000 40 30 69 61 100000 92
117 32 9 67 56 64 67 72 42 88 58 37 60 77 28 6 90 67 44 90 65 17 43
118 26 69 16 61 3 6 24 5 13 29 52 78 15 46 56 100000 40 49 31 43 37 64
119 55 103 72 21 86 39 129 135 44 100000 109 163 34 50 100000 158 88 104 85 90 39 100000
120 31 60 7 9 48 47 48 12 23 86 100000 9 59 61 62 41 60 54 66 22 10 74
121 32 80 91 78 64 68 73 10 3 92 21 100000 42 69 100000 91 30 72 60 44 59 5
122 26 100000 46 24 37 59 36 34 5 34 68 46 70 40 100000 9 16 38 2 73 44 40
123 19 11 40 21 56 28 32 40 16 26 37 100000 29 41 37 100000 32 50 41 100000 53 40
124 14 14 10 5 29 4 15 26 31 37 6 26 26 41 37 38 32 3 2 27 100000 1
125 19 36 28 42 55 100000 44 12 55 21 5 42 17 5 27 21 3 32 47 49 100000 49
126 48 100000 10 75 115 41 31 35 74 100000 4 100000 60 35 80 11 67 15 74 17 104 88
127 55 86 57 11 162 17 42 22 27 121 17 26 127 152 31 158 12 37 132 44 152 100000
128 8 15 7 7 13 8 14 12 9 23 12 9 24 16 11 17 3 7 24 13 2 11
129 11 19 13 16 6 30 16 21 22 27 100000 32 31 11 12 10 12 24 100000 100000 18 9
130 27 60 7 8 28 39 32 35 66 32 100000 80 8 81 14 71 66 37 55 64 43 79
131 18 36 18 25 40 52 41 30 18 37 28 30 6 46 34 39 2 25 34 100000 14 47
132 36 105 76 101 100000 86 7 82 92 8 100000 100000 100000 48 40 89 46 102 41 22 23 11
133 23 32 15 24 38 21 58 44 57 63 22 6 22 66 100000 22 64 8 64 22 52 17
134 20 18 23 22 35 11 9 27 47 6 33 43 28 35 46 7 15 56 28 50 43 26
135 46 6 124 63 85 100000 112 108 100000 37 100000 138 37 71 43 100000 100000 128 35 60 68 89
136 64 89 35 100000 35 121 68 79 14 66 152 100000 154 152 16 39 91 58 154 100000 112 154
137 22 27 4 50 24 14 100000 3 60 47 100000 8 52 100000 37 26 46 55 14 26 21 65
138 15 12 41 100000 100000 100000 8 2 20 100000 23 26 1 21 45 33 23 43 20 23 27 30
139 34 83 97 40 68 48 55 61 66 11 43 96 2 57 53 16 100000 41 31 100000 5 100000
140 22 17 2 22 51 28 6 59 30 41 33 66 100000 50 13 22 32 50 7 100000 36 43
141 151 10 403 200 412 363 100000 100000 119 100000 390 439 168 213 173 227 281 60 299 168 100 290
142 148 289 107 289 100000 298 5 138 404 112 85 100000 245 165 413 50 391 100000 90 191 90 218
143 64 32 100000 123 43 66 33 37 165 104 91 93 97 53 184 81 60 121 182 45 85 45
144 170 210 42 100000 100000 6 128 47 179 72 327 373 281 210 154 418 144 47 118 47 423 100000
145 137 120 120 354 218 284 280 30 214 116 276 100000 75 337 100000 186 403 54 333 181 100000 362
146 64 152 169 154 53 100000 173 37 100000 140 24 144 129 137 190 64 11 100000 142 47 160 190
147 78 131 55 232 215 100000 38 208 38 234 120 71 85 8 50 131 69 187 31 204 100000 157
148 78 29 150 64 227 225 97 52 15 173 34 124 100000 204 24 131 118 162 8 100000 134 234
<task directions>
1 E
2 E
3 E
4 E
5 E
6 E
7 E
8 E
9 E
10 E
11 E
12 E
13 E
14 E
15 L
16 R
17 E
18 L
19 R
20 E
21 R
22 L
23 L
24 R
25 R
26 R
27 L
28 L
29 E
30 R
31 E
32 L
33 R
34 L
35 R
36 R
37 R
38 R
39 R
40 R
41 R
42 L
43 L
44 L
45 L
46 L
47 L
48 E
49 L
50 E
51 L
52 L
53 L
54 L
55 R
56 E
57 L
58 L
59 E
60 E
61 E
62 E
63 E
64 R
65 E
66 E
67 E
68 E
69 R
70 R
71 R
72 R
73 E
74 E
75 E
76 E
77 E
78 E
79 E
80 E
81 E
82 E
83 E
84 E
85 E
86 E
87 E
88 E
89 E
90 E
91 E
92 E
93 L
94 E
95 E
96 E
97 E
98 E
99 E
100 E
101 E
102 E
103 E
104 E
105 E
106 E
107 E
108 E
109 E
110 E
111 E
112 L
113 L
114 E
115 E
116 E
117 E
118 E
119 E
120 E
121 E
122 E
123 E
124 E
125 E
126 E
127 E
128 L
129 L
130 L
131 L
132 E
133 L
134 R
135 E
136 E
137 L
138 E
139 E
140 E
141 L
142 R
143 L
144 L
145 R
146 R
147 L
148 R
<precedence relations>
1,5
1,6
1,7
1,8
2,3
3,4
3,5
3,6
3,7
4,8
5,14
6,9
7,14
8,10
9,14
10,14
11,12
12,13
14,15
14,16
15,17
16,17
17,18
17,19
18,20
19,20
20,21
20,22
20,23
20,24
21,25
21,26
21,27
21,28
22,25
22,26
22,27
22,28
23,25
23,26
23,27
23,28
24,25
24,26
24,27
24,28
25,29
26,29
27,29
28,29
29,31
31,36
32,34
33,35
34,36
35,36
36,37
37,38
37,45
38,39
39,40
40,41
40,48
40,55
42,43
43,44
45,46
46,47
47,48
47,49
47,55
50,51
51,53
51,69
52,53
54,133
55,54
55,72
55,76
55,87
55,88
56,73
57,79
58,84
58,86
59,75
59,87
61,62
62,63
63,67
64,65
64,71
64,72
65,66
65,99
66,67
67,68
68,95
68,98
69,82
70,71
72,134
73,84
73,86
73,87
73,88
73,96
74,75
75,88
75,97
76,77
77,78
78,79
79,80
80,81
81,106
82,83
82,89
82,143
82,146
84,85
88,111
89,90
90,79
91,105
92,135
95,101
96,104
98,101
99,100
100,101
101,102
101,103
102,127
103,127
105,119
106,107
107,108
108,109
109,110
111,112
112,113
113,114
113,116
113,120
113,123
113,128
114,115
115,125
116,117
117,118
118,126
120,121
121,122
122,126
123,124
124,125
128,129
129,130
130,131
130,137
132,135
133,135
134,135
135,136
138,139
139,140
141,142
142,143
142,146
142,147
142,148
144,145
145,147
145,148
<end>