<number of tasks>
148
<number of mated-station>
8
<number of workers>
16
<task times>
1 16 5 35 38 42 37 3 13 21 100000 31 40 14 39 15 17
2 30 60 42 17 46 100000 81 71 20 100000 87 32 84 64 32 59
3 7 1 100000 21 19 15 4 9 100000 100000 9 11 19 15 6 18
4 47 120 100000 100000 15 95 42 93 100000 134 19 49 46 135 114 99
5 29 56 100000 47 100000 100000 100000 47 80 71 17 43 100000 100000 84 16
6 8 17 7 1 20 100000 100000 9 2 18 6 19 9 9 3 7
7 39 110 27 100000 25 100000 100000 100000 33 64 21 100000 52 4 96 100000
8 37 8 86 46 62 86 31 96 100000 101 100000 100000 100000 43 65 34
9 32 70 88 26 53 30 100000 6 7 11 8 46 100000 81 35 13
10 29 22 29 84 47 49 81 30 47 74 47 16 7 71 100000 72
11 17 8 2 34 4 28 47 51 26 8 30 14 43 46 28 25
12 11 4 15 33 4 2 12 12 24 10 32 5 8 16 30 5
13 32 100000 100000 44 39 53 69 91 100000 3 50 100000 100000 22 60 17
14 15 12 29 11 42 6 17 30 35 100000 100000 16 45 42 10 1
15 53 137 74 31 131 126 100000 89 100000 100000 67 113 96 100000 52 93
16 53 100000 94 135 94 102 91 99 20 100000 131 135 138 101 110 123
17 8 3 2 100000 7 100000 23 3 16 17 6 19 20 3 15 24
18 24 57 63 100000 100000 16 54 33 17 100000 100000 31 18 37 62 67
19 24 14 68 100000 49 66 24 29 10 30 100000 8 19 24 36 100000
20 8 12 100000 100000 20 10 18 3 15 7 100000 22 20 100000 100000 3
21 7 8 11 3 14 100000 20 1 100000 5 3 8 14 4 18 19
22 8 18 22 5 100000 1 3 9 15 10 10 15 100000 100000 24 17
23 14 5 20 25 29 34 100000 18 38 100000 100000 3 32 7 8 37
24 13 16 31 35 12 100000 100000 31 27 21 26 36 100000 18 100000 23
25 10 24 19 100000 100000 17 1 16 28 4 10 22 100000 11 13 10
26 25 100000 100000 24 44 34 34 2 57 4 39 12 100000 68 59 56
27 11 32 18 100000 30 100000 16 17 3 20 12 17 100000 18 11 14
28 25 8 60 8 100000 51 100000 52 63 100000 42 72 40 73 58 25
29 11 19 100000 11 2 22 29 15 13 33 16 5 20 4 4 9
30 29 57 45 100000 100000 39 30 70 32 77 100000 75 30 12 38 76
31 25 59 69 42 45 46 10 5 71 31 34 55 38 100000 12 41
32 10 1 19 17 100000 29 25 3 7 13 100000 6 29 100000 29 15
33 14 20 37 40 19 37 2 100000 24 42 100000 1 100000 36 26 100000
34 41 33 78 35 100000 111 118 100000 89 2 112 119 89 100000 5 85
35 42 84 54 121 70 100000 111 44 69 10 74 52 77 39 122 55
36 47 81 56 127 37 100000 74 100000 33 100000 75 100000 92 42 100000 64
37 7 10 11 17 18 6 18 100000 20 5 3 21 17 100000 7 12
38 80 54 32 152 228 185 113 23 100000 190 178 173 154 171 100000 100000
39 7 15 5 3 16 6 9 19 19 18 100000 17 12 17 17 9
40 41 42 3 58 119 5 16 57 5 49 68 95 60 41 61 8
41 47 15 95 112 100000 100000 100000 100000 109 39 124 100000 81 46 39 12
42 16 20 44 100000 25 43 100000 33 47 1 7 4 33 20 23 19
43 32 49 100000 18 87 55 100000 100000 84 49 87 9 95 46 30 30
44 66 54 34 107 56 147 100000 62 137 123 9 155 153 107 56 194
45 80 13 123 100000 135 34 192 137 116 130 100000 63 100000 175 20 152
46 7 100000 19 100000 9 100000 3 6 17 18 18 17 100000 8 18 5
47 41 10 84 117 7 82 10 21 17 61 71 107 100000 112 108 53
48 13 5 3 28 15 12 9 38 20 100000 18 3 26 21 27 100000
49 47 70 117 100000 81 54 112 98 138 133 133 89 120 123 135 46
50 33 72 100000 66 100000 100000 49 61 36 100000 76 30 83 17 100000 100000
51 34 70 72 38 100000 35 29 27 73 19 100000 43 80 11 54 46
52 11 100000 13 17 12 17 28 12 30 13 27 2 23 14 100000 8
53 118 202 202 340 75 50 220 167 238 47 283 19 234 266 220 170
54 25 20 100000 53 17 5 48 4 100000 100000 66 31 73 7 8 74
55 7 19 20 9 100000 13 100000 18 100000 17 5 12 100000 4 100000 100000
56 28 75 100000 57 77 77 57 4 68 62 76 20 34 38 100000 17
57 12 100000 11 31 13 33 33 9 28 23 100000 10 4 5 100000 9
58 52 32 141 65 17 32 134 100000 119 100000 44 24 100000 154 100000 61
59 14 39 100000 24 100000 14 100000 42 6 20 100000 40 100000 35 4 42
60 3 2 4 7 5 4 100000 9 100000 100000 100000 2 8 6 8 2
61 3 6 8 5 5 4 7 100000 9 3 5 4 4 7 8 7
62 8 10 100000 22 13 100000 11 100000 19 11 14 1 1 100000 11 7
63 16 43 22 3 3 25 21 11 6 45 44 41 9 48 17 12
64 33 4 76 97 74 15 62 26 100000 43 59 96 75 100000 75 100000
65 8 100000 5 5 23 100000 6 100000 15 10 14 11 100000 10 3 7
66 18 32 21 24 100000 26 22 26 25 100000 33 12 19 11 34 100000
67 10 2 1 4 17 17 5 18 100000 24 2 100000 26 16 21 8
68 14 100000 100000 23 100000 100000 100000 21 100000 100000 5 10 28 13 100000 11
69 28 2 13 57 55 24 49 61 28 65 12 19 17 41 13 80
70 11 20 100000 100000 29 100000 16 17 100000 30 16 14 100000 6 22 10
71 118 50 8 114 262 185 65 322 199 8 110 8 167 255 283 114
72 25 21 100000 30 8 15 32 11 59 54 12 69 25 100000 39 26
73 40 16 100000 93 61 102 100000 3 21 107 94 110 93 3 43 65
74 40 97 113 58 107 66 108 85 62 80 89 118 100000 74 38 31
75 101 240 22 155 107 164 113 89 240 143 297 228 122 279 52 231
76 5 4 2 13 12 5 100000 3 100000 11 100000 8 3 100000 4 14
77 28 100000 80 34 100000 46 18 50 53 39 57 69 66 82 66 14
78 8 100000 2 100000 8 7 23 22 4 6 21 7 2 3 18 12
79 111 100000 200 204 11 170 127 111 100000 174 77 164 127 100000 253 207
80 7 10 7 14 19 21 8 11 6 7 11 6 12 100000 6 7
81 26 13 19 63 28 67 100000 100000 46 26 6 15 100000 76 53 100000
82 10 8 100000 100000 4 22 100000 27 30 2 100000 20 15 26 100000 100000
83 21 46 100000 17 18 100000 18 26 28 39 54 58 17 47 38 30
84 26 100000 56 31 66 70 61 29 63 100000 8 25 78 54 100000 76
85 20 24 54 6 25 19 14 14 33 18 26 19 100000 52 32 46
86 21 42 100000 100000 100000 51 20 43 17 4 49 57 42 20 7 31
87 47 100000 121 91 85 54 100000 106 130 35 82 128 102 11 99 72
88 23 100000 64 55 10 57 100000 66 57 52 55 10 36 5 66 25
89 13 28 20 8 28 100000 20 18 12 25 25 23 100000 38 100000 13
90 19 6 50 46 19 43 11 8 24 44 17 15 49 5 51 100000
91 115 156 163 276 84 101 321 293 100000 66 118 293 100000 187 121 35
92 35 37 46 100000 15 103 100000 100000 94 78 4 67 85 13 28 100000
93 26 44 69 50 100000 100000 48 7 46 41 9 31 29 3 42 26
94 46 23 130 100000 106 124 72 109 85 134 100000 124 106 111 17 93
95 20 100000 56 39 36 16 2 9 13 23 2 22 100000 52 59 14
96 31 100000 25 100000 100000 52 100000 10 84 53 23 35 75 52 100000 77
97 19 51 53 41 47 8 38 40 44 22 21 48 13 100000 27 41
98 34 31 85 85 73 17 19 52 55 100000 69 21 6 96 26 22
99 51 100000 18 71 118 100000 45 106 13 3 100000 4 124 34 66 100000
100 39 25 43 23 33 116 42 23 67 27 100 62 100 52 100000 116
101 30 19 100000 100000 83 100000 6 53 7 18 23 83 49 73 100000 72
102 26 39 42 74 100000 50 2 12 16 19 78 14 9 50 24 25
103 13 30 11 29 30 28 9 100000 2 1 100000 23 3 18 34 12
104 45 100000 59 116 29 100000 134 100000 114 56 123 26 59 96 100000 100000
105 58 108 48 134 134 94 100000 39 81 70 79 112 25 23 18 100000
106 28 73 6 37 79 100000 100000 100000 8 100000 33 56 100000 18 57 26
107 8 3 18 100000 14 6 19 100000 16 19 3 100000 2 8 11 21
108 43 100000 100000 45 100000 114 100000 100000 82 125 61 105 87 114 30 46
109 40 62 37 33 20 55 11 100000 100000 7 112 110 12 100000 64 100000
110 34 61 37 101 85 100000 94 6 37 8 99 96 100000 100000 29 100000
111 23 17 100000 44 59 100000 68 21 19 66 21 11 62 26 47 100000
112 162 486 11 59 326 350 195 292 176 370 316 132 248 355 16 50
113 11 26 27 5 4 13 17 25 17 30 100000 5 22 32 5 25
114 19 39 13 34 53 100000 2 100000 28 100000 25 26 100000 100000 14 25
115 14 22 19 100000 100000 40 12 100000 37 100000 41 29 2 12 16 14
116 31 55 49 38 46 35 7 100000 100000 10 100000 76 23 57 81 100000
117 32 17 36 29 62 78 43 31 100000 11 17 83 11 25 65 96
118 26 16 64 77 60 100000 26 44 29 21 42 66 70 54 100000 2
119 55 165 111 113 109 50 145 100000 29 100000 35 100000 100000 39 9 49
120 31 100000 11 55 88 30 79 23 32 40 73 87 13 75 43 9
121 32 13 95 87 63 44 84 21 100000 64 11 29 100000 68 6 64
122 26 67 75 100000 11 8 100000 17 36 13 40 3 53 77 17 100000
123 19 3 54 50 100000 5 100000 51 5 41 44 2 40 37 47 25
124 14 14 17 7 6 35 13 22 41 7 26 100000 6 25 35 100000
125 19 16 7 33 38 13 40 100000 41 100000 13 5 100000 26 21 100000
126 48 42 21 11 18 12 55 100000 65 118 14 14 118 143 135 100000
127 55 100000 24 21 76 65 100000 29 55 104 19 21 55 100000 49 26
128 8 22 8 3 10 21 12 7 4 100000 2 100000 11 13 6 15
129 11 11 22 27 3 32 33 100000 10 100000 5 8 22 100000 13 13
130 27 100000 43 37 33 58 16 31 24 45 100000 80 64 7 100000 53
131 18 53 25 3 8 100000 100000 3 30 2 51 10 39 43 46 100000
132 36 91 73 73 100000 100000 59 61 37 57 36 28 92 21 93 100000
133 23 42 8 53 100000 24 14 9 28 61 49 39 30 54 46 35
134 20 51 9 59 38 55 38 8 36 42 29 30 49 52 48 17
135 46 57 33 50 59 93 39 45 93 8 100000 100000 12 100000 34 75
136 64 30 68 22 118 142 181 91 116 100000 20 188 100000 64 35 26
137 22 28 11 18 50 55 100000 100000 63 100000 51 9 27 61 30 8
138 15 100000 100000 9 7 23 2 33 44 24 3 100000 20 100000 31 9
139 34 100000 94 61 34 23 74 2 70 2 6 100000 64 100000 100000 8
140 22 34 7 2 100000 35 22 25 34 27 100000 11 59 59 100000 52
141 151 363 204 399 209 100000 100000 55 19 119 376 73 100000 317 286 186
142 148 134 100000 19 347 262 440 324 100000 100000 67 413 100000 116 125 382
143 64 171 100000 100000 135 87 104 114 33 142 62 119 77 85 9 20
144 170 154 194 423 286 408 210 220 373 510 464 100000 454 408 393 62
145 137 100000 100000 403 149 313 30 231 395 263 251 108 100000 317 100000 100000
146 64 158 51 32 85 97 127 81 160 106 121 125 135 39 125 135
147 78 100000 201 138 166 185 185 199 152 100000 229 78 52 145 99 166
148 78 52 213 100000 218 101 100000 85 185 87 29 232 100000 59 100000 227
<task directions>
1 E
2 E
3 E
4 E
5 E
6 E
7 E
8 E
9 E
10 E
11 E
12 E
13 E
14 E
15 L
16 R
17 E
18 L
19 R
20 E
21 R
22 L
23 L
24 R
25 R
26 R
27 L
28 L
29 E
30 R
31 E
32 L
33 R
34 L
35 R
36 R
37 R
38 R
39 R
40 R
41 R
42 L
43 L
44 L
45 L
46 L
47 L
48 E
49 L
50 E
51 L
52 L
53 L
54 L
55 R
56 E
57 L
58 L
59 E
60 E
61 E
62 E
63 E
64 R
65 E
66 E
67 E
68 E
69 R
70 R
71 R
72 R
73 E
74 E
75 E
76 E
77 E
78 E
79 E
80 E
81 E
82 E
83 E
84 E
85 E
86 E
87 E
88 E
89 E
90 E
91 E
92 E
93 L
94 E
95 E
96 E
97 E
98 E
99 E
100 E
101 E
102 E
103 E
104 E
105 E
106 E
107 E
108 E
109 E
110 E
111 E
112 L
113 L
114 E
115 E
116 E
117 E
118 E
119 E
120 E
121 E
122 E
123 E
124 E
125 E
126 E
127 E
128 L
129 L
130 L
131 L
132 E
133 L
134 R
135 E
136 E
137 L
138 E
139 E
140 E
141 L
142 R
143 L
144 L
145 R
146 R
147 L
148 R
<precedence relations>
1,5
1,6
1,7
1,8
2,3
3,4
3,5
3,6
3,7
4,8
5,14
6,9
7,14
8,10
9,14
10,14
11,12
12,13
14,15
14,16
15,17
16,17
17,18
17,19
18,20
19,20
20,21
20,22
20,23
20,24
21,25
21,26
21,27
21,28
22,25
22,26
22,27
22,28
23,25
23,26
23,27
23,28
24,25
24,26
24,27
24,28
25,29
26,29
27,29
28,29
29,31
31,36
32,34
33,35
34,36
35,36
36,37
37,38
37,45
38,39
39,40
40,41
40,48
40,55
42,43
43,44
45,46
46,47
47,48
47,49
47,55
50,51
51,53
51,69
52,53
54,133
55,54
55,72
55,76
55,87
55,88
56,73
57,79
58,84
58,86
59,75
59,87
61,62
62,63
63,67
64,65
64,71
64,72
65,66
65,99
66,67
67,68
68,95
68,98
69,82
70,71
72,134
73,84
73,86
73,87
73,88
73,96
74,75
75,88
75,97
76,77
77,78
78,79
79,80
80,81
81,106
82,83
82,89
82,143
82,146
84,85
88,111
89,90
90,79
91,105
92,135
95,101
96,104
98,101
99,100
100,101
101,102
101,103
102,127
103,127
105,119
106,107
107,108
108,109
109,110
111,112
112,113
113,114
113,116
113,120
113,123
113,128
114,115
115,125
116,117
117,118
118,126
120,121
121,122
122,126
123,124
124,125
128,129
129,130
130,131
130,137
132,135
133,135
134,135
135,136
138,139
139,140
141,142
142,143
142,146
142,147
142,148
144,145
145,147
145,148
<end>