<number of tasks>
148
<number of mated-station>
6
<number of workers>
12
<task times>
1 16 14 6 10 5 4 11 1 100000 15 6 8
2 30 9 26 23 100000 17 29 100000 22 6 100000 3
3 7 7 2 3 100000 2 5 2 6 4 2 6
4 47 100000 100000 100000 29 100000 10 100000 13 11 13 41
5 29 6 11 10 4 6 25 25 14 7 16 5
6 8 8 6 4 4 100000 2 6 100000 1 3 100000
7 39 7 33 22 100000 6 22 29 6 22 18 100000
8 37 34 23 32 16 37 29 31 31 11 19 13
9 32 100000 28 15 1 100000 30 21 4 10 100000 31
10 29 12 100000 12 2 100000 100000 6 14 20 8 3
11 17 100000 9 2 100000 100000 16 7 4 17 13 5
12 11 4 5 5 1 100000 11 4 6 7 11 9
13 32 15 10 14 16 7 10 9 6 100000 21 2
14 15 6 7 8 10 5 2 100000 6 11 5 9
15 53 40 13 19 100000 10 11 31 100000 15 10 4
16 53 29 36 7 2 22 37 38 45 26 23 100000
17 8 8 6 1 7 5 100000 6 5 7 100000 7
18 24 6 8 10 19 17 16 10 7 10 13 16
19 24 13 21 14 3 21 100000 1 16 4 9 10
20 8 6 100000 7 8 100000 2 8 100000 100000 100000 6
21 7 5 6 2 4 2 5 3 7 2 1 6
22 8 5 4 2 3 7 5 6 8 7 100000 7
23 14 100000 8 8 100000 14 4 100000 14 1 6 9
24 13 7 100000 10 2 7 100000 100000 100000 13 11 3
25 10 7 9 2 100000 2 100000 100000 5 100000 7 3
26 25 20 24 100000 16 24 9 16 22 12 20 22
27 11 100000 9 7 100000 100000 100000 4 3 8 11 3
28 25 3 17 6 3 100000 100000 22 1 11 100000 16
29 11 100000 10 2 100000 6 1 5 4 5 100000 7
30 29 12 29 25 12 100000 12 7 3 20 100000 14
31 25 100000 17 7 9 19 19 22 12 100000 18 23
32 10 4 5 9 5 8 9 3 2 4 9 8
33 14 6 3 3 11 100000 7 11 4 12 4 100000
34 41 100000 100000 100000 40 11 32 29 10 22 6 25
35 42 28 7 6 26 42 22 22 34 36 4 7
36 47 100000 100000 25 15 24 29 100000 9 26 16 9
37 7 6 5 4 100000 4 5 100000 100000 2 6 2
38 80 41 41 76 78 75 14 39 17 67 57 39
39 7 5 6 100000 100000 5 5 100000 3 6 4 6
40 41 11 15 30 100000 100000 23 13 25 3 4 11
41 47 35 21 100000 23 23 32 47 33 24 36 10
42 16 4 16 8 100000 3 100000 11 4 7 4 100000
43 32 23 100000 8 25 7 16 12 3 15 100000 15
44 66 34 37 52 100000 51 100000 14 30 66 100000 39
45 80 23 58 52 58 31 52 7 100000 100000 100000 52
46 7 5 2 100000 3 6 6 100000 5 100000 5 1
47 41 36 13 14 3 3 13 100000 100000 33 16 20
48 13 10 6 7 6 12 4 11 2 12 10 9
49 47 100000 41 100000 16 21 30 46 100000 100000 33 41
50 33 18 26 12 15 28 100000 24 100000 10 22 27
51 34 7 15 28 3 33 27 34 12 17 22 16
52 11 9 4 9 10 2 1 8 7 100000 8 100000
53 118 100000 112 100000 100000 9 100000 29 99 107 72 100000
54 25 6 6 14 17 3 21 12 100000 10 22 18
55 7 2 100000 5 100000 5 2 6 2 5 4 4
56 28 20 20 27 24 14 18 10 6 27 22 16
57 12 9 5 2 5 2 5 7 100000 5 9 11
58 52 28 100000 100000 36 40 24 100000 23 37 32 25
59 14 100000 5 6 1 3 100000 8 5 9 13 8
60 3 2 100000 2 2 2 3 2 100000 3 1 3
61 3 1 100000 3 2 2 1 2 2 2 1 3
62 8 5 4 6 2 1 7 7 4 2 4 4
63 16 10 16 16 100000 15 4 100000 100000 1 7 7
64 33 9 17 15 3 12 25 2 27 6 100000 13
65 8 3 7 7 5 2 2 3 3 4 100000 1
66 18 100000 12 6 17 14 6 100000 13 100000 7 3
67 10 3 3 100000 4 8 100000 3 100000 5 2 7
68 14 5 5 5 4 4 6 9 100000 4 12 10
69 28 16 5 5 25 13 20 100000 16 2 2 15
70 11 3 100000 5 6 9 10 6 2 7 9 7
71 118 110 109 5 114 48 93 55 113 13 35 85
72 25 1 13 9 100000 2 25 7 100000 100000 7 20
73 40 100000 20 26 5 13 100000 37 24 36 28 2
74 40 6 35 100000 6 36 21 31 19 10 11 100000
75 101 14 14 100000 96 51 100000 100000 18 24 85 7
76 5 1 4 5 2 1 3 4 5 4 4 2
77 28 27 9 2 5 23 100000 20 20 2 19 28
78 8 8 6 2 4 7 6 7 4 5 6 6
79 111 56 100000 45 71 30 59 84 100000 100000 42 41
80 7 3 100000 1 2 6 2 100000 3 1 2 100000
81 26 8 26 12 26 19 100000 14 26 100000 5 19
82 10 9 100000 7 6 9 100000 2 7 9 7 100000
83 21 7 5 18 100000 2 5 2 100000 15 9 6
84 26 14 19 2 15 7 9 100000 9 14 100000 24
85 20 100000 100000 11 13 9 6 19 100000 17 100000 17
86 21 3 100000 20 20 16 12 8 14 7 100000 100000
87 47 35 38 41 46 22 100000 33 34 26 34 13
88 23 13 6 11 100000 18 16 23 19 100000 100000 12
89 13 100000 10 10 1 10 10 4 5 100000 100000 8
90 19 9 17 100000 6 16 10 9 100000 3 15 7
91 115 72 32 108 61 91 100000 100000 77 83 67 100000
92 35 8 100000 4 11 3 20 3 7 31 29 3
93 26 100000 17 19 7 100000 100000 4 100000 5 100000 5
94 46 30 22 100000 24 24 22 37 15 28 40 32
95 20 7 18 100000 100000 12 17 4 5 13 100000 5
96 31 31 11 100000 29 28 16 17 6 20 6 11
97 19 6 8 2 6 7 7 9 16 18 2 7
98 34 33 6 24 13 100000 15 24 8 100000 3 8
99 51 19 40 100000 26 37 28 4 35 15 100000 19
100 39 37 35 100000 100000 26 100000 12 12 2 18 17
101 30 16 100000 22 20 21 100000 1 7 10 5 12
102 26 100000 24 5 14 2 8 2 8 5 100000 100000
103 13 12 2 100000 2 8 100000 4 12 100000 11 2
104 45 38 38 7 100000 18 8 33 100000 36 100000 32
105 58 7 55 22 26 28 100000 55 100000 100000 24 100000
106 28 13 21 24 100000 5 2 9 15 9 26 11
107 8 5 100000 4 4 7 3 2 8 6 100000 4
108 43 35 11 19 17 42 21 40 6 41 35 39
109 40 34 100000 40 12 28 11 11 1 2 18 100000
110 34 29 2 12 100000 28 100000 20 26 19 20 29
111 23 100000 5 3 3 16 23 11 19 7 8 10
112 162 114 110 91 127 83 30 73 141 38 100000 69
113 11 9 6 3 3 3 4 6 6 5 10 3
114 19 8 15 2 5 17 4 16 4 5 11 3
115 14 9 100000 9 100000 8 2 2 100000 5 11 1
116 31 13 100000 31 14 18 20 100000 11 21 12 27
117 32 31 2 23 2 100000 13 14 3 7 100000 100000
118 26 6 14 100000 1 23 5 8 23 8 12 6
119 55 7 7 100000 29 25 43 11 49 100000 53 42
120 31 7 5 100000 8 7 7 25 3 16 100000 17
121 32 20 19 100000 14 12 28 100000 21 8 9 3
122 26 1 2 12 4 100000 100000 13 16 22 6 100000
123 19 17 16 15 100000 15 8 9 14 2 14 10
124 14 13 8 5 5 10 100000 3 13 13 10 100000
125 19 100000 4 11 16 7 100000 100000 5 18 18 10
126 48 31 24 100000 28 8 100000 31 38 40 7 20
127 55 3 100000 100000 100000 29 31 41 20 31 4 17
128 8 100000 3 2 3 6 100000 6 3 1 100000 100000
129 11 6 10 100000 6 3 3 100000 8 100000 6 10
130 27 15 1 3 100000 9 7 25 9 100000 16 12
131 18 14 13 2 5 3 15 10 3 10 16 100000
132 36 22 100000 32 33 15 100000 5 30 14 23 19
133 23 21 100000 20 100000 3 15 1 18 4 12 21
134 20 11 18 100000 17 100000 5 4 20 2 6 2
135 46 8 33 28 9 28 43 10 20 100000 41 22
136 64 55 36 38 33 4 100000 13 63 9 52 53
137 22 10 100000 10 4 2 21 100000 100000 13 100000 2
138 15 6 5 3 11 4 100000 12 11 11 12 14
139 34 22 24 11 100000 21 33 100000 100000 28 100000 23
140 22 18 8 100000 6 4 1 1 21 7 2 6
141 151 100000 49 12 100000 60 64 130 100000 51 94 104
142 148 132 55 101 100000 100000 100000 147 100000 114 61 14
143 64 22 100000 12 34 55 100000 27 4 21 24 29
144 170 101 11 160 100000 100000 33 74 141 102 143 151
145 137 43 133 106 9 100000 70 102 100000 93 130 47
146 64 54 12 41 100000 52 100000 33 100000 39 47 48
147 78 38 50 100000 69 100000 34 68 63 100000 100000 100000
148 78 26 56 7 56 100000 59 100000 13 100000 3 100000
<task directions>
1 E
2 E
3 E
4 E
5 E
6 E
7 E
8 E
9 E
10 E
11 E
12 E
13 E
14 E
15 L
16 R
17 E
18 L
19 R
20 E
21 R
22 L
23 L
24 R
25 R
26 R
27 L
28 L
29 E
30 R
31 E
32 L
33 R
34 L
35 R
36 R
37 R
38 R
39 R
40 R
41 R
42 L
43 L
44 L
45 L
46 L
47 L
48 E
49 L
50 E
51 L
52 L
53 L
54 L
55 R
56 E
57 L
58 L
59 E
60 E
61 E
62 E
63 E
64 R
65 E
66 E
67 E
68 E
69 R
70 R
71 R
72 R
73 E
74 E
75 E
76 E
77 E
78 E
79 E
80 E
81 E
82 E
83 E
84 E
85 E
86 E
87 E
88 E
89 E
90 E
91 E
92 E
93 L
94 E
95 E
96 E
97 E
98 E
99 E
100 E
101 E
102 E
103 E
104 E
105 E
106 E
107 E
108 E
109 E
110 E
111 E
112 L
113 L
114 E
115 E
116 E
117 E
118 E
119 E
120 E
121 E
122 E
123 E
124 E
125 E
126 E
127 E
128 L
129 L
130 L
131 L
132 E
133 L
134 R
135 E
136 E
137 L
138 E
139 E
140 E
141 L
142 R
143 L
144 L
145 R
146 R
147 L
148 R
<precedence relations>
1,5
1,6
1,7
1,8
2,3
3,4
3,5
3,6
3,7
4,8
5,14
6,9
7,14
8,10
9,14
10,14
11,12
12,13
14,15
14,16
15,17
16,17
17,18
17,19
18,20
19,20
20,21
20,22
20,23
20,24
21,25
21,26
21,27
21,28
22,25
22,26
22,27
22,28
23,25
23,26
23,27
23,28
24,25
24,26
24,27
24,28
25,29
26,29
27,29
28,29
29,31
31,36
32,34
33,35
34,36
35,36
36,37
37,38
37,45
38,39
39,40
40,41
40,48
40,55
42,43
43,44
45,46
46,47
47,48
47,49
47,55
50,51
51,53
51,69
52,53
54,133
55,54
55,72
55,76
55,87
55,88
56,73
57,79
58,84
58,86
59,75
59,87
61,62
62,63
63,67
64,65
64,71
64,72
65,66
65,99
66,67
67,68
68,95
68,98
69,82
70,71
72,134
73,84
73,86
73,87
73,88
73,96
74,75
75,88
75,97
76,77
77,78
78,79
79,80
80,81
81,106
82,83
82,89
82,143
82,146
84,85
88,111
89,90
90,79
91,105
92,135
95,101
96,104
98,101
99,100
100,101
101,102
101,103
102,127
103,127
105,119
106,107
107,108
108,109
109,110
111,112
112,113
113,114
113,116
113,120
113,123
113,128
114,115
115,125
116,117
117,118
118,126
120,121
121,122
122,126
123,124
124,125
128,129
129,130
130,131
130,137
132,135
133,135
134,135
135,136
138,139
139,140
141,142
142,143
142,146
142,147
142,148
144,145
145,147
145,148
<end>