<number of tasks>
148
<number of mated-station>
4
<number of workers>
8
<task times>
1 16 100000 100000 100000 16 11 12 11
2 30 2 12 18 5 3 25 100000
3 7 7 7 100000 5 100000 4 1
4 47 29 38 7 3 37 11 100000
5 29 4 17 29 11 5 16 12
6 8 2 6 100000 3 3 2 3
7 39 24 22 11 32 12 30 33
8 37 15 36 28 25 28 32 32
9 32 24 7 29 100000 12 24 28
10 29 22 100000 23 20 3 5 5
11 17 3 10 6 13 11 11 2
12 11 11 5 11 8 11 9 3
13 32 12 22 100000 100000 24 28 23
14 15 2 9 6 12 11 8 13
15 53 100000 43 21 6 35 49 31
16 53 19 10 36 18 29 17 100000
17 8 6 2 8 7 100000 1 100000
18 24 21 8 13 24 4 17 6
19 24 10 100000 13 15 10 7 18
20 8 8 6 100000 8 3 3 6
21 7 2 3 6 3 5 4 1
22 8 3 100000 3 8 2 100000 7
23 14 12 11 4 10 2 7 11
24 13 7 3 7 5 10 2 2
25 10 4 4 4 5 1 3 8
26 25 13 3 23 100000 6 18 9
27 11 8 6 9 10 3 8 100000
28 25 23 13 11 21 20 5 3
29 11 2 9 3 4 5 11 4
30 29 10 26 17 24 2 5 28
31 25 20 18 8 14 18 2 14
32 10 10 100000 3 8 8 7 4
33 14 9 11 5 2 2 9 5
34 41 37 31 27 11 38 4 34
35 42 10 11 12 100000 8 1 14
36 47 41 12 24 38 42 21 26
37 7 2 2 100000 3 100000 4 3
38 80 64 54 74 47 38 78 100000
39 7 7 5 1 4 100000 2 2
40 41 14 20 35 41 100000 35 17
41 47 100000 36 33 8 12 23 30
42 16 8 12 9 13 4 10 100000
43 32 100000 8 8 17 100000 100000 18
44 66 63 50 8 13 11 39 3
45 80 40 71 36 2 65 77 3
46 7 7 1 5 4 4 4 3
47 41 100000 37 5 31 5 25 35
48 13 2 100000 5 3 12 4 6
49 47 100000 38 32 47 100000 23 4
50 33 11 23 21 100000 32 31 100000
51 34 4 26 24 12 33 22 2
52 11 3 100000 7 8 6 6 8
53 118 29 96 56 55 97 113 89
54 25 5 20 12 4 21 21 18
55 7 3 4 5 5 1 6 100000
56 28 23 7 3 4 21 17 22
57 12 100000 5 5 1 7 2 10
58 52 27 5 40 100000 34 30 12
59 14 3 5 10 1 10 3 2
60 3 2 100000 2 2 2 2 2
61 3 3 1 100000 2 2 2 2
62 8 100000 7 6 5 1 1 3
63 16 12 15 8 14 2 10 10
64 33 9 26 4 25 23 28 19
65 8 5 4 7 4 2 3 6
66 18 11 12 8 15 17 8 100000
67 10 8 6 100000 4 4 5 8
68 14 4 12 2 11 5 5 12
69 28 19 6 14 14 7 25 23
70 11 11 6 2 2 9 3 6
71 118 33 100000 83 103 8 100000 48
72 25 5 100000 24 1 20 10 22
73 40 31 21 11 6 12 27 32
74 40 100000 20 100000 14 33 16 5
75 101 34 34 24 94 100000 100000 18
76 5 3 1 4 2 3 2 100000
77 28 25 17 6 14 6 11 15
78 8 7 7 100000 7 6 6 3
79 111 12 19 97 98 29 101 36
80 7 1 4 3 5 7 5 4
81 26 20 24 26 25 24 18 21
82 10 3 5 100000 5 3 6 7
83 21 100000 19 14 12 21 8 18
84 26 8 100000 22 4 4 11 8
85 20 100000 10 14 4 8 17 12
86 21 100000 13 21 100000 15 100000 14
87 47 27 14 45 47 14 100000 46
88 23 19 4 6 21 9 9 16
89 13 8 100000 2 100000 9 3 5
90 19 15 3 16 11 19 100000 16
91 115 82 87 105 39 17 71 16
92 35 5 24 15 14 13 5 5
93 26 18 9 5 19 13 23 11
94 46 2 7 100000 14 25 24 14
95 20 10 20 13 16 5 10 100000
96 31 12 23 29 12 100000 4 23
97 19 16 1 16 17 2 100000 16
98 34 10 34 33 29 18 5 7
99 51 27 100000 14 19 11 35 19
100 39 100000 26 35 3 37 39 28
101 30 12 11 15 10 24 21 4
102 26 12 20 26 17 7 23 17
103 13 4 4 8 4 12 3 11
104 45 43 34 43 42 24 27 2
105 58 26 53 36 35 43 53 37
106 28 28 28 27 3 9 25 25
107 8 2 3 100000 7 5 3 1
108 43 10 9 100000 21 2 100000 100000
109 40 39 24 9 21 12 35 3
110 34 34 5 28 10 13 100000 31
111 23 100000 7 5 18 21 5 2
112 162 110 27 75 14 82 100000 93
113 11 9 9 7 100000 5 5 4
114 19 4 5 10 11 12 11 1
115 14 12 3 3 2 3 100000 10
116 31 21 13 18 18 25 29 100000
117 32 10 25 29 16 9 6 14
118 26 19 24 10 16 11 4 100000
119 55 100000 11 11 30 5 27 50
120 31 5 27 9 16 22 10 6
121 32 10 12 100000 3 24 2 100000
122 26 6 11 18 12 5 19 22
123 19 9 6 14 13 16 18 2
124 14 7 8 6 2 2 11 9
125 19 100000 9 19 4 17 4 10
126 48 6 5 32 9 28 100000 14
127 55 32 24 50 46 25 4 37
128 8 5 100000 100000 4 4 2 8
129 11 8 10 4 9 9 5 8
130 27 15 18 13 26 19 11 17
131 18 9 7 100000 15 100000 16 12
132 36 100000 100000 16 5 20 17 20
133 23 22 3 11 100000 18 3 10
134 20 15 100000 5 5 5 12 2
135 46 39 36 34 33 3 100000 44
136 64 55 58 100000 100000 4 48 12
137 22 18 6 11 14 100000 19 10
138 15 4 8 9 4 13 8 14
139 34 2 33 32 28 25 100000 12
140 22 8 20 20 9 13 1 18
141 151 6 64 100000 114 120 145 61
142 148 30 26 60 16 100000 120 8
143 64 33 59 4 7 51 2 60
144 170 100000 104 106 74 133 4 64
145 137 68 2 19 127 92 24 24
146 64 26 100000 11 33 46 61 60
147 78 7 65 100000 37 22 46 48
148 78 23 75 53 40 78 100000 73
<task directions>
1 E
2 E
3 E
4 E
5 E
6 E
7 E
8 E
9 E
10 E
11 E
12 E
13 E
14 E
15 L
16 R
17 E
18 L
19 R
20 E
21 R
22 L
23 L
24 R
25 R
26 R
27 L
28 L
29 E
30 R
31 E
32 L
33 R
34 L
35 R
36 R
37 R
38 R
39 R
40 R
41 R
42 L
43 L
44 L
45 L
46 L
47 L
48 E
49 L
50 E
51 L
52 L
53 L
54 L
55 R
56 E
57 L
58 L
59 E
60 E
61 E
62 E
63 E
64 R
65 E
66 E
67 E
68 E
69 R
70 R
71 R
72 R
73 E
74 E
75 E
76 E
77 E
78 E
79 E
80 E
81 E
82 E
83 E
84 E
85 E
86 E
87 E
88 E
89 E
90 E
91 E
92 E
93 L
94 E
95 E
96 E
97 E
98 E
99 E
100 E
101 E
102 E
103 E
104 E
105 E
106 E
107 E
108 E
109 E
110 E
111 E
112 L
113 L
114 E
115 E
116 E
117 E
118 E
119 E
120 E
121 E
122 E
123 E
124 E
125 E
126 E
127 E
128 L
129 L
130 L
131 L
132 E
133 L
134 R
135 E
136 E
137 L
138 E
139 E
140 E
141 L
142 R
143 L
144 L
145 R
146 R
147 L
148 R
<precedence relations>
1,5
1,6
1,7
1,8
2,3
3,4
3,5
3,6
3,7
4,8
5,14
6,9
7,14
8,10
9,14
10,14
11,12
12,13
14,15
14,16
15,17
16,17
17,18
17,19
18,20
19,20
20,21
20,22
20,23
20,24
21,25
21,26
21,27
21,28
22,25
22,26
22,27
22,28
23,25
23,26
23,27
23,28
24,25
24,26
24,27
24,28
25,29
26,29
27,29
28,29
29,31
31,36
32,34
33,35
34,36
35,36
36,37
37,38
37,45
38,39
39,40
40,41
40,48
40,55
42,43
43,44
45,46
46,47
47,48
47,49
47,55
50,51
51,53
51,69
52,53
54,133
55,54
55,72
55,76
55,87
55,88
56,73
57,79
58,84
58,86
59,75
59,87
61,62
62,63
63,67
64,65
64,71
64,72
65,66
65,99
66,67
67,68
68,95
68,98
69,82
70,71
72,134
73,84
73,86
73,87
73,88
73,96
74,75
75,88
75,97
76,77
77,78
78,79
79,80
80,81
81,106
82,83
82,89
82,143
82,146
84,85
88,111
89,90
90,79
91,105
92,135
95,101
96,104
98,101
99,100
100,101
101,102
101,103
102,127
103,127
105,119
106,107
107,108
108,109
109,110
111,112
112,113
113,114
113,116
113,120
113,123
113,128
114,115
115,125
116,117
117,118
118,126
120,121
121,122
122,126
123,124
124,125
128,129
129,130
130,131
130,137
132,135
133,135
134,135
135,136
138,139
139,140
141,142
142,143
142,146
142,147
142,148
144,145
145,147
145,148
<end>