<number of tasks>
148
<number of mated-station>
11
<number of workers>
22
<task times>
1 16 14 13 9 14 2 12 6 13 13 2 100000 13 16 2 8 10 14 100000 15 11 4
2 30 9 24 100000 5 5 29 100000 8 9 100000 16 100000 3 20 16 100000 10 29 25 27 11
3 7 3 4 3 1 3 3 2 1 7 3 1 100000 5 2 4 4 1 100000 1 4 4
4 47 43 38 7 31 32 1 100000 43 26 38 2 29 18 26 29 14 39 3 100000 18 100000
5 29 20 17 3 28 9 23 28 3 15 23 16 6 16 100000 26 15 21 19 100000 100000 11
6 8 7 100000 5 2 6 100000 3 100000 100000 2 1 2 6 2 2 100000 7 7 2 100000 3
7 39 100000 27 17 26 4 100000 4 20 100000 30 18 15 16 10 100000 2 20 17 27 28 100000
8 37 24 100000 18 28 100000 27 22 11 35 27 11 30 25 37 1 30 100000 19 2 30 13
9 32 18 2 9 27 11 100000 100000 29 24 11 29 1 9 19 12 16 23 24 8 3 7
10 29 11 100000 23 3 100000 14 24 7 16 20 21 5 4 15 6 16 7 8 100000 100000 12
11 17 3 13 100000 10 9 100000 100000 8 2 9 11 10 100000 100000 16 100000 12 9 13 8 6
12 11 11 100000 8 7 3 10 100000 2 8 3 8 9 100000 11 100000 100000 10 6 100000 10 8
13 32 4 14 100000 30 23 22 8 12 15 100000 31 100000 100000 2 100000 100000 30 100000 10 29 100000
14 15 13 10 14 5 5 100000 100000 9 10 100000 100000 100000 5 100000 12 100000 100000 5 9 7 8
15 53 36 36 20 12 32 10 45 28 17 8 15 13 23 47 100000 50 100000 24 33 100000 20
16 53 38 100000 100000 100000 100000 42 20 42 26 21 5 23 11 5 20 43 100000 47 100000 12 7
17 8 4 4 2 7 5 100000 100000 3 8 2 1 4 100000 6 4 1 2 100000 4 5 7
18 24 18 17 4 100000 100000 100000 16 100000 100000 7 24 12 1 100000 6 12 11 1 9 3 6
19 24 15 7 6 24 22 8 15 100000 18 17 3 8 100000 100000 17 1 21 6 100000 100000 19
20 8 100000 1 6 7 4 7 100000 5 100000 2 7 7 1 3 5 100000 4 3 6 7 100000
21 7 100000 4 100000 4 2 5 4 2 4 4 100000 4 6 7 100000 6 2 4 2 5 3
22 8 3 4 1 100000 1 100000 100000 7 8 4 100000 5 5 6 100000 6 3 4 100000 7 1
23 14 8 100000 3 100000 5 100000 100000 4 7 5 100000 8 100000 9 9 9 4 13 1 14 100000
24 13 1 7 5 11 8 11 11 9 5 12 8 7 5 6 2 11 5 5 8 5 10
25 10 4 4 8 10 10 9 9 100000 1 7 10 2 2 4 100000 8 10 100000 8 7 6
26 25 8 100000 7 100000 14 18 100000 14 22 11 100000 3 11 21 18 6 16 13 100000 16 19
27 11 6 8 2 100000 2 9 2 7 9 4 9 7 8 100000 100000 100000 5 3 100000 8 100000
28 25 100000 100000 6 24 16 100000 100000 19 16 18 16 7 6 1 100000 10 100000 17 17 25 8
29 11 2 8 2 7 6 7 100000 10 4 8 3 5 11 3 100000 10 9 10 10 100000 10
30 29 27 8 100000 5 24 100000 27 20 2 100000 13 5 100000 25 16 100000 27 9 27 20 16
31 25 23 8 2 100000 4 9 12 3 6 4 9 4 14 21 2 13 19 19 100000 20 11
32 10 10 100000 6 3 6 6 100000 2 6 6 2 8 6 100000 7 9 100000 8 8 5 1
33 14 100000 13 9 7 4 100000 14 3 100000 7 9 100000 11 8 10 5 100000 100000 9 1 100000
34 41 39 9 10 17 13 25 31 40 14 30 15 13 35 39 100000 100000 10 100000 33 36 22
35 42 39 40 34 35 5 14 100000 37 36 8 2 34 100000 9 36 3 23 2 100000 100000 3
36 47 39 36 7 42 100000 3 25 23 42 10 15 21 32 10 100000 39 7 100000 13 47 100000
37 7 5 1 2 5 4 2 5 7 4 6 4 4 6 100000 3 2 2 1 100000 5 2
38 80 79 30 24 100000 40 100000 22 41 29 67 100000 54 17 60 48 69 53 100000 60 10 71
39 7 100000 100000 5 5 100000 6 4 4 100000 6 3 4 3 7 7 5 2 1 2 3 6
40 41 100000 100000 35 11 41 21 1 35 19 4 100000 36 19 33 41 35 100000 100000 26 100000 13
41 47 15 100000 39 41 34 17 100000 46 24 45 100000 7 39 44 18 5 3 100000 45 24 100000
42 16 11 7 100000 1 100000 4 100000 3 12 5 6 14 8 10 6 14 10 3 100000 100000 10
43 32 30 2 14 16 100000 6 27 4 17 100000 8 30 8 25 4 25 22 12 4 11 4
44 66 24 58 100000 21 100000 100000 6 100000 2 24 58 100000 66 100000 40 29 48 100000 32 16 11
45 80 4 100000 32 100000 51 50 67 25 100000 50 74 38 41 32 100000 13 63 100000 19 52 67
46 7 7 3 7 3 5 7 100000 100000 4 3 6 5 6 5 4 5 7 1 4 6 100000
47 41 32 39 100000 36 35 22 100000 7 100000 31 100000 17 3 34 22 19 100000 11 11 100000 24
48 13 100000 100000 100000 11 12 3 100000 100000 11 100000 100000 11 12 100000 4 11 7 5 1 4 11
49 47 37 24 7 36 35 21 24 23 44 17 7 7 29 36 41 45 42 100000 44 32 32
50 33 28 100000 100000 12 100000 13 100000 23 5 16 25 22 100000 13 23 8 9 100000 20 100000 33
51 34 19 5 25 7 15 6 100000 18 23 11 8 6 27 10 4 100000 100000 100000 18 5 7
52 11 8 10 100000 100000 6 11 10 7 10 100000 7 100000 3 4 100000 11 100000 2 100000 100000 11
53 118 6 102 100000 100000 69 65 45 100000 71 100000 100000 79 27 28 85 100000 44 37 112 3 78
54 25 19 20 11 7 4 100000 22 24 10 22 2 25 100000 2 13 21 15 100000 2 20 100000
55 7 1 3 100000 3 100000 2 6 3 100000 6 100000 100000 1 100000 1 5 7 2 6 4 6
56 28 26 6 23 2 11 26 5 16 13 23 14 11 100000 7 28 100000 19 15 4 100000 10
57 12 100000 3 7 7 9 11 2 100000 9 5 5 2 8 5 9 3 11 11 100000 10 100000
58 52 42 31 40 3 48 13 4 39 20 100000 22 100000 35 23 44 2 20 20 29 31 100000
59 14 13 8 10 13 12 13 6 9 6 100000 6 13 2 2 100000 6 14 6 2 11 8
60 3 1 2 3 100000 1 3 2 2 1 3 2 3 2 3 3 100000 100000 2 100000 2 1
61 3 2 2 3 3 3 1 3 1 2 100000 3 2 3 100000 2 3 2 2 2 100000 2
62 8 2 2 5 5 7 5 100000 100000 7 6 1 3 3 8 5 8 5 6 100000 6 4
63 16 100000 7 9 4 13 13 4 13 7 3 9 9 11 4 10 9 7 10 9 11 100000
64 33 31 24 19 26 28 29 23 21 100000 100000 18 27 23 30 32 27 5 29 7 6 21
65 8 6 2 100000 7 5 7 3 5 100000 3 6 4 6 8 100000 100000 7 5 6 7 8
66 18 100000 15 100000 13 12 8 14 100000 5 14 3 100000 15 10 5 14 14 100000 3 7 12
67 10 100000 5 10 7 8 10 4 1 4 6 5 9 8 5 5 100000 6 6 100000 9 6
68 14 9 13 1 7 100000 3 100000 5 8 2 11 1 100000 9 4 4 6 9 12 5 6
69 28 26 7 2 100000 17 100000 2 14 15 12 100000 26 19 100000 16 19 13 16 15 10 15
70 11 9 4 3 9 11 100000 9 8 100000 9 9 11 100000 11 8 3 2 100000 8 4 6
71 118 24 27 90 111 38 100000 41 102 41 100000 75 105 47 111 64 95 22 81 44 43 13
72 25 12 15 7 24 15 19 100000 100000 7 22 16 2 9 100000 24 1 9 15 100000 19 9
73 40 100000 28 35 38 38 10 100000 37 23 27 6 37 100000 10 29 33 8 29 18 33 34
74 40 100000 23 22 100000 33 21 100000 100000 33 100000 37 100000 15 4 39 29 100000 8 9 25 27
75 101 60 90 100000 14 85 100000 100000 8 25 73 27 21 100000 100000 100000 89 4 94 64 100000 21
76 5 3 4 2 4 1 100000 100000 5 2 4 1 2 4 1 2 2 3 2 4 1 3
77 28 9 25 100000 17 20 21 10 12 26 16 100000 11 17 19 1 24 100000 25 6 20 17
78 8 100000 5 100000 4 5 5 2 100000 100000 7 2 100000 3 7 2 4 2 5 2 5 6
79 111 100000 75 2 12 100000 100000 30 108 21 100000 79 100000 30 85 10 41 7 9 100000 9 75
80 7 3 2 100000 4 2 100000 3 1 2 2 6 3 5 4 100000 4 3 1 6 7 7
81 26 13 5 6 23 26 10 7 26 14 100000 14 13 15 100000 25 21 26 8 15 100000 26
82 10 3 6 4 9 2 1 5 9 7 100000 2 4 4 8 8 100000 100000 9 5 8 100000
83 21 4 6 18 17 4 100000 4 16 100000 5 3 16 10 19 14 7 10 100000 1 10 100000
84 26 100000 100000 21 17 5 8 23 17 100000 9 2 20 1 100000 100000 26 22 100000 22 100000 3
85 20 15 11 3 7 16 15 16 15 15 15 10 7 11 8 11 19 15 7 100000 100000 100000
86 21 100000 9 15 13 100000 2 100000 20 16 100000 100000 21 20 3 14 10 6 3 18 18 9
87 47 43 18 13 2 4 41 15 26 34 14 7 16 47 100000 9 25 13 100000 100000 13 18
88 23 1 18 18 2 2 10 10 5 4 100000 11 7 100000 100000 100000 20 18 18 13 100000 5
89 13 8 11 100000 6 2 11 100000 100000 11 2 5 11 5 13 5 100000 100000 8 10 100000 10
90 19 9 100000 6 17 15 17 7 18 7 2 9 15 16 19 100000 5 100000 7 11 11 10
91 115 108 12 11 32 104 60 85 58 18 44 89 110 99 101 102 100000 100000 25 60 100000 100000
92 35 9 8 24 100000 24 100000 100000 27 29 100000 22 100000 12 21 6 26 26 30 4 34 25
93 26 22 9 17 9 20 6 3 24 15 100000 10 21 6 14 1 16 13 25 100000 14 5
94 46 39 100000 100000 43 28 36 100000 100000 31 100000 6 22 14 10 100000 41 33 100000 2 31 19
95 20 5 17 2 10 8 7 9 100000 100000 11 100000 19 10 9 19 7 3 100000 100000 17 8
96 31 26 28 11 10 18 5 100000 16 7 4 14 8 28 30 13 27 100000 11 13 100000 17
97 19 9 12 9 9 12 7 6 4 15 5 13 2 10 4 13 2 18 5 12 1 2
98 34 6 22 29 32 4 16 6 3 30 31 10 12 8 28 11 11 100000 33 14 24 10
99 51 27 4 6 45 100000 43 17 21 100000 38 51 18 23 24 31 27 100000 25 5 22 100000
100 39 17 37 14 9 12 32 25 31 100000 100000 4 36 21 100000 35 14 36 100000 36 100000 100000
101 30 27 7 19 12 23 13 13 17 4 23 29 14 27 19 21 21 30 14 21 16 23
102 26 100000 100000 100000 16 16 10 15 14 100000 26 22 100000 19 4 6 6 8 15 24 100000 20
103 13 100000 5 11 4 9 11 2 100000 8 8 4 7 5 100000 11 2 4 11 12 11 13
104 45 100000 30 100000 19 4 24 39 100000 100000 14 13 100000 20 30 5 13 100000 43 7 38 12
105 58 28 56 100000 55 24 18 8 19 17 23 4 52 18 53 35 48 7 43 2 14 55
106 28 27 3 27 19 19 28 100000 1 17 27 5 2 22 3 2 9 7 8 10 100000 24
107 8 6 100000 7 100000 3 4 5 6 3 100000 7 100000 6 6 4 2 7 100000 7 1 4
108 43 100000 21 34 40 10 100000 8 28 5 100000 7 40 11 21 28 12 9 42 39 4 100000
109 40 100000 33 16 38 100000 14 15 16 16 26 6 31 4 34 26 100000 24 28 20 36 17
110 34 100000 100000 5 8 100000 16 100000 100000 30 3 19 3 12 3 8 16 8 24 13 21 100000
111 23 19 23 3 6 19 11 12 100000 22 16 1 4 3 10 4 16 16 14 100000 7 100000
112 162 90 43 100000 159 38 106 67 117 100000 162 59 75 82 149 159 100000 67 6 144 93 100000
113 11 4 100000 8 11 7 7 10 100000 5 4 4 10 6 7 5 100000 7 11 4 5 4
114 19 100000 100000 100000 8 9 15 19 4 100000 3 7 18 9 8 15 15 13 4 5 4 17
115 14 12 4 13 9 1 100000 9 6 8 4 100000 13 6 3 12 4 3 14 13 10 9
116 31 7 21 100000 15 100000 9 100000 19 9 11 14 100000 100000 11 19 19 21 27 13 29 10
117 32 9 14 8 22 15 9 17 21 21 19 20 100000 30 8 25 22 27 5 2 100000 11
118 26 7 100000 100000 8 14 24 100000 19 22 100000 21 11 15 23 14 9 11 2 6 100000 7
119 55 5 3 100000 49 18 22 51 36 29 54 7 100000 19 46 17 26 6 28 11 17 4
120 31 20 28 12 30 25 30 26 27 23 3 8 100000 7 10 8 29 31 4 30 9 18
121 32 9 100000 15 18 100000 15 10 32 100000 100000 100000 19 16 100000 23 100000 7 3 1 26 5
122 26 7 7 10 12 2 26 13 3 11 18 13 5 11 4 14 26 8 100000 100000 21 19
123 19 15 4 15 2 4 100000 13 4 13 17 13 100000 14 16 100000 100000 2 3 2 1 9
124 14 10 12 10 1 9 6 8 100000 5 3 6 9 6 2 13 13 5 14 13 9 12
125 19 7 1 3 2 8 100000 9 6 4 11 3 18 4 100000 100000 100000 8 13 9 4 11
126 48 31 15 28 3 17 27 28 14 100000 42 100000 100000 100000 39 8 27 47 41 12 13 100000
127 55 30 32 48 25 15 16 35 43 33 8 100000 51 100000 13 6 3 100000 100000 100000 28 46
128 8 8 5 5 100000 6 6 100000 5 100000 5 3 7 4 100000 5 2 4 5 4 2 100000
129 11 6 100000 3 10 4 5 2 3 100000 4 4 3 4 8 7 11 4 8 3 6 5
130 27 24 4 21 10 17 4 2 12 15 10 23 15 3 17 10 21 2 21 23 5 3
131 18 100000 14 100000 4 10 8 12 7 16 14 100000 12 100000 6 100000 100000 16 7 11 4 1
132 36 100000 33 25 100000 26 3 15 26 100000 25 9 15 29 100000 100000 31 100000 14 35 14 19
133 23 10 23 100000 17 7 15 100000 100000 20 21 5 12 19 3 15 11 20 100000 23 19 100000
134 20 18 3 100000 11 3 4 18 100000 18 20 3 100000 7 12 100000 14 14 100000 18 4 5
135 46 46 32 19 100000 22 17 20 16 20 19 2 40 100000 100000 2 46 15 100000 11 29 8
136 64 5 12 33 58 46 14 51 100000 44 34 100000 5 10 21 17 54 63 100000 48 21 12
137 22 7 100000 8 3 15 18 2 9 21 100000 100000 11 9 100000 17 6 18 11 100000 10 5
138 15 100000 14 5 13 10 6 11 2 100000 8 9 11 5 100000 11 6 14 14 6 8 14
139 34 31 2 21 11 16 10 3 7 11 10 6 5 100000 11 8 100000 10 18 4 34 7
140 22 100000 7 100000 100000 21 15 100000 8 100000 15 100000 10 100000 16 1 100000 11 10 100000 14 8
141 151 82 133 100000 12 61 70 100000 85 100000 28 97 52 100000 4 61 145 72 90 100000 139 100000
142 148 100000 100000 80 91 11 107 88 108 75 38 41 47 132 45 83 29 100000 99 100000 29 26
143 64 100000 12 100000 16 10 100000 17 27 47 2 100000 49 19 14 46 53 9 48 100000 2 48
144 170 167 42 43 100000 100000 100000 26 126 62 100000 3 170 57 129 60 162 31 28 124 100000 70
145 137 34 125 32 132 100 119 61 76 36 49 38 100000 25 100000 100000 121 24 100000 77 117 64
146 64 19 7 51 41 58 54 53 31 44 17 11 53 34 56 31 43 53 9 23 38 27
147 78 100000 23 100000 29 12 67 71 51 50 22 67 6 13 25 15 26 100000 6 42 100000 74
148 78 43 63 51 60 58 25 100000 9 12 74 100000 45 17 53 23 43 24 15 56 52 56
<task directions>
1 E
2 E
3 E
4 E
5 E
6 E
7 E
8 E
9 E
10 E
11 E
12 E
13 E
14 E
15 L
16 R
17 E
18 L
19 R
20 E
21 R
22 L
23 L
24 R
25 R
26 R
27 L
28 L
29 E
30 R
31 E
32 L
33 R
34 L
35 R
36 R
37 R
38 R
39 R
40 R
41 R
42 L
43 L
44 L
45 L
46 L
47 L
48 E
49 L
50 E
51 L
52 L
53 L
54 L
55 R
56 E
57 L
58 L
59 E
60 E
61 E
62 E
63 E
64 R
65 E
66 E
67 E
68 E
69 R
70 R
71 R
72 R
73 E
74 E
75 E
76 E
77 E
78 E
79 E
80 E
81 E
82 E
83 E
84 E
85 E
86 E
87 E
88 E
89 E
90 E
91 E
92 E
93 L
94 E
95 E
96 E
97 E
98 E
99 E
100 E
101 E
102 E
103 E
104 E
105 E
106 E
107 E
108 E
109 E
110 E
111 E
112 L
113 L
114 E
115 E
116 E
117 E
118 E
119 E
120 E
121 E
122 E
123 E
124 E
125 E
126 E
127 E
128 L
129 L
130 L
131 L
132 E
133 L
134 R
135 E
136 E
137 L
138 E
139 E
140 E
141 L
142 R
143 L
144 L
145 R
146 R
147 L
148 R
<precedence relations>
1,5
1,6
1,7
1,8
2,3
3,4
3,5
3,6
3,7
4,8
5,14
6,9
7,14
8,10
9,14
10,14
11,12
12,13
14,15
14,16
15,17
16,17
17,18
17,19
18,20
19,20
20,21
20,22
20,23
20,24
21,25
21,26
21,27
21,28
22,25
22,26
22,27
22,28
23,25
23,26
23,27
23,28
24,25
24,26
24,27
24,28
25,29
26,29
27,29
28,29
29,31
31,36
32,34
33,35
34,36
35,36
36,37
37,38
37,45
38,39
39,40
40,41
40,48
40,55
42,43
43,44
45,46
46,47
47,48
47,49
47,55
50,51
51,53
51,69
52,53
54,133
55,54
55,72
55,76
55,87
55,88
56,73
57,79
58,84
58,86
59,75
59,87
61,62
62,63
63,67
64,65
64,71
64,72
65,66
65,99
66,67
67,68
68,95
68,98
69,82
70,71
72,134
73,84
73,86
73,87
73,88
73,96
74,75
75,88
75,97
76,77
77,78
78,79
79,80
80,81
81,106
82,83
82,89
82,143
82,146
84,85
88,111
89,90
90,79
91,105
92,135
95,101
96,104
98,101
99,100
100,101
101,102
101,103
102,127
103,127
105,119
106,107
107,108
108,109
109,110
111,112
112,113
113,114
113,116
113,120
113,123
113,128
114,115
115,125
116,117
117,118
118,126
120,121
121,122
122,126
123,124
124,125
128,129
129,130
130,131
130,137
132,135
133,135
134,135
135,136
138,139
139,140
141,142
142,143
142,146
142,147
142,148
144,145
145,147
145,148
<end>