<number of tasks>
148
<number of mated-station>
4
<number of workers>
8
<task times>
1 16 8 4 11 9 6 15 13
2 30 100000 25 9 17 6 3 14
3 7 100000 3 5 5 5 3 7
4 47 32 8 40 23 100000 21 20
5 29 21 100000 100000 18 14 20 100000
6 8 7 1 100000 100000 2 100000 7
7 39 28 100000 25 22 30 100000 7
8 37 100000 11 16 3 100000 27 18
9 32 19 10 19 30 2 8 17
10 29 10 20 29 100000 100000 29 100000
11 17 100000 5 8 7 1 17 8
12 11 4 3 2 2 100000 5 100000
13 32 100000 16 7 13 4 32 1
14 15 7 100000 3 2 1 6 5
15 53 32 8 100000 5 5 52 37
16 53 13 44 29 30 42 39 2
17 8 100000 6 6 4 100000 100000 1
18 24 19 6 17 20 6 5 18
19 24 5 11 2 18 100000 22 8
20 8 2 6 2 6 2 3 2
21 7 4 100000 3 1 5 4 3
22 8 7 100000 2 100000 5 7 100000
23 14 9 100000 9 12 7 7 4
24 13 10 100000 6 3 11 10 3
25 10 5 1 7 6 5 6 3
26 25 15 22 23 24 23 12 7
27 11 100000 7 4 11 5 9 6
28 25 100000 11 10 23 100000 25 24
29 11 7 6 4 3 8 100000 3
30 29 100000 100000 10 11 16 22 24
31 25 18 100000 100000 17 9 21 19
32 10 7 3 7 100000 4 7 6
33 14 12 5 5 100000 100000 100000 11
34 41 29 21 11 100000 22 31 36
35 42 33 10 100000 33 100000 8 20
36 47 45 40 38 100000 33 13 18
37 7 4 6 5 7 2 3 100000
38 80 100000 22 49 100000 100000 100000 49
39 7 3 5 2 100000 1 100000 2
40 41 26 24 100000 18 7 35 32
41 47 100000 42 13 100000 18 40 6
42 16 100000 6 15 15 10 13 2
43 32 1 29 25 100000 26 12 12
44 66 100000 8 50 100000 55 100000 2
45 80 14 18 100000 34 30 6 3
46 7 100000 7 4 4 100000 100000 4
47 41 4 8 16 28 3 33 25
48 13 6 5 4 2 2 7 1
49 47 100000 28 14 13 100000 15 33
50 33 12 7 100000 21 18 17 100000
51 34 30 19 8 13 32 34 10
52 11 7 100000 100000 100000 8 100000 7
53 118 77 81 95 20 100000 49 42
54 25 12 4 100000 100000 8 6 17
55 7 7 100000 100000 1 6 2 7
56 28 26 8 19 14 28 17 100000
57 12 100000 100000 7 5 6 2 6
58 52 32 10 19 9 21 100000 100000
59 14 4 10 8 100000 14 3 2
60 3 1 1 100000 3 2 1 2
61 3 100000 2 2 3 2 2 3
62 8 8 2 3 7 3 100000 4
63 16 14 11 7 13 100000 3 2
64 33 25 25 7 100000 31 15 29
65 8 100000 5 4 3 8 8 8
66 18 100000 4 100000 9 9 2 100000
67 10 8 2 9 9 7 8 4
68 14 8 4 10 14 3 100000 9
69 28 16 100000 100000 17 4 100000 23
70 11 8 5 5 4 7 100000 100000
71 118 100000 24 28 2 28 13 6
72 25 21 13 100000 2 18 7 8
73 40 26 100000 13 37 15 13 16
74 40 4 8 27 32 100000 100000 35
75 101 100000 60 62 46 59 55 100000
76 5 3 5 1 3 2 2 3
77 28 17 27 100000 22 19 8 24
78 8 100000 4 100000 3 100000 5 100000
79 111 41 24 100000 100000 12 109 36
80 7 100000 2 4 1 3 2 3
81 26 7 23 23 26 3 10 6
82 10 100000 2 2 9 8 100000 100000
83 21 100000 5 100000 8 1 12 8
84 26 19 21 10 2 9 100000 100000
85 20 18 4 19 5 8 10 15
86 21 7 7 10 14 100000 3 100000
87 47 100000 4 33 28 3 24 36
88 23 13 100000 100000 14 100000 12 100000
89 13 3 9 9 11 13 10 4
90 19 2 100000 100000 100000 16 15 17
91 115 113 92 97 100000 100000 2 100000
92 35 15 6 34 33 5 34 14
93 26 12 100000 100000 25 14 100000 100000
94 46 100000 100000 12 10 19 31 29
95 20 19 14 15 18 5 11 11
96 31 6 6 9 13 100000 24 15
97 19 17 16 1 17 15 19 18
98 34 11 100000 23 3 25 100000 26
99 51 40 22 100000 48 100000 42 22
100 39 100000 100000 7 100000 30 11 13
101 30 100000 20 4 29 6 25 3
102 26 100000 100000 20 1 11 25 8
103 13 5 6 3 12 1 1 5
104 45 9 41 100000 8 9 5 100000
105 58 44 35 100000 31 12 100000 24
106 28 20 100000 16 3 13 4 14
107 8 5 3 100000 8 4 5 6
108 43 33 36 33 9 28 25 27
109 40 18 100000 21 26 28 35 35
110 34 33 34 22 11 100000 100000 17
111 23 14 4 100000 1 14 100000 9
112 162 112 100000 75 130 100000 70 100000
113 11 9 7 100000 6 7 2 2
114 19 100000 10 16 4 100000 16 100000
115 14 10 100000 9 8 14 12 5
116 31 26 11 6 8 28 18 19
117 32 3 5 25 29 3 100000 14
118 26 22 100000 3 9 100000 3 11
119 55 53 15 100000 13 25 37 38
120 31 4 8 100000 100000 19 30 16
121 32 100000 25 32 10 12 20 12
122 26 15 4 13 24 2 19 2
123 19 100000 16 16 9 12 5 7
124 14 4 6 100000 8 8 5 8
125 19 7 100000 7 100000 9 12 15
126 48 100000 18 5 47 34 28 39
127 55 37 48 23 27 100000 17 40
128 8 4 100000 5 7 4 2 6
129 11 4 7 2 5 9 3 7
130 27 7 16 100000 2 100000 13 11
131 18 2 17 10 15 6 10 4
132 36 21 34 100000 35 100000 8 34
133 23 20 16 12 100000 10 5 15
134 20 100000 16 13 100000 100000 18 100000
135 46 100000 37 4 8 19 25 14
136 64 100000 100000 2 33 44 46 46
137 22 5 3 9 11 13 10 17
138 15 5 2 100000 12 10 100000 10
139 34 19 100000 32 34 21 100000 18
140 22 19 12 19 100000 8 3 10
141 151 33 31 24 100000 94 66 28
142 148 16 100000 55 100000 100000 110 39
143 64 62 36 34 19 33 18 16
144 170 70 55 4 96 100000 160 100000
145 137 100000 111 100 57 100000 99 87
146 64 27 15 2 55 45 64 56
147 78 15 66 46 10 37 100000 100000
148 78 56 70 100000 19 71 8 37
<task directions>
1 E
2 E
3 E
4 E
5 E
6 E
7 E
8 E
9 E
10 E
11 E
12 E
13 E
14 E
15 L
16 R
17 E
18 L
19 R
20 E
21 R
22 L
23 L
24 R
25 R
26 R
27 L
28 L
29 E
30 R
31 E
32 L
33 R
34 L
35 R
36 R
37 R
38 R
39 R
40 R
41 R
42 L
43 L
44 L
45 L
46 L
47 L
48 E
49 L
50 E
51 L
52 L
53 L
54 L
55 R
56 E
57 L
58 L
59 E
60 E
61 E
62 E
63 E
64 R
65 E
66 E
67 E
68 E
69 R
70 R
71 R
72 R
73 E
74 E
75 E
76 E
77 E
78 E
79 E
80 E
81 E
82 E
83 E
84 E
85 E
86 E
87 E
88 E
89 E
90 E
91 E
92 E
93 L
94 E
95 E
96 E
97 E
98 E
99 E
100 E
101 E
102 E
103 E
104 E
105 E
106 E
107 E
108 E
109 E
110 E
111 E
112 L
113 L
114 E
115 E
116 E
117 E
118 E
119 E
120 E
121 E
122 E
123 E
124 E
125 E
126 E
127 E
128 L
129 L
130 L
131 L
132 E
133 L
134 R
135 E
136 E
137 L
138 E
139 E
140 E
141 L
142 R
143 L
144 L
145 R
146 R
147 L
148 R
<precedence relations>
1,5
1,6
1,7
1,8
2,3
3,4
3,5
3,6
3,7
4,8
5,14
6,9
7,14
8,10
9,14
10,14
11,12
12,13
14,15
14,16
15,17
16,17
17,18
17,19
18,20
19,20
20,21
20,22
20,23
20,24
21,25
21,26
21,27
21,28
22,25
22,26
22,27
22,28
23,25
23,26
23,27
23,28
24,25
24,26
24,27
24,28
25,29
26,29
27,29
28,29
29,31
31,36
32,34
33,35
34,36
35,36
36,37
37,38
37,45
38,39
39,40
40,41
40,48
40,55
42,43
43,44
45,46
46,47
47,48
47,49
47,55
50,51
51,53
51,69
52,53
54,133
55,54
55,72
55,76
55,87
55,88
56,73
57,79
58,84
58,86
59,75
59,87
61,62
62,63
63,67
64,65
64,71
64,72
65,66
65,99
66,67
67,68
68,95
68,98
69,82
70,71
72,134
73,84
73,86
73,87
73,88
73,96
74,75
75,88
75,97
76,77
77,78
78,79
79,80
80,81
81,106
82,83
82,89
82,143
82,146
84,85
88,111
89,90
90,79
91,105
92,135
95,101
96,104
98,101
99,100
100,101
101,102
101,103
102,127
103,127
105,119
106,107
107,108
108,109
109,110
111,112
112,113
113,114
113,116
113,120
113,123
113,128
114,115
115,125
116,117
117,118
118,126
120,121
121,122
122,126
123,124
124,125
128,129
129,130
130,131
130,137
132,135
133,135
134,135
135,136
138,139
139,140
141,142
142,143
142,146
142,147
142,148
144,145
145,147
145,148
<end>