<number of tasks>
148
<number of mated-station>
5
<number of workers>
10
<task times>
1 16 13 100000 36 100000 9 25 100000 100000 12
2 30 36 100000 100000 52 55 100000 29 100000 60
3 7 100000 11 20 21 9 14 14 19 100000
4 47 14 100000 134 2 138 123 113 92 82
5 29 8 23 50 100000 40 71 7 53 54
6 8 22 13 7 100000 20 20 13 22 22
7 39 100000 50 85 22 37 115 23 100000 3
8 37 34 103 54 100000 66 45 31 100000 92
9 32 32 37 9 65 35 3 23 77 100000
10 29 67 65 33 77 35 42 100000 77 20
11 17 11 100000 10 31 34 39 4 21 38
12 11 32 13 32 14 100000 28 27 100000 14
13 32 56 49 25 20 100000 44 100000 8 43
14 15 14 8 27 39 27 16 30 21 9
15 53 75 82 99 100000 100000 26 63 153 28
16 53 85 112 115 148 120 100000 31 101 93
17 8 13 15 16 21 20 1 8 5 10
18 24 13 59 100000 8 100000 10 61 67 47
19 24 68 44 60 48 29 100000 27 11 57
20 8 21 20 5 100000 23 100000 14 100000 100000
21 7 6 100000 100000 7 13 6 9 9 6
22 8 100000 15 100000 8 20 4 100000 20 1
23 14 26 3 100000 32 31 22 36 25 27
24 13 18 100000 30 26 100000 36 9 35 9
25 10 100000 25 2 3 16 100000 9 100000 12
26 25 47 16 50 74 28 100000 6 75 25
27 11 30 24 24 28 16 14 100000 4 100000
28 25 100000 100000 49 7 31 100000 100000 58 65
29 11 19 100000 30 100000 100000 26 4 21 18
30 29 8 52 10 64 100000 18 37 50 9
31 25 100000 62 73 100000 9 22 57 100000 31
32 10 15 6 22 100000 22 100000 100000 29 25
33 14 100000 14 13 22 100000 32 19 34 100000
34 41 10 36 100 68 78 100000 100000 12 2
35 42 106 17 124 15 52 121 100000 100000 52
36 47 113 84 92 140 100000 8 2 19 70
37 7 100000 100000 11 16 19 13 9 16 100000
38 80 221 221 13 42 100000 195 180 100000 100000
39 7 8 14 16 15 100000 16 19 100000 21
40 41 122 58 11 46 46 100000 74 50 100000
41 47 8 70 29 79 63 7 100000 128 72
42 16 24 42 3 2 33 23 25 31 38
43 32 22 61 87 60 11 30 100000 11 32
44 66 111 100000 80 100000 100000 96 100000 186 117
45 80 100000 209 46 211 104 8 87 58 175
46 7 14 15 19 17 100000 4 6 4 8
47 41 111 23 101 89 18 84 94 83 14
48 13 21 100000 11 27 34 12 100000 17 25
49 47 78 106 123 133 56 15 85 54 100000
50 33 100000 100000 100000 100000 78 32 58 29 9
51 34 12 94 69 61 8 100000 87 32 6
52 11 5 100000 6 20 6 17 6 28 1
53 118 195 100000 100000 100000 12 43 75 75 142
54 25 36 19 48 100000 22 100000 8 34 31
55 7 2 17 100000 9 7 100000 100000 12 21
56 28 46 13 100000 13 50 100000 38 75 100000
57 12 21 8 30 25 14 16 17 3 100000
58 52 99 35 18 100000 82 35 18 17 100000
59 14 26 31 41 38 35 100000 6 29 39
60 3 4 6 9 5 2 4 9 7 4
61 3 6 3 6 3 3 6 100000 4 9
62 8 13 100000 7 3 10 100000 100000 22 20
63 16 100000 100000 4 11 100000 100000 16 32 25
64 33 11 6 64 53 99 89 100000 4 34
65 8 18 6 21 24 9 100000 8 4 7
66 18 42 100000 11 29 100000 100000 15 9 48
67 10 4 100000 2 11 14 100000 29 18 20
68 14 34 100000 26 100000 40 40 2 13 100000
69 28 9 59 3 100000 20 47 51 57 100000
70 11 9 100000 20 100000 9 21 24 100000 100000
71 118 121 100000 350 40 100000 347 93 110 273
72 25 35 13 73 100000 56 100000 60 25 100000
73 40 100000 66 14 103 2 32 36 81 100000
74 40 27 100000 2 30 100000 40 103 84 18
75 101 100000 297 246 264 218 100000 264 246 300
76 5 14 5 4 4 10 10 12 6 7
77 28 15 84 69 35 65 7 6 23 28
78 8 100000 22 100000 14 21 100000 9 100000 7
79 111 326 47 167 8 293 100000 217 100000 180
80 7 7 7 20 17 6 100000 14 100000 100000
81 26 2 37 100000 100000 20 100000 7 3 100000
82 10 100000 10 8 100000 9 18 22 18 11
83 21 51 34 38 100000 23 47 53 30 21
84 26 40 65 78 100000 100000 100000 29 55 13
85 20 19 9 55 100000 52 32 57 45 53
86 21 41 10 38 34 42 61 41 13 41
87 47 100000 100000 36 42 89 100000 117 85 64
88 23 21 45 30 49 54 45 100000 53 54
89 13 5 100000 31 100000 16 20 23 9 100000
90 19 36 25 18 28 39 47 26 100000 45
91 115 156 249 194 29 269 42 46 170 335
92 35 45 87 78 78 8 104 43 85 22
93 26 21 70 20 63 68 70 100000 64 43
94 46 106 19 126 27 97 53 90 61 111
95 20 23 49 59 15 13 11 29 56 15
96 31 11 61 100000 100000 54 55 68 64 85
97 19 100000 14 41 37 47 100000 13 46 9
98 34 25 4 15 28 14 100000 12 84 85
99 51 31 100000 42 127 77 100000 44 69 24
100 39 71 53 22 25 47 96 95 47 98
101 30 31 70 52 86 100000 100000 32 100000 100000
102 26 100000 28 100000 59 26 63 100000 54 27
103 13 39 14 5 38 36 22 26 33 23
104 45 120 114 110 30 13 14 47 107 100000
105 58 20 27 100000 75 100000 122 100000 10 100000
106 28 100000 53 58 7 18 69 100000 83 22
107 8 7 100000 7 16 100000 7 23 13 100000
108 43 115 100000 112 74 106 61 20 70 66
109 40 49 20 94 83 64 82 100000 19 31
110 34 56 100000 53 67 27 43 100000 100000 100000
111 23 28 42 65 65 58 8 68 100000 66
112 162 433 326 100000 103 127 452 263 100000 282
113 11 7 32 100000 100000 100000 13 100000 11 100000
114 19 100000 18 100000 100000 31 26 100000 2 28
115 14 15 26 6 17 100000 12 39 4 20
116 31 22 88 100000 62 87 100000 30 39 53
117 32 38 100000 100000 83 100000 100000 74 49 67
118 26 11 8 32 100000 53 50 31 56 19
119 55 14 12 49 122 94 91 157 131 80
120 31 69 85 35 100000 100000 15 18 19 86
121 32 49 100000 90 59 6 100000 33 51 100000
122 26 26 31 51 100000 53 100000 18 56 100000
123 19 41 23 100000 52 50 17 100000 38 40
124 14 5 35 24 37 11 39 36 28 30
125 19 100000 5 54 50 21 23 47 32 45
126 48 137 137 141 12 100000 141 35 100000 57
127 55 76 100000 117 16 81 72 140 121 137
128 8 5 9 100000 100000 16 13 7 12 18
129 11 26 12 100000 11 11 100000 100000 100000 30
130 27 44 57 30 68 23 35 51 41 68
131 18 2 26 6 24 21 11 3 32 48
132 36 33 56 65 22 100000 103 18 62 37
133 23 8 43 100000 59 48 52 66 6 69
134 20 8 18 100000 25 60 42 41 16 13
135 46 135 97 97 124 97 100000 41 100000 4
136 64 161 158 100000 64 45 100000 16 18 186
137 22 37 42 17 32 100000 46 58 4 65
138 15 23 8 11 13 27 44 36 16 28
139 34 42 96 48 52 45 14 27 14 64
140 22 60 61 26 8 55 23 100000 6 60
141 151 200 286 24 381 186 100000 137 250 100000
142 148 100000 240 298 209 373 302 152 100000 100000
143 64 100000 20 100000 100000 181 11 53 181 100000
144 170 200 210 490 179 413 123 347 37 449
145 137 268 411 214 321 71 100000 22 100000 108
146 64 169 192 89 160 45 81 100000 54 28
147 78 64 194 78 100000 100000 113 215 101 29
148 78 43 118 197 6 92 183 100000 100000 29
<task directions>
1 E
2 E
3 E
4 E
5 E
6 E
7 E
8 E
9 E
10 E
11 E
12 E
13 E
14 E
15 L
16 R
17 E
18 L
19 R
20 E
21 R
22 L
23 L
24 R
25 R
26 R
27 L
28 L
29 E
30 R
31 E
32 L
33 R
34 L
35 R
36 R
37 R
38 R
39 R
40 R
41 R
42 L
43 L
44 L
45 L
46 L
47 L
48 E
49 L
50 E
51 L
52 L
53 L
54 L
55 R
56 E
57 L
58 L
59 E
60 E
61 E
62 E
63 E
64 R
65 E
66 E
67 E
68 E
69 R
70 R
71 R
72 R
73 E
74 E
75 E
76 E
77 E
78 E
79 E
80 E
81 E
82 E
83 E
84 E
85 E
86 E
87 E
88 E
89 E
90 E
91 E
92 E
93 L
94 E
95 E
96 E
97 E
98 E
99 E
100 E
101 E
102 E
103 E
104 E
105 E
106 E
107 E
108 E
109 E
110 E
111 E
112 L
113 L
114 E
115 E
116 E
117 E
118 E
119 E
120 E
121 E
122 E
123 E
124 E
125 E
126 E
127 E
128 L
129 L
130 L
131 L
132 E
133 L
134 R
135 E
136 E
137 L
138 E
139 E
140 E
141 L
142 R
143 L
144 L
145 R
146 R
147 L
148 R
<precedence relations>
1,5
1,6
1,7
1,8
2,3
3,4
3,5
3,6
3,7
4,8
5,14
6,9
7,14
8,10
9,14
10,14
11,12
12,13
14,15
14,16
15,17
16,17
17,18
17,19
18,20
19,20
20,21
20,22
20,23
20,24
21,25
21,26
21,27
21,28
22,25
22,26
22,27
22,28
23,25
23,26
23,27
23,28
24,25
24,26
24,27
24,28
25,29
26,29
27,29
28,29
29,31
31,36
32,34
33,35
34,36
35,36
36,37
37,38
37,45
38,39
39,40
40,41
40,48
40,55
42,43
43,44
45,46
46,47
47,48
47,49
47,55
50,51
51,53
51,69
52,53
54,133
55,54
55,72
55,76
55,87
55,88
56,73
57,79
58,84
58,86
59,75
59,87
61,62
62,63
63,67
64,65
64,71
64,72
65,66
65,99
66,67
67,68
68,95
68,98
69,82
70,71
72,134
73,84
73,86
73,87
73,88
73,96
74,75
75,88
75,97
76,77
77,78
78,79
79,80
80,81
81,106
82,83
82,89
82,143
82,146
84,85
88,111
89,90
90,79
91,105
92,135
95,101
96,104
98,101
99,100
100,101
101,102
101,103
102,127
103,127
105,119
106,107
107,108
108,109
109,110
111,112
112,113
113,114
113,116
113,120
113,123
113,128
114,115
115,125
116,117
117,118
118,126
120,121
121,122
122,126
123,124
124,125
128,129
129,130
130,131
130,137
132,135
133,135
134,135
135,136
138,139
139,140
141,142
142,143
142,146
142,147
142,148
144,145
145,147
145,148
<end>