<number of tasks>
148
<number of mated-station>
12
<number of workers>
24
<task times>
1 16 100000 12 15 100000 1 100000 15 100000 2 100000 100000 100000 100000 10 5 8 13 3 9 7 15 9 7
2 30 100000 25 9 3 13 100000 100000 21 15 11 100000 17 15 100000 3 19 29 100000 27 22 8 7 24
3 7 1 100000 6 6 100000 3 3 5 4 4 6 100000 4 100000 3 5 2 6 100000 1 100000 3 5
4 47 26 16 100000 41 38 9 3 46 47 15 34 1 21 100000 100000 36 9 100000 28 16 100000 30 100000
5 29 23 3 25 22 4 22 100000 100000 23 12 25 29 2 100000 100000 9 10 26 6 6 5 28 11
6 8 4 8 100000 3 100000 2 5 7 7 3 6 4 2 8 7 100000 100000 7 100000 5 1 100000 2
7 39 14 100000 2 31 100000 37 28 34 4 15 36 27 4 12 6 39 22 16 27 32 19 2 100000
8 37 11 25 9 33 27 100000 19 100000 23 18 100000 8 3 25 16 32 100000 4 22 6 100000 14 25
9 32 10 100000 19 100000 100000 10 100000 9 9 23 9 19 2 23 26 10 4 31 100000 100000 5 10 100000
10 29 26 27 23 21 14 11 11 19 100000 11 25 2 8 2 4 3 4 100000 17 12 100000 25 1
11 17 100000 100000 100000 15 100000 2 9 14 9 100000 4 5 100000 13 10 16 16 15 15 8 13 11 6
12 11 1 10 7 4 7 4 6 100000 100000 100000 7 100000 100000 100000 10 3 4 2 8 3 11 100000 100000
13 32 15 17 28 100000 26 100000 2 13 16 100000 21 7 9 18 100000 21 100000 8 3 14 17 15 100000
14 15 8 5 8 12 3 14 8 2 100000 3 13 7 6 3 8 11 100000 11 100000 4 12 5 12
15 53 28 42 49 48 100000 43 9 100000 36 36 32 2 10 13 19 27 100000 7 42 13 100000 23 26
16 53 100000 17 29 9 14 44 4 22 17 100000 12 39 15 2 28 26 21 29 51 100000 13 16 45
17 8 4 2 6 8 100000 4 8 100000 6 3 7 3 100000 2 8 6 6 2 1 4 1 8 100000
18 24 17 11 18 23 7 21 7 20 20 19 3 1 100000 7 11 7 2 20 21 24 8 16 19
19 24 6 6 12 19 11 22 20 24 13 17 12 13 20 21 9 100000 100000 11 9 9 12 22 19
20 8 6 2 100000 8 4 8 1 5 6 8 5 7 3 5 100000 5 4 2 5 4 5 2 6
21 7 7 3 6 6 100000 2 4 6 7 6 100000 100000 7 6 5 5 6 6 7 6 2 7 3
22 8 8 4 4 100000 7 6 6 7 4 5 100000 4 4 6 4 100000 7 2 6 8 4 5 3
23 14 1 4 5 9 100000 4 100000 13 8 100000 6 2 100000 3 11 8 12 4 5 13 100000 3 8
24 13 2 12 6 100000 11 10 10 100000 8 11 100000 6 2 8 10 8 100000 100000 12 7 9 7 100000
25 10 100000 9 4 1 7 2 2 9 2 10 8 8 5 6 8 100000 4 100000 100000 10 9 8 2
26 25 21 100000 100000 20 20 100000 13 10 20 100000 100000 7 6 7 22 15 100000 24 13 7 21 19 18
27 11 2 2 8 3 5 2 8 100000 2 3 8 3 6 2 3 6 9 6 11 5 11 8 100000
28 25 4 100000 15 100000 1 2 22 22 20 1 16 6 4 11 20 23 23 3 14 19 100000 15 16
29 11 3 10 100000 3 9 100000 100000 3 100000 5 8 100000 9 8 7 5 8 1 8 10 100000 3 5
30 29 100000 27 100000 100000 100000 100000 19 17 28 100000 10 18 100000 9 28 14 100000 14 22 12 13 24 23
31 25 19 4 16 8 100000 21 22 1 2 11 5 19 12 23 4 13 15 6 19 4 8 100000 24
32 10 100000 100000 4 2 7 10 9 6 100000 100000 100000 5 7 100000 2 5 100000 8 9 3 5 4 3
33 14 12 100000 4 2 100000 12 1 6 12 2 3 10 5 13 8 9 1 7 5 13 13 100000 8
34 41 36 34 13 37 100000 100000 35 40 38 6 15 100000 38 27 100000 100000 5 13 100000 7 24 30 14
35 42 100000 40 41 28 100000 27 40 100000 8 100000 25 100000 38 100000 100000 100000 40 42 9 100000 30 20 35
36 47 14 19 27 15 27 13 23 2 100000 36 100000 33 100000 100000 2 25 11 9 100000 9 33 100000 4
37 7 5 100000 2 4 3 5 5 2 1 6 1 100000 6 5 4 6 5 3 6 100000 100000 4 4
38 80 100000 100000 13 23 63 27 14 68 100000 60 22 100000 79 49 66 31 29 7 7 44 25 26 9
39 7 6 6 100000 2 6 1 3 4 100000 4 2 100000 2 1 2 3 2 7 7 100000 6 1 3
40 41 100000 100000 4 5 34 13 35 31 29 11 100000 40 14 11 29 37 100000 25 40 100000 3 100000 8
41 47 100000 11 25 46 18 100000 31 3 100000 30 13 31 1 37 34 42 6 100000 34 10 31 38 100000
42 16 3 10 13 16 100000 100000 2 100000 100000 100000 13 10 14 7 13 100000 12 11 6 10 100000 2 3
43 32 20 100000 29 100000 31 100000 25 4 100000 100000 100000 20 12 4 26 12 9 100000 3 22 8 100000 100000
44 66 41 2 45 100000 17 6 54 100000 100000 100000 29 100000 21 12 100000 25 50 100000 41 58 38 100000 15
45 80 61 10 80 16 56 100000 100000 100000 100000 43 22 63 60 100000 49 18 63 13 27 100000 73 70 76
46 7 6 4 6 100000 5 1 5 2 1 100000 4 3 5 3 6 3 2 100000 4 100000 100000 6 7
47 41 40 25 29 25 20 21 100000 35 26 40 25 31 100000 28 9 30 37 15 11 38 21 37 20
48 13 1 12 6 100000 4 5 8 3 11 100000 6 8 100000 3 4 11 100000 3 100000 100000 12 5 100000
49 47 25 32 9 100000 44 44 100000 23 7 42 100000 41 34 17 46 100000 100000 100000 3 46 41 8 19
50 33 29 27 2 5 100000 7 26 31 100000 17 22 17 26 27 4 100000 17 100000 100000 7 7 100000 22
51 34 11 19 17 27 22 32 30 14 4 100000 32 29 22 15 100000 10 100000 15 11 26 6 18 24
52 11 8 9 100000 6 3 11 10 8 4 4 4 10 5 10 5 100000 4 7 9 6 3 100000 100000
53 118 100000 49 40 100000 63 35 84 100000 95 13 116 100000 71 22 49 60 20 2 100000 16 106 100000 37
54 25 19 22 19 5 9 25 100000 23 15 3 19 5 16 7 13 10 22 12 6 5 12 24 2
55 7 1 2 100000 100000 100000 6 4 3 4 3 3 1 5 100000 5 5 3 5 3 4 3 1 2
56 28 2 13 100000 1 12 25 16 22 12 100000 100000 6 100000 18 17 23 26 100000 100000 100000 100000 15 26
57 12 2 4 11 5 100000 11 6 8 100000 6 100000 8 5 100000 8 4 6 100000 4 7 11 4 1
58 52 9 15 30 100000 22 34 38 39 49 31 46 22 21 18 42 32 10 40 32 30 3 37 40
59 14 8 100000 1 9 100000 10 4 9 100000 13 3 12 13 9 100000 100000 6 2 3 7 10 10 100000
60 3 1 2 100000 1 1 2 100000 100000 3 3 2 2 2 3 2 3 2 100000 1 2 3 2 2
61 3 100000 2 2 1 2 2 1 3 2 3 3 1 2 2 2 1 100000 1 100000 3 3 2 2
62 8 3 3 5 6 2 7 6 3 5 2 4 100000 6 7 2 100000 3 5 3 4 6 4 5
63 16 11 1 8 12 11 5 9 12 7 16 12 2 5 2 3 14 15 100000 100000 11 7 100000 9
64 33 11 100000 20 23 1 10 31 7 27 100000 6 31 31 100000 23 24 4 25 100000 32 14 6 30
65 8 5 6 2 100000 1 3 100000 2 4 5 100000 100000 1 5 7 1 2 5 4 4 100000 7 100000
66 18 13 10 100000 7 8 6 15 100000 2 2 16 8 10 11 11 10 4 4 100000 5 12 6 13
67 10 6 10 100000 8 3 6 3 9 100000 10 3 8 2 7 100000 2 7 6 7 100000 6 7 8
68 14 100000 100000 9 11 100000 9 3 11 100000 4 100000 8 3 11 5 5 2 100000 2 3 3 100000 100000
69 28 100000 21 20 22 5 14 15 17 100000 2 100000 14 25 19 4 6 100000 26 9 100000 25 5 6
70 11 8 8 100000 2 6 5 100000 7 6 100000 5 4 3 2 100000 100000 4 2 100000 6 9 9 10
71 118 76 96 43 100000 100000 100000 100000 92 100000 10 110 110 65 37 100000 78 17 83 100000 106 100000 24 100000
72 25 4 24 100000 12 19 18 9 13 100000 8 24 100000 17 7 100000 100000 5 100000 4 15 5 8 22
73 40 31 29 22 19 20 7 28 100000 100000 33 16 34 100000 3 29 8 26 25 33 40 28 12 100000
74 40 8 26 100000 25 11 24 24 22 37 100000 35 100000 3 9 31 23 33 17 33 33 100000 36 100000
75 101 67 25 73 74 89 20 100000 12 65 73 60 29 100000 89 14 100000 92 2 42 55 18 22 100000
76 5 100000 100000 2 3 2 5 5 5 100000 5 100000 2 3 4 100000 4 4 1 4 3 3 100000 2
77 28 19 100000 13 23 12 9 19 27 22 22 11 100000 100000 22 11 10 100000 13 14 4 9 11 6
78 8 2 1 100000 7 1 2 6 2 100000 4 100000 2 3 100000 6 7 100000 5 100000 5 3 8 100000
79 111 47 2 100000 11 100000 100000 87 89 49 43 4 68 78 79 62 95 76 110 46 13 77 100000 15
80 7 2 3 2 100000 5 100000 7 1 100000 7 4 100000 6 100000 5 100000 3 6 7 3 5 6 4
81 26 100000 17 4 6 15 13 6 25 26 7 100000 15 10 100000 2 13 5 100000 2 100000 7 16 100000
82 10 8 3 2 100000 1 100000 100000 6 100000 100000 100000 2 3 3 3 5 1 5 4 2 10 8 4
83 21 100000 100000 10 4 2 6 14 100000 7 100000 1 10 15 18 8 6 19 10 2 9 14 14 16
84 26 3 17 22 100000 5 100000 100000 17 12 100000 1 26 8 10 16 25 18 24 15 8 100000 100000 15
85 20 15 8 6 15 100000 12 15 100000 14 17 100000 14 7 10 2 100000 12 8 8 17 100000 11 17
86 21 100000 18 100000 100000 16 7 14 10 10 18 7 21 100000 10 13 7 100000 5 3 17 15 16 17
87 47 2 27 24 27 27 12 39 4 37 100000 43 22 25 30 36 13 30 100000 19 41 4 36 21
88 23 23 23 20 18 11 3 100000 3 8 11 100000 23 100000 7 7 100000 100000 16 20 13 100000 100000 2
89 13 10 10 4 10 11 100000 3 9 5 100000 12 100000 10 100000 3 9 2 11 100000 100000 2 8 4
90 19 10 100000 3 7 17 11 15 4 2 2 19 15 18 8 15 17 4 18 13 100000 2 100000 100000
91 115 36 57 15 76 100000 16 100000 56 22 100000 50 33 39 45 76 90 114 14 51 55 15 90 94
92 35 17 18 19 33 5 21 100000 32 16 33 12 34 31 32 28 18 12 100000 19 29 100000 11 6
93 26 12 26 6 14 2 25 22 15 22 12 22 15 21 9 100000 14 24 100000 11 19 100000 9 13
94 46 14 25 100000 100000 100000 100000 100000 10 31 42 18 35 37 29 100000 40 100000 4 44 25 29 28 28
95 20 100000 2 4 14 14 14 100000 5 17 9 100000 19 18 17 100000 100000 100000 12 100000 100000 100000 3 9
96 31 8 7 100000 100000 21 100000 25 100000 3 29 12 9 4 4 11 12 24 28 21 18 16 22 26
97 19 10 7 14 4 10 100000 3 100000 14 7 13 5 5 5 13 100000 100000 4 7 6 6 10 17
98 34 100000 100000 14 1 20 100000 30 12 28 7 25 100000 100000 29 8 3 1 7 100000 100000 7 17 31
99 51 31 39 33 50 26 100000 40 20 45 44 10 44 43 100000 9 38 19 42 19 22 19 3 100000
100 39 36 100000 28 34 34 16 11 12 100000 29 100000 34 100000 14 17 100000 36 5 8 10 100000 4 24
101 30 8 4 17 30 2 100000 16 27 4 15 24 16 3 16 19 2 25 7 100000 7 29 18 26
102 26 15 100000 18 3 8 4 21 22 22 100000 100000 6 20 4 100000 7 10 21 9 24 100000 100000 20
103 13 4 100000 13 100000 11 2 1 4 6 7 12 3 4 8 13 6 3 100000 5 4 7 2 1
104 45 38 30 28 100000 9 33 8 25 22 44 4 43 14 100000 13 12 38 19 100000 43 22 45 100000
105 58 100000 26 100000 19 100000 100000 55 40 100000 13 51 36 52 56 100000 100000 17 100000 49 18 100000 32 4
106 28 9 27 13 5 18 25 26 2 19 9 5 12 2 100000 13 9 20 17 100000 100000 100000 4 9
107 8 3 3 1 3 100000 6 100000 6 2 4 5 6 6 100000 100000 1 100000 8 100000 2 5 3 100000
108 43 100000 29 28 17 38 100000 42 27 100000 100000 42 19 100000 5 41 21 100000 100000 31 31 20 17 23
109 40 18 33 100000 100000 28 17 1 100000 100000 100000 30 100000 100000 28 1 100000 100000 1 100000 28 22 27 7
110 34 15 34 100000 23 27 9 100000 100000 18 27 22 100000 27 30 33 1 100000 30 5 24 27 13 10
111 23 15 15 16 2 13 100000 9 100000 7 1 21 100000 2 100000 12 11 14 18 19 20 100000 22 4
112 162 123 100000 40 56 127 160 100000 104 120 32 117 100000 127 152 100000 56 12 107 62 54 73 43 100000
113 11 10 3 100000 100000 10 100000 7 4 7 9 7 7 5 8 4 1 5 5 100000 4 11 4 2
114 19 17 11 2 17 2 100000 18 6 10 13 15 9 19 14 6 14 4 12 100000 16 3 2 100000
115 14 100000 100000 3 8 6 2 100000 4 9 8 2 14 12 3 8 11 10 11 2 5 12 13 100000
116 31 21 23 15 9 6 11 100000 21 3 29 8 100000 8 11 5 15 100000 100000 9 15 3 16 8
117 32 100000 27 6 15 28 19 9 14 6 21 29 15 31 3 100000 11 31 29 21 10 100000 15 19
118 26 100000 22 20 100000 100000 24 16 10 11 23 3 100000 24 2 100000 9 18 16 5 6 100000 22 21
119 55 100000 47 33 100000 27 100000 43 52 54 6 13 11 100000 53 43 24 100000 12 100000 47 5 50 38
120 31 11 2 3 25 20 25 10 10 25 100000 100000 29 100000 100000 14 15 12 15 25 26 15 8 3
121 32 31 15 100000 6 100000 19 27 21 100000 8 8 14 100000 100000 100000 100000 27 100000 21 16 30 13 6
122 26 23 3 7 9 13 5 100000 22 100000 100000 12 15 2 9 100000 3 100000 23 20 15 13 7 11
123 19 3 100000 17 100000 100000 15 100000 7 9 14 100000 100000 15 18 8 100000 7 100000 1 6 100000 6 1
124 14 100000 3 12 100000 7 100000 5 14 100000 5 10 1 100000 100000 13 100000 6 8 12 13 100000 4 9
125 19 14 8 7 2 16 7 100000 10 8 7 16 100000 18 16 14 100000 7 12 15 3 2 8 100000
126 48 100000 43 25 34 100000 100000 19 48 33 100000 32 13 100000 12 100000 33 35 39 100000 23 11 3 5
127 55 20 53 38 49 2 100000 22 7 2 33 38 15 26 3 41 46 11 9 37 34 2 100000 100000
128 8 1 2 2 3 100000 2 4 100000 5 3 100000 7 6 7 2 3 100000 2 5 7 6 5 8
129 11 100000 100000 7 8 1 5 11 5 100000 8 3 2 9 4 6 1 3 100000 100000 2 5 7 10
130 27 18 100000 18 3 25 26 5 21 13 100000 6 19 2 100000 24 4 6 100000 12 22 22 1 10
131 18 100000 13 6 14 10 13 16 8 4 15 8 100000 10 10 100000 4 13 100000 11 16 8 10 12
132 36 4 14 100000 100000 8 24 17 27 28 5 11 100000 4 100000 3 100000 30 7 20 34 19 9 30
133 23 5 7 100000 100000 8 100000 8 16 16 21 18 17 20 22 12 19 3 100000 21 2 14 4 20
134 20 10 13 100000 7 10 20 9 100000 8 16 10 15 6 100000 100000 14 19 13 9 15 12 7 2
135 46 100000 19 43 8 27 32 26 100000 100000 26 100000 100000 15 8 100000 24 13 7 34 40 100000 14 39
136 64 52 29 34 48 47 55 100000 100000 11 61 22 34 100000 100000 41 26 31 51 31 100000 8 2 7
137 22 16 3 8 12 18 16 15 20 5 19 10 14 10 100000 9 100000 15 5 19 7 100000 4 12
138 15 9 5 14 10 6 13 100000 6 3 6 8 100000 15 2 13 100000 100000 7 10 4 9 13 5
139 34 27 26 15 24 23 24 17 27 16 100000 100000 20 28 100000 7 100000 27 17 24 20 12 20 31
140 22 12 6 8 11 100000 17 5 10 10 21 19 1 15 6 11 8 22 20 20 3 2 6 100000
141 151 100000 60 13 79 100000 30 106 49 70 37 142 25 28 37 19 129 60 9 22 100000 58 100000 151
142 148 35 47 135 124 36 99 22 54 114 100000 36 120 100000 100000 67 26 39 120 100000 52 22 41 100000
143 64 56 22 47 100000 7 5 8 38 61 100000 29 62 12 46 29 53 56 34 54 24 55 37 56
144 170 100000 100000 107 89 42 170 100000 92 43 123 121 100000 72 79 18 100000 100000 43 82 114 31 79 145
145 137 100000 58 36 83 88 100000 54 85 95 129 80 98 87 28 45 53 35 100000 130 122 11 100 122
146 64 19 3 49 2 27 3 10 22 58 12 38 17 26 50 31 30 60 100000 60 100000 100000 100000 48
147 78 100000 19 100000 15 37 100000 26 47 3 100000 25 100000 29 76 32 53 13 13 63 31 100000 100000 21
148 78 35 34 13 55 47 34 44 22 20 100000 34 37 12 58 8 100000 53 11 7 24 43 73 59
<task directions>
1 E
2 E
3 E
4 E
5 E
6 E
7 E
8 E
9 E
10 E
11 E
12 E
13 E
14 E
15 L
16 R
17 E
18 L
19 R
20 E
21 R
22 L
23 L
24 R
25 R
26 R
27 L
28 L
29 E
30 R
31 E
32 L
33 R
34 L
35 R
36 R
37 R
38 R
39 R
40 R
41 R
42 L
43 L
44 L
45 L
46 L
47 L
48 E
49 L
50 E
51 L
52 L
53 L
54 L
55 R
56 E
57 L
58 L
59 E
60 E
61 E
62 E
63 E
64 R
65 E
66 E
67 E
68 E
69 R
70 R
71 R
72 R
73 E
74 E
75 E
76 E
77 E
78 E
79 E
80 E
81 E
82 E
83 E
84 E
85 E
86 E
87 E
88 E
89 E
90 E
91 E
92 E
93 L
94 E
95 E
96 E
97 E
98 E
99 E
100 E
101 E
102 E
103 E
104 E
105 E
106 E
107 E
108 E
109 E
110 E
111 E
112 L
113 L
114 E
115 E
116 E
117 E
118 E
119 E
120 E
121 E
122 E
123 E
124 E
125 E
126 E
127 E
128 L
129 L
130 L
131 L
132 E
133 L
134 R
135 E
136 E
137 L
138 E
139 E
140 E
141 L
142 R
143 L
144 L
145 R
146 R
147 L
148 R
<precedence relations>
1,5
1,6
1,7
1,8
2,3
3,4
3,5
3,6
3,7
4,8
5,14
6,9
7,14
8,10
9,14
10,14
11,12
12,13
14,15
14,16
15,17
16,17
17,18
17,19
18,20
19,20
20,21
20,22
20,23
20,24
21,25
21,26
21,27
21,28
22,25
22,26
22,27
22,28
23,25
23,26
23,27
23,28
24,25
24,26
24,27
24,28
25,29
26,29
27,29
28,29
29,31
31,36
32,34
33,35
34,36
35,36
36,37
37,38
37,45
38,39
39,40
40,41
40,48
40,55
42,43
43,44
45,46
46,47
47,48
47,49
47,55
50,51
51,53
51,69
52,53
54,133
55,54
55,72
55,76
55,87
55,88
56,73
57,79
58,84
58,86
59,75
59,87
61,62
62,63
63,67
64,65
64,71
64,72
65,66
65,99
66,67
67,68
68,95
68,98
69,82
70,71
72,134
73,84
73,86
73,87
73,88
73,96
74,75
75,88
75,97
76,77
77,78
78,79
79,80
80,81
81,106
82,83
82,89
82,143
82,146
84,85
88,111
89,90
90,79
91,105
92,135
95,101
96,104
98,101
99,100
100,101
101,102
101,103
102,127
103,127
105,119
106,107
107,108
108,109
109,110
111,112
112,113
113,114
113,116
113,120
113,123
113,128
114,115
115,125
116,117
117,118
118,126
120,121
121,122
122,126
123,124
124,125
128,129
129,130
130,131
130,137
132,135
133,135
134,135
135,136
138,139
139,140
141,142
142,143
142,146
142,147
142,148
144,145
145,147
145,148
<end>