<number of tasks>
148
<number of mated-station>
6
<number of workers>
12
<task times>
1 16 48 4 48 37 8 8 40 45 7 47 41
2 30 86 85 100000 100000 34 50 100000 47 5 66 17
3 7 21 5 2 17 100000 14 8 6 10 100000 100000
4 47 75 124 84 100000 100000 100000 11 43 100000 107 133
5 29 46 100000 100000 72 81 78 87 38 74 29 100000
6 8 4 12 100000 100000 7 19 16 100000 13 8 100000
7 39 78 114 100000 31 37 100000 115 60 115 31 100000
8 37 102 74 20 19 91 100000 100000 25 106 24 109
9 32 32 90 74 18 65 76 75 65 30 85 100000
10 29 60 78 14 14 53 100000 10 100000 17 47 58
11 17 51 21 100000 13 100000 15 100000 46 100000 100000 7
12 11 27 23 16 30 24 100000 7 4 21 4 27
13 32 100000 45 59 100000 5 67 35 38 60 44 100000
14 15 21 30 6 35 22 23 4 18 32 12 100000
15 53 29 118 100000 56 17 58 67 100000 64 104 100000
16 53 100000 100000 156 55 157 105 42 148 66 91 102
17 8 12 17 1 19 13 5 4 4 16 24 10
18 24 29 34 71 37 35 29 100000 61 39 29 44
19 24 70 12 8 100000 48 29 100000 50 37 40 34
20 8 100000 2 100000 10 19 100000 14 2 7 19 7
21 7 3 100000 100000 15 5 16 4 14 6 14 7
22 8 9 100000 5 2 11 16 10 4 100000 6 100000
23 14 100000 30 31 18 24 100000 12 7 9 35 100000
24 13 7 10 100000 10 39 4 20 100000 37 12 100000
25 10 30 8 3 22 25 6 4 12 10 100000 100000
26 25 58 22 71 41 16 59 100000 2 6 74 5
27 11 2 13 100000 27 100000 100000 5 14 7 100000 24
28 25 100000 30 7 100000 63 70 45 100000 74 100000 4
29 11 31 7 11 29 100000 7 25 19 2 11 22
30 29 10 23 13 52 84 42 76 20 48 9 27
31 25 49 26 17 11 100000 38 100000 26 100000 8 74
32 10 13 100000 14 2 100000 100000 7 30 28 23 3
33 14 5 19 32 27 6 5 32 18 38 100000 15
34 41 47 38 29 50 51 21 67 13 101 84 100000
35 42 100000 92 45 97 114 89 100000 99 22 14 100000
36 47 39 53 107 120 100000 127 119 100000 131 100000 19
37 7 4 14 100000 3 100000 11 1 100000 6 3 19
38 80 100000 116 101 58 118 142 207 132 168 125 100000
39 7 20 17 100000 13 7 100000 7 19 16 1 1
40 41 97 89 82 16 86 106 96 55 111 77 32
41 47 44 84 100000 95 44 100000 86 141 63 133 8
42 16 29 8 4 22 32 24 9 25 3 100000 44
43 32 87 75 75 100000 100000 100000 19 100000 81 47 68
44 66 62 60 186 107 100000 40 5 149 88 100000 54
45 80 166 204 140 58 39 240 66 85 137 49 100000
46 7 100000 8 19 11 11 10 100000 13 7 21 100000
47 41 84 91 74 100000 116 61 78 38 49 102 84
48 13 14 100000 26 8 100000 100000 100000 100000 34 100000 30
49 47 67 70 137 9 65 93 133 37 57 124 100000
50 33 53 100000 27 78 26 6 100000 8 31 100000 39
51 34 82 37 67 14 69 31 68 7 44 14 100
52 11 29 100000 19 13 100000 100000 9 32 100000 22 100000
53 118 276 100000 202 117 96 245 192 195 100000 100000 100000
54 25 9 15 100000 21 57 7 66 49 100000 100000 57
55 7 17 20 12 1 12 7 15 11 11 10 17
56 28 16 6 60 71 77 41 31 100000 54 100000 67
57 12 100000 15 27 14 100000 30 5 9 22 100000 24
58 52 34 52 100000 52 6 32 99 100000 85 26 125
59 14 34 22 20 100000 27 100000 7 100000 30 6 26
60 3 2 4 7 100000 1 4 2 8 3 4 100000
61 3 8 100000 100000 6 100000 2 7 100000 8 7 5
62 8 100000 18 17 21 3 16 15 3 22 16 21
63 16 100000 100000 19 23 48 47 100000 100000 7 100000 14
64 33 12 62 54 10 62 51 18 27 100000 47 61
65 8 3 10 10 100000 1 11 5 100000 10 9 10
66 18 51 100000 53 100000 100000 25 34 18 13 100000 11
67 10 28 5 15 19 19 17 30 16 22 100000 28
68 14 4 20 36 100000 20 100000 100000 24 42 100000 100000
69 28 2 2 49 66 55 46 2 30 14 11 67
70 11 19 100000 100000 21 2 7 100000 11 12 19 23
71 118 163 202 308 100000 283 79 252 100000 100000 156 192
72 25 25 63 41 20 100000 11 28 58 18 100000 75
73 40 13 100000 103 109 28 100000 120 12 94 65 37
74 40 71 100000 100000 100000 100 100000 39 100000 58 120 100000
75 101 34 137 264 291 206 22 270 231 291 100000 176
76 5 2 15 12 9 5 100000 13 2 7 13 14
77 28 70 7 47 26 83 32 29 32 100000 28 100000
78 8 6 21 100000 17 4 15 17 100000 6 100000 6
79 111 197 38 310 233 100000 100000 207 91 320 326 111
80 7 13 100000 7 100000 14 9 18 12 6 13 11
81 26 55 68 23 36 7 100000 100000 26 5 42 65
82 10 10 4 14 18 6 100000 6 8 5 100000 2
83 21 100000 35 62 15 54 100000 14 38 30 18 17
84 26 46 100000 11 100000 100000 57 36 100000 100000 40 23
85 20 54 56 100000 20 100000 21 49 3 18 33 42
86 21 56 34 26 100000 51 34 7 39 17 27 100000
87 47 2 134 67 33 100000 15 51 109 126 100000 130
88 23 38 9 23 28 100000 29 100000 100000 40 62 68
89 13 31 37 19 20 100000 25 30 29 8 33 30
90 19 6 7 56 18 34 15 100000 35 28 19 23
91 115 170 266 135 149 194 100000 335 238 100000 101 311
92 35 96 100000 75 82 100000 59 30 22 67 100000 63
93 26 8 67 67 74 100000 10 63 73 23 51 70
94 46 100000 65 13 43 13 112 100000 2 135 13 100000
95 20 52 46 7 48 44 20 60 56 10 100000 51
96 31 83 75 100000 79 85 10 32 100000 53 59 67
97 19 46 11 100000 56 56 37 18 18 34 100000 47
98 34 67 94 89 100000 29 39 36 82 27 72 66
99 51 100000 59 19 42 101 100000 82 100000 85 89 107
100 39 74 100000 105 100000 100000 80 82 7 100000 76 4
101 30 100000 29 33 39 30 9 100000 33 36 30 51
102 26 36 100000 10 50 26 54 100000 10 100000 68 25
103 13 100000 37 25 7 37 1 100000 100000 29 31 32
104 45 53 80 127 43 120 100000 127 77 100000 107 36
105 58 100000 152 103 101 67 100000 67 81 84 100000 100000
106 28 100000 66 100000 100000 31 62 14 21 100000 20 68
107 8 21 6 7 22 13 19 15 3 4 15 100000
108 43 71 70 100000 128 46 92 21 125 80 41 100000
109 40 51 87 14 100000 65 115 100000 50 3 34 81
110 34 87 4 22 73 86 55 81 100000 58 47 89
111 23 45 28 100000 40 3 42 34 60 68 25 13
112 162 282 100000 100000 83 151 239 350 316 452 142 117
113 11 26 29 5 11 20 100000 25 17 100000 19 31
114 19 11 27 49 55 23 23 3 32 39 21 29
115 14 6 100000 41 9 13 41 100000 20 100000 24 12
116 31 35 81 54 48 87 27 42 100000 100000 19 82
117 32 42 49 58 38 100000 58 43 87 100000 27 19
118 26 38 100000 100000 16 100000 14 59 45 14 41 25
119 55 147 101 42 100000 165 47 90 31 21 127 58
120 31 30 18 100000 83 100000 10 32 8 76 100000 8
121 32 41 32 26 100000 8 74 100000 12 37 10 68
122 26 41 100000 33 11 5 100000 56 26 43 100000 55
123 19 100000 33 17 100000 37 100000 51 40 11 28 3
124 14 16 8 100000 1 21 36 31 22 17 10 1
125 19 40 100000 39 100000 3 44 100000 3 100000 24 41
126 48 20 80 52 12 20 45 37 107 100000 97 130
127 55 103 150 3 100000 132 117 42 100000 140 73 49
128 8 2 15 19 100000 100000 7 6 13 19 14 3
129 11 8 21 4 30 18 13 20 21 23 100000 27
130 27 49 100000 100000 31 100000 4 100000 59 21 75 74
131 18 100000 4 3 100000 20 5 100000 11 32 100000 24
132 36 64 16 96 26 100000 52 6 72 90 61 45
133 23 68 59 28 21 51 100000 6 100000 28 15 40
134 20 23 5 36 20 42 39 32 12 20 100000 6
135 46 30 122 101 102 39 60 79 104 93 53 115
136 64 100000 60 137 173 163 51 186 125 89 100000 146
137 22 4 15 54 38 28 48 100000 4 18 30 47
138 15 29 18 39 13 16 100000 100000 100000 31 8 16
139 34 86 48 5 6 100000 3 74 75 10 37 31
140 22 42 8 6 33 45 5 100000 28 44 50 100000
141 151 33 326 100000 200 421 78 322 100000 100000 109 204
142 148 231 378 360 100000 311 435 76 364 298 100000 59
143 64 144 98 54 133 184 54 154 79 100000 163 100000
144 170 362 57 444 98 271 100000 189 100000 403 100000 100000
145 137 75 235 206 50 341 79 263 149 100000 374 50
146 64 179 146 190 26 110 62 32 100000 47 104 110
147 78 157 92 100000 100000 129 215 173 34 69 101 13
148 78 100000 134 215 6 134 34 50 113 111 64 90
<task directions>
1 E
2 E
3 E
4 E
5 E
6 E
7 E
8 E
9 E
10 E
11 E
12 E
13 E
14 E
15 L
16 R
17 E
18 L
19 R
20 E
21 R
22 L
23 L
24 R
25 R
26 R
27 L
28 L
29 E
30 R
31 E
32 L
33 R
34 L
35 R
36 R
37 R
38 R
39 R
40 R
41 R
42 L
43 L
44 L
45 L
46 L
47 L
48 E
49 L
50 E
51 L
52 L
53 L
54 L
55 R
56 E
57 L
58 L
59 E
60 E
61 E
62 E
63 E
64 R
65 E
66 E
67 E
68 E
69 R
70 R
71 R
72 R
73 E
74 E
75 E
76 E
77 E
78 E
79 E
80 E
81 E
82 E
83 E
84 E
85 E
86 E
87 E
88 E
89 E
90 E
91 E
92 E
93 L
94 E
95 E
96 E
97 E
98 E
99 E
100 E
101 E
102 E
103 E
104 E
105 E
106 E
107 E
108 E
109 E
110 E
111 E
112 L
113 L
114 E
115 E
116 E
117 E
118 E
119 E
120 E
121 E
122 E
123 E
124 E
125 E
126 E
127 E
128 L
129 L
130 L
131 L
132 E
133 L
134 R
135 E
136 E
137 L
138 E
139 E
140 E
141 L
142 R
143 L
144 L
145 R
146 R
147 L
148 R
<precedence relations>
1,5
1,6
1,7
1,8
2,3
3,4
3,5
3,6
3,7
4,8
5,14
6,9
7,14
8,10
9,14
10,14
11,12
12,13
14,15
14,16
15,17
16,17
17,18
17,19
18,20
19,20
20,21
20,22
20,23
20,24
21,25
21,26
21,27
21,28
22,25
22,26
22,27
22,28
23,25
23,26
23,27
23,28
24,25
24,26
24,27
24,28
25,29
26,29
27,29
28,29
29,31
31,36
32,34
33,35
34,36
35,36
36,37
37,38
37,45
38,39
39,40
40,41
40,48
40,55
42,43
43,44
45,46
46,47
47,48
47,49
47,55
50,51
51,53
51,69
52,53
54,133
55,54
55,72
55,76
55,87
55,88
56,73
57,79
58,84
58,86
59,75
59,87
61,62
62,63
63,67
64,65
64,71
64,72
65,66
65,99
66,67
67,68
68,95
68,98
69,82
70,71
72,134
73,84
73,86
73,87
73,88
73,96
74,75
75,88
75,97
76,77
77,78
78,79
79,80
80,81
81,106
82,83
82,89
82,143
82,146
84,85
88,111
89,90
90,79
91,105
92,135
95,101
96,104
98,101
99,100
100,101
101,102
101,103
102,127
103,127
105,119
106,107
107,108
108,109
109,110
111,112
112,113
113,114
113,116
113,120
113,123
113,128
114,115
115,125
116,117
117,118
118,126
120,121
121,122
122,126
123,124
124,125
128,129
129,130
130,131
130,137
132,135
133,135
134,135
135,136
138,139
139,140
141,142
142,143
142,146
142,147
142,148
144,145
145,147
145,148
<end>