<number of tasks>
148
<number of mated-station>
11
<number of workers>
22
<task times>
1 16 12 3 4 13 13 7 6 15 9 2 100000 12 100000 14 7 100000 7 15 100000 14 10
2 30 24 15 29 29 3 19 10 14 5 4 2 14 17 11 13 7 9 1 22 18 22
3 7 2 100000 3 5 7 6 100000 5 1 1 4 5 4 4 4 5 7 1 6 5 2
4 47 15 40 26 19 32 28 31 17 100000 34 30 24 40 43 1 47 1 7 47 100000 23
5 29 5 3 2 16 15 18 25 8 16 13 7 18 12 18 15 15 29 9 5 29 17
6 8 6 8 7 6 100000 3 2 6 4 3 1 1 1 7 3 5 8 2 100000 4 2
7 39 30 38 26 4 14 27 1 3 24 24 24 29 100000 30 3 4 100000 14 28 31 30
8 37 5 11 6 100000 28 19 29 5 30 2 22 22 16 10 25 33 29 18 22 16 100000
9 32 20 100000 13 30 14 3 16 24 16 11 21 19 9 10 28 8 23 5 4 3 19
10 29 6 100000 10 4 18 12 15 19 25 25 21 2 10 4 21 17 13 4 1 10 27
11 17 9 3 2 10 12 8 7 12 8 4 11 5 13 1 1 2 7 8 1 15 14
12 11 2 100000 6 7 10 1 10 10 2 11 6 100000 11 10 5 2 100000 5 3 9 4
13 32 31 21 2 30 20 8 25 24 1 26 31 23 5 8 9 100000 28 25 23 31 10
14 15 7 100000 2 9 15 9 13 8 4 5 10 5 2 15 5 14 11 3 10 4 2
15 53 44 51 41 100000 14 19 12 21 33 34 7 12 15 36 26 6 32 33 14 32 2
16 53 10 15 38 34 16 100000 48 100000 29 7 100000 12 23 18 23 36 33 51 47 100000 7
17 8 3 8 5 100000 6 8 1 100000 1 3 3 8 2 1 8 1 100000 7 100000 1 5
18 24 10 18 14 21 11 2 24 16 21 100000 11 100000 14 11 21 14 100000 8 12 9 100000
19 24 20 3 100000 7 7 18 7 6 14 6 7 15 23 14 19 4 10 21 21 15 17
20 8 100000 4 7 4 4 3 5 4 5 7 5 100000 2 3 5 7 4 3 100000 5 5
21 7 6 4 4 4 2 6 4 3 6 2 5 2 3 6 6 3 6 6 5 100000 3
22 8 4 3 2 6 2 1 6 6 3 100000 6 5 4 7 3 100000 4 7 1 2 100000
23 14 3 3 9 2 4 1 5 10 9 12 13 8 5 9 9 10 100000 6 13 8 8
24 13 13 13 9 2 11 13 10 8 10 1 6 10 9 10 6 3 4 11 2 7 4
25 10 8 6 2 5 2 7 5 100000 8 4 7 1 4 4 5 100000 5 100000 9 7 7
26 25 3 8 21 22 10 18 15 100000 9 20 3 3 16 15 1 100000 20 13 9 4 18
27 11 7 8 100000 6 11 9 4 7 5 2 3 5 5 1 4 9 5 5 100000 2 4
28 25 18 17 7 10 14 17 16 17 21 100000 18 24 9 6 24 16 9 22 13 14 12
29 11 7 2 2 8 2 2 7 4 3 6 7 7 100000 4 1 7 4 100000 8 5 7
30 29 8 4 13 25 4 16 23 18 20 26 27 20 28 100000 26 19 11 21 28 28 19
31 25 13 16 14 5 5 2 16 10 7 6 10 11 7 14 22 19 100000 5 20 22 22
32 10 8 2 4 4 4 8 7 4 6 7 1 10 3 5 9 7 4 6 100000 10 9
33 14 13 6 12 6 5 11 9 13 9 10 11 100000 100000 9 11 100000 12 10 100000 8 11
34 41 38 13 11 39 7 25 6 41 28 35 10 13 4 3 34 17 35 6 5 23 25
35 42 6 20 6 40 100000 3 10 12 100000 4 17 15 100000 8 38 2 3 13 21 15 19
36 47 37 7 12 17 28 19 36 100000 42 36 38 36 22 8 24 38 42 3 6 25 32
37 7 5 1 6 6 100000 100000 2 6 4 2 5 2 7 5 3 4 4 6 4 5 100000
38 80 5 11 51 100000 28 29 66 65 7 80 68 100000 71 100000 42 56 27 64 3 41 10
39 7 3 3 3 4 3 4 3 1 2 4 100000 5 4 4 5 6 6 1 6 5 6
40 41 7 37 39 25 6 22 2 16 24 39 14 10 37 15 1 25 27 100000 17 15 15
41 47 31 4 44 19 12 35 43 19 100000 36 23 100000 30 100000 18 45 25 11 18 11 45
42 16 16 15 4 11 100000 100000 15 4 4 6 100000 10 1 2 9 10 7 100000 16 10 14
43 32 8 18 28 15 2 19 20 28 2 6 5 12 32 100000 25 6 19 12 27 18 4
44 66 24 63 45 41 60 18 50 34 11 11 48 29 53 12 17 6 50 21 36 37 54
45 80 28 25 100000 52 24 18 2 100000 74 22 7 74 47 7 39 60 100000 15 6 74 73
46 7 3 4 1 2 5 100000 1 3 2 6 5 2 2 4 3 100000 100000 4 4 3 3
47 41 34 9 17 7 21 100000 7 34 16 100000 7 40 26 21 15 6 37 100000 29 16 3
48 13 11 13 8 100000 12 9 2 100000 9 4 9 10 100000 2 9 9 11 3 4 3 6
49 47 28 20 45 34 10 15 15 6 31 100000 24 42 15 24 21 11 18 25 100000 35 34
50 33 4 7 100000 100000 100000 21 15 33 32 24 28 27 17 100000 28 10 9 22 5 31 10
51 34 3 8 4 14 23 100000 11 13 4 32 30 18 20 32 100000 17 14 10 100000 32 33
52 11 6 7 4 11 4 100000 10 3 10 10 100000 6 7 100000 10 8 6 5 3 6 9
53 118 93 48 31 29 100000 64 97 52 40 33 90 78 74 38 82 82 100000 103 81 100000 22
54 25 25 10 6 1 24 5 100000 7 19 13 13 100000 6 14 4 17 8 12 8 21 15
55 7 5 4 4 5 6 6 1 7 6 4 4 2 100000 3 100000 1 3 3 2 3 2
56 28 3 8 26 100000 15 100000 26 2 27 10 16 21 23 3 8 8 12 13 10 100000 19
57 12 100000 8 3 100000 2 11 8 6 6 4 4 6 5 5 8 7 11 8 7 6 4
58 52 48 43 35 15 39 15 6 31 5 100000 34 18 17 40 49 51 48 13 23 4 21
59 14 8 5 13 10 3 8 100000 5 7 10 3 4 100000 14 8 5 100000 11 100000 100000 12
60 3 100000 1 3 1 2 3 2 2 2 2 2 1 1 2 100000 3 2 2 2 2 2
61 3 1 3 2 1 2 3 3 3 1 3 1 3 1 2 2 1 2 1 2 1 2
62 8 1 3 6 6 5 3 4 2 100000 2 5 5 5 7 3 1 2 1 8 2 6
63 16 3 14 10 9 10 15 3 15 8 3 4 3 13 15 100000 2 100000 11 13 10 9
64 33 25 15 23 4 17 100000 10 33 6 15 100000 13 12 10 6 31 24 5 13 13 16
65 8 6 3 100000 7 5 1 7 5 3 8 3 6 3 4 100000 6 4 100000 5 2 6
66 18 10 15 17 10 17 6 1 15 11 16 8 18 13 8 10 16 7 1 9 3 9
67 10 100000 100000 8 5 1 1 1 4 6 7 5 3 5 7 1 100000 6 9 2 8 6
68 14 12 13 6 13 2 7 1 10 2 12 3 9 8 8 6 5 12 4 3 100000 2
69 28 12 13 13 15 6 22 6 3 23 4 16 100000 100000 25 4 11 5 22 2 22 17
70 11 100000 10 3 7 10 3 6 2 11 7 4 11 10 10 5 7 7 3 10 8 2
71 118 2 75 55 21 91 30 116 100000 21 95 84 27 93 67 76 116 13 100000 6 64 111
72 25 18 23 100000 7 9 23 23 11 6 22 17 100000 100000 11 18 7 100000 10 8 13 12
73 40 100000 38 25 15 100000 8 31 23 1 38 3 30 29 100000 28 32 28 38 26 25 11
74 40 6 25 14 18 32 33 26 27 17 32 9 9 13 31 4 12 9 24 26 11 11
75 101 60 66 44 57 47 43 16 77 70 79 27 15 87 2 68 82 4 17 43 54 79
76 5 4 2 100000 1 4 1 1 1 5 2 100000 4 4 4 4 5 2 100000 3 1 5
77 28 11 14 17 17 4 18 16 12 100000 25 2 16 28 22 17 9 25 5 27 20 24
78 8 3 3 4 1 3 8 100000 4 1 3 5 3 8 6 100000 1 5 3 4 2 5
79 111 49 44 9 11 53 100000 111 35 97 67 68 22 84 40 21 62 68 54 58 19 73
80 7 3 100000 7 100000 100000 3 6 6 6 2 4 5 1 4 100000 1 1 3 5 2 4
81 26 15 20 6 20 100000 14 17 11 12 25 18 24 15 18 17 16 6 17 8 7 100000
82 10 4 8 8 7 100000 3 6 3 9 100000 8 9 9 7 9 9 2 9 3 3 9
83 21 20 20 18 14 14 3 19 14 19 100000 100000 4 6 12 14 100000 10 14 9 5 13
84 26 6 7 7 15 14 2 8 8 9 7 15 15 8 20 25 20 12 14 1 14 3
85 20 3 18 7 11 17 4 12 5 15 4 100000 3 10 100000 6 14 10 7 18 11 14
86 21 14 4 7 3 15 8 11 4 12 3 100000 15 11 4 12 5 6 100000 16 4 7
87 47 15 37 29 3 24 11 36 100000 13 35 44 42 46 25 7 37 34 13 29 43 23
88 23 22 23 8 8 12 9 7 8 13 100000 100000 10 19 22 100000 13 3 10 3 19 8
89 13 2 10 5 12 100000 2 11 1 6 100000 6 5 7 100000 4 2 6 4 10 4 4
90 19 14 16 15 18 1 7 14 11 18 10 10 9 10 2 14 4 5 17 2 13 8
91 115 44 71 80 84 37 28 41 57 96 81 102 100000 9 57 43 82 100000 113 80 59 90
92 35 7 27 19 33 10 31 100000 15 3 100000 100000 10 5 11 5 25 2 31 27 27 31
93 26 12 9 15 100000 7 10 23 17 15 18 2 17 17 7 16 23 20 9 9 18 15
94 46 17 25 10 11 19 16 35 36 20 24 13 100000 1 18 21 10 34 6 37 39 37
95 20 19 18 100000 100000 13 100000 5 16 2 8 16 17 20 10 15 19 8 7 18 2 15
96 31 3 21 28 9 100000 100000 20 12 20 25 9 100000 26 19 29 21 30 7 6 25 8
97 19 19 12 5 19 100000 11 13 7 14 11 16 2 13 9 9 10 18 15 18 9 8
98 34 21 7 5 22 8 27 22 12 27 28 5 5 1 100000 7 16 3 15 100000 2 33
99 51 25 41 100000 35 19 43 3 27 18 15 10 10 51 27 3 7 2 43 30 17 41
100 39 26 20 100000 25 14 6 100000 17 100000 14 15 39 23 3 32 34 100000 11 100000 38 26
101 30 16 100000 9 28 5 2 100000 14 14 28 7 7 18 21 100000 19 23 10 26 14 4
102 26 4 7 12 5 10 19 16 100000 8 11 4 22 8 21 1 100000 100000 13 4 18 23
103 13 3 2 6 6 6 8 8 6 5 6 10 8 5 5 9 8 100000 5 10 2 3
104 45 21 9 45 21 12 31 34 18 34 8 21 6 11 22 41 35 40 23 6 44 39
105 58 23 49 19 48 100000 53 52 100000 51 55 23 13 100000 8 14 10 27 38 45 28 39
106 28 5 2 17 18 22 19 26 2 100000 2 14 14 14 100000 22 27 100000 16 28 23 23
107 8 100000 100000 6 8 3 3 3 8 4 3 100000 7 6 7 4 2 3 2 6 100000 5
108 43 10 30 100000 11 100000 33 31 22 32 35 11 22 100000 27 35 41 43 100000 30 25 26
109 40 21 20 100000 5 3 32 32 31 2 32 5 11 29 31 39 23 19 31 39 3 26
110 34 9 10 15 15 100000 100000 7 3 100000 24 4 15 31 28 25 4 17 27 100000 16 14
111 23 20 18 2 8 18 20 11 18 100000 10 1 15 16 100000 3 1 17 2 21 2 5
112 162 83 122 78 51 20 75 85 11 127 14 28 70 154 100000 100000 53 24 41 77 119 141
113 11 6 9 2 9 7 5 5 5 11 5 2 100000 7 10 9 9 5 9 4 4 2
114 19 14 14 100000 14 9 11 14 10 7 13 14 14 9 15 15 13 13 5 16 15 18
115 14 5 3 11 10 14 8 7 14 10 6 1 7 6 3 12 2 7 100000 2 6 4
116 31 2 18 18 4 21 14 7 7 17 13 5 7 5 26 20 21 13 29 30 23 13
117 32 2 8 24 27 27 2 2 12 18 5 2 4 14 16 29 8 18 15 26 14 12
118 26 11 18 2 13 8 26 100000 13 13 22 19 22 22 6 9 13 8 22 14 9 100000
119 55 49 15 52 38 50 5 4 100000 5 16 100000 53 47 32 6 43 39 6 43 51 29
120 31 6 19 7 16 26 19 30 28 100000 8 27 10 6 22 1 31 8 11 21 28 23
121 32 2 30 7 8 21 100000 8 10 29 24 26 25 14 17 20 23 14 12 100000 20 30
122 26 18 23 13 3 26 21 11 24 100000 25 3 21 19 15 19 26 15 15 12 24 20
123 19 7 15 100000 11 1 4 11 11 12 2 5 14 13 13 13 3 15 14 3 13 6
124 14 100000 7 10 2 3 8 9 9 2 12 3 2 9 5 8 6 10 8 7 8 10
125 19 13 7 7 7 18 10 8 100000 14 16 8 100000 14 100000 16 5 100000 5 14 11 5
126 48 23 24 31 100000 21 6 38 20 17 38 100000 29 100000 36 37 30 12 7 6 33 45
127 55 47 26 11 11 24 42 37 24 44 17 16 53 32 6 100000 11 45 46 10 50 17
128 8 6 7 8 8 7 8 6 3 1 2 2 4 1 1 8 7 2 2 2 8 100000
129 11 5 8 11 7 11 10 8 5 7 100000 2 2 2 4 9 2 100000 4 2 2 4
130 27 100000 22 7 20 19 100000 5 19 100000 26 22 4 3 24 6 9 100000 1 12 26 24
131 18 16 11 4 14 100000 2 11 16 11 8 7 11 2 6 6 7 10 18 11 9 4
132 36 33 17 32 15 8 31 100000 22 22 34 15 11 34 31 100000 20 16 24 23 17 31
133 23 100000 8 22 7 13 21 17 6 1 18 8 10 7 2 21 23 3 9 6 3 14
134 20 11 4 18 12 14 3 6 19 7 3 7 10 6 100000 14 12 10 4 13 17 18
135 46 100000 24 2 1 5 18 43 44 15 26 6 12 41 43 37 21 34 9 38 43 7
136 64 44 2 58 36 55 29 11 22 60 64 9 9 100000 54 35 100000 100000 13 46 35 62
137 22 10 8 19 14 10 9 3 12 13 4 12 20 21 100000 9 100000 4 18 3 6 14
138 15 8 14 10 100000 5 14 13 8 3 6 15 7 2 9 6 8 100000 11 1 4 10
139 34 30 10 15 20 28 32 7 14 14 17 15 21 23 26 100000 23 15 26 21 100000 25
140 22 13 14 15 100000 14 2 11 14 7 17 12 6 22 19 2 22 22 20 8 17 20
141 151 82 129 81 112 117 115 25 109 73 112 141 12 150 34 78 25 33 13 148 10 4
142 148 113 10 145 92 23 35 20 92 126 39 123 110 33 77 30 114 132 67 122 136 11
143 64 61 100000 27 22 25 17 4 43 2 39 14 27 36 9 51 33 14 19 63 54 34
144 170 96 123 6 16 20 100000 43 100000 45 70 170 84 162 126 18 79 155 158 94 35 102
145 137 55 15 30 121 134 117 134 59 66 88 91 17 68 50 113 50 83 77 15 69 106
146 64 100000 15 100000 20 100000 100000 56 40 36 45 31 44 19 47 10 100000 100000 10 50 9 51
147 78 75 53 60 100000 13 42 14 33 76 56 100000 11 52 100000 26 63 67 69 7 9 17
148 78 49 6 26 100000 49 46 100000 100000 41 19 6 64 2 77 47 35 46 6 52 19 58
<task directions>
1 E
2 E
3 E
4 E
5 E
6 E
7 E
8 E
9 E
10 E
11 E
12 E
13 E
14 E
15 L
16 R
17 E
18 L
19 R
20 E
21 R
22 L
23 L
24 R
25 R
26 R
27 L
28 L
29 E
30 R
31 E
32 L
33 R
34 L
35 R
36 R
37 R
38 R
39 R
40 R
41 R
42 L
43 L
44 L
45 L
46 L
47 L
48 E
49 L
50 E
51 L
52 L
53 L
54 L
55 R
56 E
57 L
58 L
59 E
60 E
61 E
62 E
63 E
64 R
65 E
66 E
67 E
68 E
69 R
70 R
71 R
72 R
73 E
74 E
75 E
76 E
77 E
78 E
79 E
80 E
81 E
82 E
83 E
84 E
85 E
86 E
87 E
88 E
89 E
90 E
91 E
92 E
93 L
94 E
95 E
96 E
97 E
98 E
99 E
100 E
101 E
102 E
103 E
104 E
105 E
106 E
107 E
108 E
109 E
110 E
111 E
112 L
113 L
114 E
115 E
116 E
117 E
118 E
119 E
120 E
121 E
122 E
123 E
124 E
125 E
126 E
127 E
128 L
129 L
130 L
131 L
132 E
133 L
134 R
135 E
136 E
137 L
138 E
139 E
140 E
141 L
142 R
143 L
144 L
145 R
146 R
147 L
148 R
<precedence relations>
1,5
1,6
1,7
1,8
2,3
3,4
3,5
3,6
3,7
4,8
5,14
6,9
7,14
8,10
9,14
10,14
11,12
12,13
14,15
14,16
15,17
16,17
17,18
17,19
18,20
19,20
20,21
20,22
20,23
20,24
21,25
21,26
21,27
21,28
22,25
22,26
22,27
22,28
23,25
23,26
23,27
23,28
24,25
24,26
24,27
24,28
25,29
26,29
27,29
28,29
29,31
31,36
32,34
33,35
34,36
35,36
36,37
37,38
37,45
38,39
39,40
40,41
40,48
40,55
42,43
43,44
45,46
46,47
47,48
47,49
47,55
50,51
51,53
51,69
52,53
54,133
55,54
55,72
55,76
55,87
55,88
56,73
57,79
58,84
58,86
59,75
59,87
61,62
62,63
63,67
64,65
64,71
64,72
65,66
65,99
66,67
67,68
68,95
68,98
69,82
70,71
72,134
73,84
73,86
73,87
73,88
73,96
74,75
75,88
75,97
76,77
77,78
78,79
79,80
80,81
81,106
82,83
82,89
82,143
82,146
84,85
88,111
89,90
90,79
91,105
92,135
95,101
96,104
98,101
99,100
100,101
101,102
101,103
102,127
103,127
105,119
106,107
107,108
108,109
109,110
111,112
112,113
113,114
113,116
113,120
113,123
113,128
114,115
115,125
116,117
117,118
118,126
120,121
121,122
122,126
123,124
124,125
128,129
129,130
130,131
130,137
132,135
133,135
134,135
135,136
138,139
139,140
141,142
142,143
142,146
142,147
142,148
144,145
145,147
145,148
<end>