<number of tasks>
148
<number of mated-station>
9
<number of workers>
18
<task times>
1 16 3 5 7 10 100000 6 6 13 100000 1 100000 3 4 2 8 6 9
2 30 3 18 26 100000 16 16 25 6 28 30 15 13 30 100000 10 100000 6
3 7 1 6 5 2 100000 1 6 5 2 3 5 2 3 5 100000 5 5
4 47 100000 9 44 100000 27 2 100000 20 16 18 1 4 41 20 17 36 47
5 29 13 28 24 18 20 100000 1 9 14 15 21 4 25 6 100000 100000 100000
6 8 8 5 3 8 2 100000 6 4 8 4 100000 4 5 4 6 4 7
7 39 34 15 20 6 17 25 14 36 15 36 33 100000 31 10 3 7 11
8 37 11 20 12 100000 37 16 100000 24 17 4 25 100000 30 32 29 25 19
9 32 5 20 14 31 24 14 3 100000 32 3 27 19 3 100000 4 18 100000
10 29 2 16 100000 100000 25 17 100000 26 16 4 23 17 29 11 20 28 14
11 17 100000 3 12 100000 8 9 12 8 100000 17 16 16 8 10 7 3 9
12 11 100000 100000 6 1 8 2 100000 10 7 10 8 5 10 100000 11 11 9
13 32 100000 9 3 100000 5 11 100000 32 31 100000 4 11 9 100000 12 7 32
14 15 6 14 100000 11 7 13 7 2 11 7 11 8 100000 9 11 12 100000
15 53 24 20 16 50 6 23 100000 8 22 23 6 21 20 50 100000 100000 3
16 53 50 100000 22 46 13 34 29 26 41 100000 11 20 17 40 6 6 49
17 8 4 4 2 6 4 7 7 100000 100000 2 2 7 5 100000 5 7 100000
18 24 13 19 8 15 3 5 4 100000 3 7 6 21 5 23 8 14 100000
19 24 18 4 19 18 23 17 7 10 4 6 13 20 18 2 24 17 12
20 8 3 5 6 8 3 100000 100000 100000 5 2 2 1 6 100000 100000 2 4
21 7 7 100000 2 7 1 2 7 2 5 7 7 1 4 7 100000 3 6
22 8 6 2 100000 100000 6 5 5 6 2 4 100000 5 4 3 100000 6 7
23 14 3 13 100000 6 13 2 12 14 13 13 7 11 13 100000 4 2 100000
24 13 9 12 10 12 8 3 5 10 100000 8 100000 1 6 10 10 13 10
25 10 3 9 100000 9 8 100000 7 3 6 4 5 6 1 3 100000 6 4
26 25 21 25 100000 25 18 10 4 10 9 18 7 15 6 2 4 24 7
27 11 100000 6 11 6 6 4 8 4 4 5 10 6 5 11 10 5 8
28 25 6 12 100000 20 100000 18 11 4 4 4 100000 8 100000 100000 17 14 100000
29 11 5 9 3 1 6 3 2 100000 3 3 100000 100000 5 7 9 6 6
30 29 19 100000 11 17 17 4 26 9 100000 4 9 5 23 100000 27 3 15
31 25 8 18 19 22 10 21 100000 3 100000 100000 12 11 8 19 9 2 100000
32 10 100000 6 9 100000 2 100000 2 4 8 100000 9 100000 6 7 6 8 6
33 14 100000 13 14 12 10 12 5 2 3 2 11 100000 6 100000 100000 5 6
34 41 100000 21 33 21 100000 35 4 17 9 3 6 2 13 2 25 16 100000
35 42 100000 9 6 10 100000 31 3 41 20 39 13 19 11 35 6 37 7
36 47 1 33 18 34 26 36 44 16 19 100000 36 5 20 40 7 40 10
37 7 4 6 6 100000 1 6 3 4 6 100000 6 100000 2 100000 3 3 100000
38 80 72 66 41 100000 78 3 100000 75 43 13 54 29 100000 28 52 13 100000
39 7 100000 100000 4 6 100000 6 5 1 100000 100000 3 100000 4 2 2 7 3
40 41 35 7 27 17 24 100000 12 20 7 37 9 34 22 31 11 39 5
41 47 10 100000 26 43 30 100000 7 14 43 39 46 100000 38 100000 23 34 15
42 16 15 100000 4 2 10 5 1 10 100000 2 2 3 12 3 1 12 9
43 32 9 100000 100000 2 3 25 25 30 2 2 100000 9 1 22 28 16 5
44 66 11 100000 100000 24 100000 30 100000 100000 40 56 49 100000 21 56 24 100000 31
45 80 22 44 60 66 24 30 37 63 100000 14 42 100000 41 28 64 74 100000
46 7 3 1 3 3 1 100000 2 1 100000 2 100000 4 100000 5 100000 6 6
47 41 2 17 100000 17 100000 35 34 22 38 14 15 26 13 7 31 30 8
48 13 10 7 3 100000 9 100000 100000 100000 12 7 100000 3 4 100000 13 4 8
49 47 30 16 46 41 11 11 27 15 18 43 44 18 100000 100000 36 46 33
50 33 32 16 31 100000 29 4 27 7 22 17 29 3 16 7 7 12 19
51 34 100000 100000 100000 100000 100000 9 4 100000 8 27 7 3 18 100000 31 3 100000
52 11 7 8 6 9 100000 11 100000 11 9 9 4 3 100000 11 9 9 2
53 118 10 47 21 72 55 20 102 78 100000 111 91 61 100000 89 17 72 100000
54 25 9 7 19 18 13 9 3 19 8 9 12 21 10 100000 1 7 100000
55 7 5 6 7 3 100000 3 5 2 6 2 4 7 2 3 6 100000 6
56 28 20 20 3 3 13 100000 4 10 100000 27 100000 23 13 25 15 24 23
57 12 5 2 12 7 9 11 7 6 2 9 100000 5 5 5 6 8 2
58 52 100000 25 100000 100000 45 22 34 15 37 38 19 26 42 100000 20 30 5
59 14 5 100000 5 9 4 7 13 100000 10 100000 8 100000 9 5 5 9 12
60 3 100000 1 3 1 1 1 2 3 100000 2 3 3 2 100000 3 1 3
61 3 2 1 100000 100000 3 1 2 2 1 1 2 1 100000 2 2 2 1
62 8 100000 8 100000 4 4 5 100000 100000 100000 3 7 100000 100000 4 3 100000 4
63 16 15 4 100000 4 14 16 3 2 13 100000 100000 14 2 100000 14 10 100000
64 33 26 100000 3 28 33 12 100000 21 25 8 10 23 23 18 17 23 100000
65 8 7 4 5 2 1 2 100000 100000 8 3 100000 3 8 3 1 4 7
66 18 6 15 12 2 9 14 100000 10 8 10 2 100000 17 7 8 100000 100000
67 10 6 4 9 9 9 7 8 9 7 6 3 100000 5 6 2 3 5
68 14 100000 100000 9 5 6 8 12 10 6 100000 7 5 4 100000 7 8 2
69 28 8 100000 26 22 20 11 3 4 15 18 24 7 5 8 10 1 22
70 11 10 9 100000 4 9 5 4 6 100000 7 3 1 100000 10 4 6 8
71 118 69 102 100000 14 64 50 69 15 51 103 110 84 84 70 2 100000 8
72 25 100000 1 100000 3 13 4 9 9 22 8 5 10 100000 9 19 3 19
73 40 29 19 6 27 100000 29 1 3 100000 22 40 39 33 100000 34 12 14
74 40 18 26 28 31 19 9 17 21 17 28 16 100000 14 100000 33 7 32
75 101 100000 46 97 91 100000 77 100000 66 12 61 38 2 54 99 28 49 17
76 5 100000 3 2 2 4 1 4 2 4 5 2 1 2 4 100000 2 4
77 28 100000 100000 22 100000 100000 17 100000 10 27 21 8 8 6 13 3 25 21
78 8 1 4 8 100000 5 1 3 1 7 100000 4 100000 100000 8 5 5 5
79 111 45 100000 57 23 98 13 24 100000 41 62 67 8 77 10 67 98 31
80 7 2 4 100000 3 1 2 5 100000 100000 3 5 100000 100000 6 4 100000 4
81 26 9 2 20 100000 7 11 20 100000 23 9 17 20 26 100000 24 2 100000
82 10 9 10 10 100000 3 6 9 100000 100000 3 100000 7 7 100000 100000 5 10
83 21 100000 4 100000 13 5 7 100000 3 2 15 100000 2 100000 19 18 7 13
84 26 18 18 100000 15 100000 1 26 20 100000 3 100000 18 20 7 20 9 21
85 20 12 100000 15 13 12 100000 15 13 11 5 11 14 4 8 4 2 17
86 21 17 12 4 100000 13 100000 13 3 100000 11 18 7 14 1 19 20 15
87 47 22 9 100000 38 28 23 35 8 18 20 47 100000 10 4 33 31 43
88 23 1 20 6 100000 7 18 15 7 4 100000 19 13 100000 18 100000 18 17
89 13 100000 12 8 2 5 3 6 9 12 100000 4 11 13 4 6 5 100000
90 19 15 14 2 100000 10 8 100000 100000 16 8 8 8 4 10 17 12 9
91 115 27 11 17 48 16 84 100 100000 75 3 100 88 102 7 108 100000 100000
92 35 18 23 19 18 23 23 22 14 2 3 12 100000 16 16 14 4 31
93 26 2 19 3 24 100000 22 13 25 21 3 3 23 100000 15 10 4 5
94 46 32 100000 41 19 25 15 100000 36 19 19 19 1 19 3 37 13 45
95 20 5 100000 18 100000 9 100000 17 13 14 17 7 1 9 100000 17 11 4
96 31 100000 28 22 10 20 21 11 26 15 21 29 100000 27 29 100000 7 16
97 19 3 3 17 8 100000 18 5 18 100000 100000 18 2 12 2 12 17 100000
98 34 18 3 100000 5 9 100000 24 21 21 28 13 22 9 4 12 7 2
99 51 29 9 31 47 33 25 32 3 27 100000 6 5 4 46 43 32 40
100 39 100000 100000 100000 100000 33 20 18 6 31 15 11 35 37 100000 18 34 2
101 30 6 9 3 9 3 12 100000 16 100000 2 19 13 11 5 100000 21 16
102 26 13 14 16 100000 100000 100000 7 17 100000 20 18 11 100000 16 2 19 24
103 13 9 100000 12 100000 100000 2 6 2 5 5 4 5 100000 4 12 7 4
104 45 100000 5 18 6 36 38 28 8 19 17 22 27 7 31 11 13 100000
105 58 8 36 24 100000 35 28 37 2 49 57 41 6 27 40 30 100000 57
106 28 100000 21 9 16 13 27 24 100000 13 100000 4 100000 5 4 5 17 100000
107 8 7 8 4 100000 6 3 6 5 2 3 8 3 8 5 8 7 5
108 43 40 100000 17 17 33 17 19 28 2 21 43 100000 15 5 14 38 22
109 40 34 14 27 22 20 5 39 8 18 100000 33 8 6 26 20 100000 3
110 34 14 28 15 6 7 27 32 7 100000 20 6 1 3 100000 17 23 100000
111 23 18 10 13 10 16 2 100000 100000 16 19 7 20 100000 100000 3 22 4
112 162 114 102 36 78 59 109 3 59 125 61 56 7 128 100000 85 40 101
113 11 3 9 8 9 4 3 7 5 4 5 3 8 3 2 100000 9 6
114 19 4 11 6 6 9 10 18 100000 12 7 7 100000 2 3 100000 9 18
115 14 100000 8 6 12 100000 100000 9 2 100000 8 5 2 100000 5 11 100000 11
116 31 6 17 29 26 21 16 28 31 10 30 100000 27 100000 28 4 21 11
117 32 27 22 100000 14 25 15 14 12 23 20 8 15 19 100000 12 11 29
118 26 17 17 13 25 4 2 4 24 24 18 19 23 100000 4 17 3 19
119 55 47 35 100000 4 25 14 37 100000 29 100000 23 100000 100000 17 26 30 7
120 31 31 5 21 16 12 12 18 19 31 16 20 31 100000 12 10 11 28
121 32 12 100000 19 21 12 25 5 23 12 32 100000 23 13 20 100000 26 20
122 26 23 12 24 25 22 2 18 17 21 100000 19 100000 24 5 18 11 14
123 19 6 19 7 15 18 10 13 15 100000 100000 4 100000 4 4 9 11 11
124 14 10 3 100000 100000 9 11 100000 100000 6 9 6 6 3 4 12 8 10
125 19 12 10 6 17 17 100000 16 100000 15 15 16 100000 8 5 14 11 9
126 48 10 100000 19 3 2 100000 20 100000 100000 28 42 37 42 17 22 100000 100000
127 55 44 100000 14 100000 19 42 25 100000 15 42 10 29 54 15 26 36 100000
128 8 6 3 5 6 1 4 1 2 8 100000 1 4 100000 6 2 100000 4
129 11 4 100000 10 7 6 4 10 9 9 10 5 100000 2 100000 8 100000 100000
130 27 26 10 100000 100000 19 26 9 100000 100000 5 100000 21 100000 26 16 25 21
131 18 13 12 10 4 15 11 100000 17 6 16 2 100000 7 14 17 12 100000
132 36 29 8 3 26 32 6 21 100000 100000 2 20 23 100000 100000 1 13 24
133 23 15 19 100000 18 11 14 15 4 15 2 10 14 5 19 12 2 18
134 20 5 9 1 18 7 100000 1 18 15 4 14 100000 3 7 2 12 6
135 46 22 27 100000 41 10 37 38 100000 5 31 23 4 26 24 36 36 100000
136 64 24 21 6 28 100000 49 15 14 55 17 100000 33 29 33 100000 62 100000
137 22 100000 100000 8 4 100000 21 5 14 18 5 12 10 4 6 100000 16 15
138 15 100000 100000 2 12 11 11 6 10 4 6 100000 7 9 2 100000 6 4
139 34 100000 32 14 14 16 26 3 24 3 28 30 3 100000 100000 11 19 22
140 22 17 6 9 100000 10 14 19 7 9 10 8 100000 12 3 2 18 100000
141 151 111 12 142 76 100000 85 3 90 100000 28 100000 78 51 100 82 60 72
142 148 72 83 16 107 72 111 132 104 26 124 145 60 45 73 39 14 108
143 64 34 50 39 100000 100000 6 40 61 2 8 100000 100000 5 61 100000 50 36
144 170 158 11 104 55 100000 100000 30 100000 119 100000 3 80 100000 141 145 100000 138
145 137 36 104 114 39 53 100000 114 25 110 95 115 28 100000 114 127 15 114
146 64 44 41 62 56 62 23 100000 100000 100000 9 19 41 31 100000 42 5 42
147 78 73 64 13 4 17 100000 20 35 22 37 13 69 40 66 69 76 24
148 78 100000 100000 63 67 100000 36 73 53 17 59 51 48 11 23 44 26 100000
<task directions>
1 E
2 E
3 E
4 E
5 E
6 E
7 E
8 E
9 E
10 E
11 E
12 E
13 E
14 E
15 L
16 R
17 E
18 L
19 R
20 E
21 R
22 L
23 L
24 R
25 R
26 R
27 L
28 L
29 E
30 R
31 E
32 L
33 R
34 L
35 R
36 R
37 R
38 R
39 R
40 R
41 R
42 L
43 L
44 L
45 L
46 L
47 L
48 E
49 L
50 E
51 L
52 L
53 L
54 L
55 R
56 E
57 L
58 L
59 E
60 E
61 E
62 E
63 E
64 R
65 E
66 E
67 E
68 E
69 R
70 R
71 R
72 R
73 E
74 E
75 E
76 E
77 E
78 E
79 E
80 E
81 E
82 E
83 E
84 E
85 E
86 E
87 E
88 E
89 E
90 E
91 E
92 E
93 L
94 E
95 E
96 E
97 E
98 E
99 E
100 E
101 E
102 E
103 E
104 E
105 E
106 E
107 E
108 E
109 E
110 E
111 E
112 L
113 L
114 E
115 E
116 E
117 E
118 E
119 E
120 E
121 E
122 E
123 E
124 E
125 E
126 E
127 E
128 L
129 L
130 L
131 L
132 E
133 L
134 R
135 E
136 E
137 L
138 E
139 E
140 E
141 L
142 R
143 L
144 L
145 R
146 R
147 L
148 R
<precedence relations>
1,5
1,6
1,7
1,8
2,3
3,4
3,5
3,6
3,7
4,8
5,14
6,9
7,14
8,10
9,14
10,14
11,12
12,13
14,15
14,16
15,17
16,17
17,18
17,19
18,20
19,20
20,21
20,22
20,23
20,24
21,25
21,26
21,27
21,28
22,25
22,26
22,27
22,28
23,25
23,26
23,27
23,28
24,25
24,26
24,27
24,28
25,29
26,29
27,29
28,29
29,31
31,36
32,34
33,35
34,36
35,36
36,37
37,38
37,45
38,39
39,40
40,41
40,48
40,55
42,43
43,44
45,46
46,47
47,48
47,49
47,55
50,51
51,53
51,69
52,53
54,133
55,54
55,72
55,76
55,87
55,88
56,73
57,79
58,84
58,86
59,75
59,87
61,62
62,63
63,67
64,65
64,71
64,72
65,66
65,99
66,67
67,68
68,95
68,98
69,82
70,71
72,134
73,84
73,86
73,87
73,88
73,96
74,75
75,88
75,97
76,77
77,78
78,79
79,80
80,81
81,106
82,83
82,89
82,143
82,146
84,85
88,111
89,90
90,79
91,105
92,135
95,101
96,104
98,101
99,100
100,101
101,102
101,103
102,127
103,127
105,119
106,107
107,108
108,109
109,110
111,112
112,113
113,114
113,116
113,120
113,123
113,128
114,115
115,125
116,117
117,118
118,126
120,121
121,122
122,126
123,124
124,125
128,129
129,130
130,131
130,137
132,135
133,135
134,135
135,136
138,139
139,140
141,142
142,143
142,146
142,147
142,148
144,145
145,147
145,148
<end>