<number of tasks>
148
<number of mated-station>
5
<number of workers>
10
<task times>
1 16 45 10 11 5 6 100000 30 100000 35
2 30 26 7 49 100000 80 13 18 31 65
3 7 2 16 8 20 9 12 18 11 100000
4 47 37 49 119 99 95 35 57 81 65
5 29 6 83 14 18 86 100000 70 100000 34
6 8 4 4 7 11 18 23 9 11 20
7 39 18 75 67 3 90 68 13 36 37
8 37 29 16 100 55 92 67 85 109 91
9 32 3 21 78 78 30 9 100000 100000 54
10 29 59 11 11 33 70 8 2 46 33
11 17 35 7 15 34 42 26 3 35 46
12 11 17 21 21 33 7 19 15 100000 100000
13 32 8 71 68 57 100000 7 33 92 66
14 15 20 35 11 8 29 41 21 41 6
15 53 140 72 100000 115 34 63 153 12 75
16 53 59 69 99 23 148 25 157 88 96
17 8 4 10 9 3 6 24 23 15 19
18 24 50 66 52 22 51 22 17 66 51
19 24 47 6 31 37 43 51 4 68 66
20 8 9 13 5 15 11 12 14 9 12
21 7 7 7 100000 16 12 19 5 3 6
22 8 3 20 20 10 100000 14 7 3 20
23 14 10 22 20 3 19 100000 33 19 100000
24 13 23 35 37 12 6 34 31 24 21
25 10 26 26 4 23 3 29 18 11 3
26 25 42 70 29 10 67 73 14 20 63
27 11 32 8 7 100000 13 100000 29 13 31
28 25 10 46 31 3 73 39 68 2 42
29 11 100000 31 4 7 20 25 100000 10 29
30 29 73 74 10 12 25 37 54 65 38
31 25 100000 17 31 51 19 100000 61 25 27
32 10 27 13 10 4 5 22 21 16 26
33 14 20 21 100000 7 6 40 10 27 12
34 41 30 24 30 103 10 68 41 51 86
35 42 11 19 61 21 85 120 84 94 44
36 47 21 15 107 64 32 100000 72 100000 11
37 7 3 5 4 20 12 5 2 13 2
38 80 121 178 118 226 39 100000 68 106 228
39 7 11 12 9 6 13 12 15 10 11
40 41 44 75 34 64 84 39 86 108 51
41 47 96 42 79 119 91 29 100000 100000 109
42 16 2 38 21 29 20 100000 25 28 100000
43 32 100000 33 100000 89 12 91 9 37 58
44 66 92 36 105 145 68 48 100000 21 194
45 80 104 214 123 190 214 202 49 15 192
46 7 17 100000 20 6 4 20 9 11 1
47 41 35 42 111 56 113 63 96 11 36
48 13 2 28 33 1 100000 32 39 25 17
49 47 15 54 60 109 22 113 22 79 100
50 33 29 80 65 14 27 15 55 100000 53
51 34 8 68 38 81 88 53 25 64 100000
52 11 100000 10 33 11 11 100000 16 12 20
53 118 238 315 216 312 93 269 350 280 248
54 25 28 71 62 22 48 58 3 52 100000
55 7 6 12 8 6 12 100000 12 2 7
56 28 4 100000 7 18 31 38 67 13 8
57 12 15 12 24 12 22 20 14 100000 3
58 52 100000 83 86 29 102 100000 110 72 24
59 14 23 17 10 11 25 32 24 8 33
60 3 7 4 4 5 5 4 6 9 3
61 3 6 100000 2 6 4 7 7 4 8
62 8 20 13 100000 10 3 21 100000 100000 15
63 16 39 17 23 25 32 3 30 19 11
64 33 24 67 33 41 32 34 7 79 100000
65 8 22 5 13 11 20 9 2 13 100000
66 18 52 23 41 100000 100000 42 41 20 28
67 10 5 28 2 21 8 4 12 30 17
68 14 42 20 28 17 100000 36 5 7 20
69 28 36 69 13 100000 52 78 66 13 100000
70 11 11 2 11 9 100000 5 7 13 25
71 118 82 29 50 100000 100000 262 89 68 167
72 25 69 25 74 35 51 62 71 100000 28
73 40 106 31 55 85 100000 100000 80 100000 2
74 40 66 82 100000 78 61 110 100000 15 101
75 101 67 140 264 10 215 197 70 170 188
76 5 2 6 100000 11 2 8 2 2 3
77 28 44 28 23 100000 28 100000 8 100000 82
78 8 9 23 6 18 100000 4 12 8 100000
79 111 207 167 61 64 100000 137 174 28 100000
80 7 14 16 10 4 10 11 5 18 5
81 26 63 17 70 38 9 30 61 26 70
82 10 2 26 28 100000 100000 18 4 19 15
83 21 58 26 20 57 61 54 26 59 100000
84 26 66 26 76 60 34 72 34 43 63
85 20 32 56 25 100000 20 16 100000 32 39
86 21 38 100000 15 33 26 40 28 100000 100000
87 47 43 72 100000 72 14 100000 102 46 109
88 23 9 5 25 41 31 54 24 42 38
89 13 25 25 11 100000 9 6 100000 37 23
90 19 26 47 36 17 100000 100000 3 100000 2
91 115 32 32 211 97 115 342 42 269 42
92 35 22 4 61 100000 7 24 32 99 63
93 26 23 23 70 32 15 6 16 28 66
94 46 61 105 24 19 22 23 31 72 64
95 20 100000 24 54 25 100000 39 3 27 4
96 31 67 53 8 33 56 53 54 100000 50
97 19 10 100000 52 42 16 12 13 23 100000
98 34 76 6 86 49 83 87 37 54 62
99 51 123 79 41 129 91 117 66 36 79
100 39 61 67 100000 17 83 112 110 14 79
101 30 14 65 12 84 41 47 54 5 83
102 26 100000 23 43 100000 39 13 64 26 50
103 13 26 30 24 36 24 20 39 34 4
104 45 16 84 124 2 60 30 79 45 119
105 58 110 94 134 158 3 160 89 132 105
106 28 23 53 2 48 8 48 100000 100000 100000
107 8 17 4 10 12 3 5 8 14 2
108 43 52 65 114 45 84 18 80 100000 117
109 40 85 59 100000 49 87 68 70 22 40
110 34 81 78 23 98 52 58 68 19 36
111 23 6 60 5 62 100000 42 55 57 100000
112 162 100000 428 428 151 180 69 117 74 471
113 11 7 29 26 6 28 9 100000 4 22
114 19 27 56 9 16 49 29 8 21 49
115 14 28 9 37 25 26 41 40 40 100000
116 31 72 37 64 100000 100000 8 6 83 76
117 32 50 90 26 94 34 16 100000 83 22
118 26 51 58 6 78 21 63 76 100000 62
119 55 163 162 26 96 145 62 12 134 83
120 31 87 74 21 100000 32 100000 37 70 44
121 32 100000 10 58 12 44 66 31 83 65
122 26 7 66 5 63 21 4 6 39 61
123 19 7 14 23 46 16 100000 49 100000 12
124 14 20 100000 19 34 25 38 5 41 32
125 19 52 21 38 42 40 6 57 14 53
126 48 83 77 81 64 71 64 62 117 133
127 55 124 93 24 73 131 163 6 6 45
128 8 19 9 14 15 17 22 18 24 20
129 11 8 30 18 3 23 21 23 16 30
130 27 64 29 79 61 10 15 30 80 32
131 18 46 38 27 12 2 37 53 2 5
132 36 63 100000 98 45 79 96 92 105 26
133 23 53 100000 47 6 23 41 41 6 100000
134 20 49 2 44 29 2 8 13 19 25
135 46 33 128 54 13 76 20 75 80 124
136 64 100000 72 165 137 135 161 58 104 135
137 22 65 66 44 13 26 54 4 65 41
138 15 2 29 39 12 2 9 20 19 24
139 34 75 77 9 100000 75 100000 82 57 52
140 22 6 19 49 45 27 52 48 65 100000
141 151 100000 354 146 168 335 281 345 15 186
142 148 100000 236 302 100000 347 280 440 23 320
143 64 140 47 135 37 152 100000 75 161 184
144 170 100000 149 367 100000 159 474 159 164 500
145 137 30 296 91 100000 186 100000 108 100000 276
146 64 74 152 45 28 95 104 188 74 12
147 78 73 43 215 118 80 225 199 73 148
148 78 108 190 113 31 97 169 185 13 92
<task directions>
1 E
2 E
3 E
4 E
5 E
6 E
7 E
8 E
9 E
10 E
11 E
12 E
13 E
14 E
15 L
16 R
17 E
18 L
19 R
20 E
21 R
22 L
23 L
24 R
25 R
26 R
27 L
28 L
29 E
30 R
31 E
32 L
33 R
34 L
35 R
36 R
37 R
38 R
39 R
40 R
41 R
42 L
43 L
44 L
45 L
46 L
47 L
48 E
49 L
50 E
51 L
52 L
53 L
54 L
55 R
56 E
57 L
58 L
59 E
60 E
61 E
62 E
63 E
64 R
65 E
66 E
67 E
68 E
69 R
70 R
71 R
72 R
73 E
74 E
75 E
76 E
77 E
78 E
79 E
80 E
81 E
82 E
83 E
84 E
85 E
86 E
87 E
88 E
89 E
90 E
91 E
92 E
93 L
94 E
95 E
96 E
97 E
98 E
99 E
100 E
101 E
102 E
103 E
104 E
105 E
106 E
107 E
108 E
109 E
110 E
111 E
112 L
113 L
114 E
115 E
116 E
117 E
118 E
119 E
120 E
121 E
122 E
123 E
124 E
125 E
126 E
127 E
128 L
129 L
130 L
131 L
132 E
133 L
134 R
135 E
136 E
137 L
138 E
139 E
140 E
141 L
142 R
143 L
144 L
145 R
146 R
147 L
148 R
<precedence relations>
1,5
1,6
1,7
1,8
2,3
3,4
3,5
3,6
3,7
4,8
5,14
6,9
7,14
8,10
9,14
10,14
11,12
12,13
14,15
14,16
15,17
16,17
17,18
17,19
18,20
19,20
20,21
20,22
20,23
20,24
21,25
21,26
21,27
21,28
22,25
22,26
22,27
22,28
23,25
23,26
23,27
23,28
24,25
24,26
24,27
24,28
25,29
26,29
27,29
28,29
29,31
31,36
32,34
33,35
34,36
35,36
36,37
37,38
37,45
38,39
39,40
40,41
40,48
40,55
42,43
43,44
45,46
46,47
47,48
47,49
47,55
50,51
51,53
51,69
52,53
54,133
55,54
55,72
55,76
55,87
55,88
56,73
57,79
58,84
58,86
59,75
59,87
61,62
62,63
63,67
64,65
64,71
64,72
65,66
65,99
66,67
67,68
68,95
68,98
69,82
70,71
72,134
73,84
73,86
73,87
73,88
73,96
74,75
75,88
75,97
76,77
77,78
78,79
79,80
80,81
81,106
82,83
82,89
82,143
82,146
84,85
88,111
89,90
90,79
91,105
92,135
95,101
96,104
98,101
99,100
100,101
101,102
101,103
102,127
103,127
105,119
106,107
107,108
108,109
109,110
111,112
112,113
113,114
113,116
113,120
113,123
113,128
114,115
115,125
116,117
117,118
118,126
120,121
121,122
122,126
123,124
124,125
128,129
129,130
130,131
130,137
132,135
133,135
134,135
135,136
138,139
139,140
141,142
142,143
142,146
142,147
142,148
144,145
145,147
145,148
<end>