<number of tasks>
148
<number of mated-station>
12
<number of workers>
24
<task times>
1 16 12 100000 10 1 7 4 100000 14 2 10 14 5 7 8 13 6 12 4 13 5 14 13 13
2 30 25 4 18 20 19 21 27 100000 14 7 6 7 18 20 20 10 100000 29 25 21 23 23 25
3 7 7 3 4 5 2 5 6 6 3 5 4 5 6 3 6 5 2 100000 5 7 2 4 2
4 47 10 28 18 25 13 18 18 37 100000 4 41 18 100000 13 100000 19 13 35 46 44 41 4 100000
5 29 21 21 22 18 4 21 6 3 10 18 7 12 20 16 12 7 100000 9 12 100000 24 7 2
6 8 2 4 4 2 7 2 6 2 2 3 1 4 6 7 6 1 100000 100000 4 8 6 100000 3
7 39 28 25 4 22 1 25 28 21 28 9 25 6 13 3 37 100000 33 29 100000 36 33 15 34
8 37 17 16 16 37 12 33 4 32 25 36 100000 24 34 100000 9 12 18 1 9 3 11 14 18
9 32 8 19 25 16 22 25 14 100000 100000 2 14 12 17 19 14 21 100000 30 25 19 23 7 19
10 29 100000 4 12 21 4 22 100000 22 17 4 5 20 19 16 21 24 26 16 15 9 25 6 4
11 17 11 16 8 3 15 2 15 5 10 6 13 8 13 4 100000 10 2 9 12 6 13 12 100000
12 11 7 7 4 10 100000 4 2 2 9 9 9 5 3 5 5 3 5 4 4 5 4 3 2
13 32 32 10 24 20 5 14 19 100000 11 16 25 1 16 8 100000 16 3 30 5 1 31 21 17
14 15 9 15 13 14 3 10 100000 10 1 3 12 7 12 15 7 11 3 11 10 11 9 14 6
15 53 21 100000 46 50 39 13 44 100000 29 24 36 22 35 46 20 6 8 2 3 2 7 26 35
16 53 17 48 15 8 47 20 34 10 24 37 44 47 40 7 48 31 41 9 18 4 22 5 11
17 8 100000 6 2 100000 6 5 2 3 4 2 5 6 5 8 100000 2 100000 100000 8 8 2 3 7
18 24 100000 23 21 12 21 7 11 19 10 17 24 14 9 15 19 23 7 23 14 6 1 100000 4
19 24 8 9 21 8 8 23 1 3 9 18 22 13 13 5 100000 4 2 9 21 24 15 13 15
20 8 6 100000 3 1 7 2 3 100000 4 2 4 100000 4 2 7 3 100000 4 2 4 7 6 7
21 7 2 2 1 1 100000 4 3 5 100000 3 3 7 3 4 3 2 3 2 5 6 2 1 100000
22 8 8 5 6 1 100000 6 1 3 4 5 2 7 100000 7 100000 4 2 2 100000 5 4 5 1
23 14 10 12 2 3 6 13 10 2 6 10 8 100000 14 12 6 4 8 9 12 8 8 2 100000
24 13 7 7 13 6 9 6 9 100000 100000 7 7 7 9 9 9 10 2 8 7 10 3 13 6
25 10 100000 2 8 3 100000 100000 100000 100000 6 100000 5 4 4 6 9 6 6 6 9 9 2 2 1
26 25 2 100000 5 13 8 8 100000 12 100000 18 22 10 19 16 13 7 16 13 4 5 2 21 16
27 11 100000 9 8 10 6 11 10 100000 2 8 6 6 4 5 5 7 6 7 6 10 10 100000 3
28 25 100000 100000 21 18 100000 24 4 20 23 9 11 8 2 3 15 18 13 25 17 11 3 14 9
29 11 10 2 3 2 7 5 2 10 5 7 1 6 10 100000 8 2 100000 7 9 11 9 10 1
30 29 26 12 5 16 8 22 23 100000 100000 9 4 27 7 6 25 6 8 7 5 4 16 7 27
31 25 6 20 24 15 21 9 13 12 25 17 22 24 7 6 15 100000 25 5 100000 19 6 22 13
32 10 3 10 9 4 6 6 6 100000 4 6 2 100000 100000 5 2 8 5 4 6 1 4 6 1
33 14 4 3 8 8 6 13 12 3 7 2 8 2 9 11 13 8 12 100000 2 14 12 7 5
34 41 11 7 100000 35 28 30 33 10 31 3 41 100000 7 39 100000 39 11 16 39 100000 36 37 100000
35 42 14 16 18 100000 25 20 35 6 29 33 32 15 42 100000 14 32 16 14 20 17 6 100000 28
36 47 100000 4 18 32 42 44 26 36 100000 6 32 20 10 33 44 24 36 47 41 18 15 7 46
37 7 3 3 7 1 1 7 4 5 5 4 6 6 2 6 4 2 100000 2 3 4 3 3 2
38 80 31 50 59 39 100000 100000 36 18 8 48 21 74 100000 100000 44 4 7 60 57 100000 38 100000 2
39 7 6 4 3 2 5 2 6 3 2 7 5 7 2 100000 100000 3 1 3 5 7 5 4 7
40 41 29 29 26 100000 1 100000 3 7 20 5 25 100000 30 7 23 26 30 19 100000 37 100000 23 8
41 47 5 33 30 29 17 16 8 25 25 2 1 26 41 100000 28 40 39 45 43 26 37 32 22
42 16 7 6 11 7 12 10 8 4 5 2 12 11 100000 4 100000 100000 100000 7 9 100000 8 3 7
43 32 8 19 24 100000 14 100000 25 5 19 15 100000 8 25 18 3 10 16 22 16 30 29 10 31
44 66 52 26 30 48 17 25 43 28 30 48 27 18 19 60 15 31 100000 60 47 24 43 55 14
45 80 51 65 21 79 44 60 2 100000 44 53 60 4 47 25 16 75 79 41 10 18 72 100000 11
46 7 7 4 3 4 100000 2 7 4 3 2 100000 6 5 3 5 6 2 100000 3 3 3 4 100000
47 41 100000 33 16 39 27 20 36 20 32 18 36 100000 38 21 15 29 20 31 34 10 100000 29 23
48 13 8 11 10 1 4 10 5 5 100000 9 4 5 9 3 10 4 6 5 5 11 4 11 100000
49 47 29 38 7 45 26 12 18 24 18 33 6 100000 24 41 100000 2 100000 22 36 7 30 29 42
50 33 13 21 2 100000 21 5 14 19 15 20 15 5 24 3 30 4 17 16 33 11 100000 13 4
51 34 8 11 34 100000 6 2 8 24 4 2 21 27 15 31 8 4 32 100000 18 25 100000 5 18
52 11 2 4 100000 4 8 9 2 7 9 8 10 4 100000 100000 9 5 5 10 2 10 6 5 9
53 118 85 103 111 100000 62 2 62 83 98 23 48 7 116 109 22 62 54 60 23 96 60 100000 37
54 25 22 10 7 17 22 11 100000 21 1 13 23 24 18 24 14 3 5 22 19 3 100000 100000 5
55 7 2 4 4 6 7 2 4 6 2 5 6 6 6 4 5 5 5 3 5 5 3 6 5
56 28 19 21 26 21 2 12 18 8 100000 7 18 9 21 7 12 11 12 4 9 19 7 100000 28
57 12 1 5 5 4 2 10 2 3 4 10 2 10 7 6 9 11 4 2 9 10 100000 3 11
58 52 28 5 24 100000 7 15 29 44 31 35 19 100000 18 24 14 45 48 24 39 100000 100000 24 44
59 14 4 7 3 4 100000 10 13 3 3 5 5 1 8 10 7 2 7 2 7 6 100000 9 5
60 3 1 2 2 3 1 1 1 2 3 3 1 3 2 1 2 1 2 3 3 2 3 3 2
61 3 3 2 3 3 2 2 3 2 1 1 2 3 2 3 1 1 1 1 2 2 2 2 1
62 8 6 100000 5 100000 1 6 6 100000 5 5 3 8 5 2 8 5 7 4 1 100000 100000 2 100000
63 16 6 14 100000 15 12 6 14 5 8 15 11 9 1 14 7 10 3 13 6 5 7 4 9
64 33 22 29 100000 11 6 3 100000 7 29 12 29 7 26 3 10 10 100000 15 5 8 12 9 100000
65 8 8 8 3 1 7 100000 7 5 3 7 100000 3 6 6 2 2 7 7 6 6 5 7 100000
66 18 5 11 10 15 5 5 10 16 1 8 12 15 7 10 7 8 100000 5 100000 10 12 9 6
67 10 6 8 100000 6 4 100000 6 7 3 3 1 5 6 4 5 5 3 6 2 6 1 9 9
68 14 8 10 10 2 13 9 9 13 9 6 7 9 7 7 2 14 10 1 12 6 12 7 9
69 28 11 21 21 15 15 12 13 19 12 13 3 16 9 7 100000 27 100000 5 12 11 2 8 100000
70 11 8 10 11 10 100000 6 11 6 2 3 5 8 3 10 10 100000 100000 5 6 10 3 10 9
71 118 62 26 113 107 42 10 117 34 8 76 100000 36 27 51 43 76 30 43 100000 100000 74 43 69
72 25 2 100000 22 23 7 15 22 16 13 100000 17 25 11 20 10 19 10 100000 6 6 100000 2 5
73 40 21 13 17 37 28 20 18 12 17 20 100000 13 100000 2 16 30 21 30 9 16 29 12 33
74 40 100000 14 6 36 12 33 22 13 23 100000 22 3 12 38 100000 2 15 4 100000 37 31 2 39
75 101 96 100000 55 47 50 31 100 40 75 42 50 100000 52 97 94 95 3 100000 86 72 35 89 46
76 5 4 2 100000 3 1 5 3 100000 3 100000 4 3 2 2 3 4 4 3 2 4 3 4 4
77 28 6 24 23 12 17 2 100000 24 21 100000 15 8 27 13 9 8 13 2 100000 23 27 24 20
78 8 4 2 3 100000 8 100000 3 3 5 3 7 7 7 7 2 4 3 100000 2 1 7 100000 3
79 111 99 87 21 35 56 106 100000 71 26 19 13 32 25 38 100000 31 110 53 13 99 100000 70 98
80 7 5 2 2 100000 3 1 1 2 100000 4 5 1 3 3 5 6 3 6 2 5 100000 3 4
81 26 21 26 7 25 18 11 100000 15 24 7 11 18 5 22 13 22 22 24 100000 23 4 4 14
82 10 2 2 100000 6 7 9 7 3 3 3 6 9 9 7 4 100000 10 10 100000 7 7 2 8
83 21 100000 19 9 6 7 7 13 3 13 10 100000 17 4 100000 16 20 11 100000 14 2 11 2 14
84 26 20 9 19 3 18 20 19 21 11 14 9 21 4 9 7 24 12 5 10 6 100000 7 100000
85 20 17 10 3 3 100000 11 17 12 12 8 11 1 11 6 100000 14 16 8 15 4 9 15 2
86 21 6 9 15 100000 9 15 3 11 4 100000 16 17 100000 9 15 100000 100000 9 8 16 17 8 6
87 47 100000 34 3 40 39 9 40 42 31 10 34 41 100000 45 100000 33 26 25 100000 18 7 47 38
88 23 12 16 19 6 100000 20 16 13 7 21 17 6 18 18 18 9 23 100000 6 8 21 9 10
89 13 6 9 4 8 13 8 100000 12 2 3 1 4 4 9 12 8 100000 8 5 7 100000 5 8
90 19 6 4 17 9 18 16 8 100000 17 13 17 9 6 12 10 100000 7 7 7 19 4 100000 19
91 115 15 9 76 85 18 31 75 17 101 96 100000 31 35 112 44 36 52 100000 76 59 3 28 66
92 35 34 2 18 20 11 4 19 6 22 7 26 12 10 6 32 34 15 8 25 26 18 27 15
93 26 20 6 8 100000 19 23 100000 24 19 26 13 14 100000 25 17 6 9 23 21 9 2 19 100000
94 46 19 37 27 23 44 44 27 100000 14 9 22 28 36 7 21 42 44 43 100000 40 19 37 43
95 20 5 16 7 16 10 5 9 10 13 15 3 5 100000 9 7 12 12 13 2 20 19 7 6
96 31 27 10 22 24 6 21 4 26 11 15 28 13 6 23 17 29 13 7 29 26 2 100000 9
97 19 13 13 15 100000 5 3 12 6 10 15 7 16 9 10 9 14 9 8 100000 11 11 18 9
98 34 28 21 23 7 22 2 7 100000 100000 10 9 18 11 6 31 26 20 4 7 15 7 15 21
99 51 14 31 2 3 23 26 30 18 29 7 31 48 100000 35 6 26 50 19 14 32 50 34 26
100 39 27 37 30 17 20 18 12 6 25 11 34 8 7 38 22 15 37 9 37 21 20 24 16
101 30 24 8 10 100000 11 14 29 27 26 4 17 13 13 29 7 9 6 29 100000 18 21 17 10
102 26 8 12 24 15 7 100000 3 100000 11 4 100000 10 9 18 19 6 100000 5 20 9 100000 100000 2
103 13 5 8 3 6 3 10 12 3 10 7 9 11 6 4 100000 7 100000 10 10 4 6 10 8
104 45 28 43 18 22 10 2 40 44 27 38 26 39 25 29 23 26 43 34 22 13 27 42 23
105 58 36 100000 30 39 8 57 37 10 32 30 20 100000 22 49 12 20 26 100000 57 34 48 14 31
106 28 21 20 2 19 19 24 1 11 3 23 23 26 16 27 9 3 5 8 15 5 12 2 25
107 8 6 2 5 100000 5 2 2 2 1 7 1 3 5 6 2 100000 5 1 6 8 6 1 5
108 43 21 25 100000 33 19 100000 27 100000 23 38 25 36 35 12 18 100000 22 10 23 29 11 32 100000
109 40 37 21 26 21 10 39 15 27 29 38 36 26 12 7 14 40 8 4 29 19 17 34 38
110 34 23 16 13 25 28 21 3 34 100000 100000 5 28 23 19 3 100000 28 26 22 11 32 100000 27
111 23 14 12 2 17 100000 7 12 14 9 12 21 4 6 14 4 100000 9 22 22 9 100000 10 8
112 162 14 12 91 12 12 91 112 100000 131 61 17 100000 120 80 115 99 27 36 59 100000 96 90 100000
113 11 2 8 3 8 9 9 6 4 8 5 11 8 6 100000 5 10 8 10 2 4 3 7 3
114 19 18 16 6 9 6 12 15 15 11 13 5 3 9 6 2 10 15 17 3 13 5 17 17
115 14 7 11 9 10 12 5 6 12 11 13 100000 5 4 7 6 12 7 5 4 3 4 3 9
116 31 27 4 26 3 8 100000 17 11 27 30 15 2 25 18 12 12 22 19 20 28 24 22 22
117 32 6 25 7 30 16 23 13 100000 2 5 9 2 10 19 30 7 17 30 25 27 25 21 5
118 26 16 7 4 100000 7 24 20 2 100000 100000 12 2 21 21 8 9 3 25 9 100000 20 7 5
119 55 100000 2 14 11 17 7 32 15 24 52 32 14 26 26 34 49 18 100000 100000 31 52 47 42
120 31 30 100000 18 13 27 22 8 11 11 100000 13 15 4 12 20 22 29 6 3 15 9 13 10
121 32 10 6 19 15 10 28 1 29 16 6 100000 25 17 16 23 21 2 100000 28 10 15 6 29
122 26 16 15 5 4 26 20 19 100000 8 18 6 10 2 22 100000 3 16 2 100000 4 4 12 100000
123 19 100000 14 6 12 14 18 8 11 3 4 17 12 2 7 15 12 3 12 9 2 13 7 100000
124 14 5 8 9 12 7 10 5 5 2 13 8 7 10 12 3 13 9 12 11 8 100000 11 9
125 19 14 100000 4 9 10 9 14 7 14 100000 9 1 19 8 3 100000 5 2 2 12 4 100000 2
126 48 12 100000 16 12 31 1 5 43 11 41 23 8 13 12 100000 25 42 1 40 40 45 17 28
127 55 18 100000 46 54 100000 34 100000 44 17 13 43 13 23 43 16 52 46 9 2 49 33 43 28
128 8 8 8 6 5 4 8 4 6 3 8 5 3 4 7 3 4 5 5 5 3 3 5 8
129 11 8 4 7 9 7 3 6 8 6 100000 6 4 7 4 4 6 10 100000 10 9 11 3 8
130 27 11 12 4 15 24 21 13 13 25 17 24 24 2 11 17 100000 13 12 15 1 18 17 27
131 18 3 12 100000 6 12 14 17 100000 2 15 18 17 9 14 4 8 3 14 100000 8 100000 6 3
132 36 26 35 10 10 22 100000 5 12 3 33 4 4 7 31 100000 27 25 7 100000 9 15 34 27
133 23 20 18 18 20 12 17 7 3 13 18 100000 19 16 19 16 16 6 7 15 10 10 5 20
134 20 5 18 2 8 17 13 18 6 2 100000 3 13 19 14 5 3 7 4 19 14 3 16 19
135 46 40 8 8 42 25 4 26 8 4 24 43 5 24 12 28 43 21 12 100000 7 40 44 39
136 64 37 7 35 56 22 27 9 36 100000 19 18 24 4 100000 15 44 36 39 36 32 40 41 7
137 22 19 4 8 12 18 5 10 10 19 14 21 100000 22 9 7 17 5 3 16 9 100000 12 14
138 15 11 100000 7 6 10 11 10 8 12 14 4 13 9 10 15 9 6 10 14 2 14 4 12
139 34 5 11 7 33 26 4 13 7 34 30 25 10 34 3 16 6 25 31 16 19 100000 16 9
140 22 10 7 22 3 7 21 8 100000 18 13 9 14 19 21 9 19 5 4 100000 22 6 16 2
141 151 100000 141 33 148 30 100000 104 43 112 34 45 72 111 61 100000 58 81 12 75 36 52 51 114
142 148 127 48 101 117 30 14 100000 64 100000 39 99 64 139 100000 61 64 75 8 89 13 94 86 127
143 64 26 45 56 29 55 24 25 36 37 10 100000 4 15 25 100000 56 56 10 10 41 44 38 50
144 170 114 86 21 62 129 16 28 100000 140 53 96 111 150 119 123 25 70 114 75 170 6 38 25
145 137 73 5 58 57 81 106 58 69 126 100000 83 98 88 100000 62 57 77 102 114 99 80 39 46
146 64 25 17 100000 13 100000 26 35 48 48 46 25 37 41 33 22 9 8 42 10 19 24 2 26
147 78 63 37 33 27 22 29 27 58 25 66 63 70 43 51 75 75 48 21 40 37 54 33 54
148 78 13 6 9 29 42 39 27 39 9 71 20 25 51 72 46 100000 74 26 66 63 36 69 65
<task directions>
1 E
2 E
3 E
4 E
5 E
6 E
7 E
8 E
9 E
10 E
11 E
12 E
13 E
14 E
15 L
16 R
17 E
18 L
19 R
20 E
21 R
22 L
23 L
24 R
25 R
26 R
27 L
28 L
29 E
30 R
31 E
32 L
33 R
34 L
35 R
36 R
37 R
38 R
39 R
40 R
41 R
42 L
43 L
44 L
45 L
46 L
47 L
48 E
49 L
50 E
51 L
52 L
53 L
54 L
55 R
56 E
57 L
58 L
59 E
60 E
61 E
62 E
63 E
64 R
65 E
66 E
67 E
68 E
69 R
70 R
71 R
72 R
73 E
74 E
75 E
76 E
77 E
78 E
79 E
80 E
81 E
82 E
83 E
84 E
85 E
86 E
87 E
88 E
89 E
90 E
91 E
92 E
93 L
94 E
95 E
96 E
97 E
98 E
99 E
100 E
101 E
102 E
103 E
104 E
105 E
106 E
107 E
108 E
109 E
110 E
111 E
112 L
113 L
114 E
115 E
116 E
117 E
118 E
119 E
120 E
121 E
122 E
123 E
124 E
125 E
126 E
127 E
128 L
129 L
130 L
131 L
132 E
133 L
134 R
135 E
136 E
137 L
138 E
139 E
140 E
141 L
142 R
143 L
144 L
145 R
146 R
147 L
148 R
<precedence relations>
1,5
1,6
1,7
1,8
2,3
3,4
3,5
3,6
3,7
4,8
5,14
6,9
7,14
8,10
9,14
10,14
11,12
12,13
14,15
14,16
15,17
16,17
17,18
17,19
18,20
19,20
20,21
20,22
20,23
20,24
21,25
21,26
21,27
21,28
22,25
22,26
22,27
22,28
23,25
23,26
23,27
23,28
24,25
24,26
24,27
24,28
25,29
26,29
27,29
28,29
29,31
31,36
32,34
33,35
34,36
35,36
36,37
37,38
37,45
38,39
39,40
40,41
40,48
40,55
42,43
43,44
45,46
46,47
47,48
47,49
47,55
50,51
51,53
51,69
52,53
54,133
55,54
55,72
55,76
55,87
55,88
56,73
57,79
58,84
58,86
59,75
59,87
61,62
62,63
63,67
64,65
64,71
64,72
65,66
65,99
66,67
67,68
68,95
68,98
69,82
70,71
72,134
73,84
73,86
73,87
73,88
73,96
74,75
75,88
75,97
76,77
77,78
78,79
79,80
80,81
81,106
82,83
82,89
82,143
82,146
84,85
88,111
89,90
90,79
91,105
92,135
95,101
96,104
98,101
99,100
100,101
101,102
101,103
102,127
103,127
105,119
106,107
107,108
108,109
109,110
111,112
112,113
113,114
113,116
113,120
113,123
113,128
114,115
115,125
116,117
117,118
118,126
120,121
121,122
122,126
123,124
124,125
128,129
129,130
130,131
130,137
132,135
133,135
134,135
135,136
138,139
139,140
141,142
142,143
142,146
142,147
142,148
144,145
145,147
145,148
<end>