<number of tasks>
148
<number of mated-station>
7
<number of workers>
14
<task times>
1 16 8 13 11 7 3 13 39 20 100000 39 47 41 21
2 30 62 86 43 33 10 24 66 29 62 54 41 100000 44
3 7 100000 15 20 13 2 12 7 16 14 9 15 3 19
4 47 50 42 36 23 117 50 28 9 116 7 15 100000 7
5 29 15 30 65 36 26 28 42 5 32 75 8 27 74
6 8 100000 23 24 15 7 4 4 21 100000 15 15 2 5
7 39 52 29 25 86 60 100000 57 7 62 16 54 96 96
8 37 51 81 58 45 42 33 43 100000 54 53 33 100000 107
9 32 62 100000 49 49 89 44 81 11 77 85 42 75 24
10 29 51 37 60 100000 73 38 44 100000 66 61 47 87 24
11 17 100000 33 41 3 20 45 7 27 17 48 100000 18 45
12 11 9 33 17 13 11 25 9 100000 12 22 3 20 21
13 32 61 49 2 20 95 82 38 72 100000 88 3 59 78
14 15 36 42 100000 29 100000 11 42 3 29 18 2 100000 24
15 53 100000 124 142 75 157 59 69 53 53 14 56 48 110
16 53 37 126 118 99 105 115 86 39 94 18 44 154 151
17 8 1 15 9 22 14 12 14 4 19 13 1 3 7
18 24 32 17 31 21 25 61 27 10 47 100000 30 44 100000
19 24 70 56 3 47 54 100000 61 57 57 11 36 3 100000
20 8 8 23 100000 12 22 8 17 100000 5 100000 3 7 21
21 7 5 12 100000 100000 20 7 13 20 100000 8 17 100000 15
22 8 23 22 15 18 2 18 4 8 3 100000 21 18 15
23 14 100000 8 100000 25 15 19 33 13 15 42 38 27 8
24 13 26 100000 26 38 20 11 7 13 34 100000 34 10 2
25 10 9 16 15 25 14 27 27 7 10 100000 11 20 17
26 25 57 20 20 31 5 37 100000 10 100000 62 51 55 31
27 11 3 11 18 23 8 29 21 14 14 17 13 21 5
28 25 17 100000 31 7 100000 4 100000 56 74 17 34 35 5
29 11 24 30 24 10 15 27 30 10 21 29 11 13 4
30 29 82 46 100000 72 44 53 76 47 2 70 73 16 59
31 25 50 12 20 7 71 17 25 42 61 59 39 34 54
32 10 100000 2 21 29 21 12 8 100000 12 13 18 12 28
33 14 4 6 5 15 6 100000 100000 22 37 40 100000 10 14
34 41 14 97 112 38 100000 106 58 77 83 121 32 8 119
35 42 84 74 111 74 111 14 87 100000 105 32 9 109 11
36 47 32 72 135 42 68 91 29 134 120 100000 75 5 96
37 7 15 13 6 14 4 11 10 2 5 4 18 15 5
38 80 137 240 183 230 3 66 154 97 240 77 100000 20 135
39 7 16 18 3 11 1 3 20 3 21 7 12 17 14
40 41 85 100 51 100 7 86 10 40 49 116 40 100000 96
41 47 70 95 106 35 141 54 81 7 119 33 100000 106 23
42 16 42 35 17 9 24 47 21 17 43 44 4 36 45
43 32 14 78 23 17 73 79 50 73 100000 22 50 55 29
44 66 15 129 166 60 186 66 94 44 161 165 129 111 66
45 80 149 100000 100000 51 233 100000 58 147 58 63 99 100000 15
46 7 4 5 12 3 5 18 19 8 6 8 14 2 4
47 41 57 46 108 90 67 112 99 68 14 56 103 16 122
48 13 17 25 34 39 4 7 11 100000 15 9 34 2 34
49 47 123 57 67 100000 47 22 54 137 100000 106 119 74 64
50 33 70 23 61 2 69 64 40 37 68 33 42 86 43
51 34 32 79 48 97 94 60 7 22 100000 43 84 67 83
52 11 5 4 25 2 17 8 9 30 27 100000 28 100000 26
53 118 36 238 33 220 230 340 276 8 36 312 47 280 100000
54 25 100000 19 17 56 74 100000 39 12 55 70 36 22 28
55 7 100000 3 21 14 5 3 12 8 15 4 2 9 14
56 28 83 59 69 37 61 81 40 23 32 47 33 31 100000
57 12 14 12 10 21 3 9 13 33 24 33 30 26 8
58 52 58 150 141 35 82 111 147 34 122 69 34 127 100000
59 14 15 37 24 34 42 16 4 100000 100000 18 100000 13 39
60 3 8 7 9 100000 5 100000 4 6 7 5 3 8 8
61 3 2 2 4 8 1 3 2 100000 2 5 2 8 8
62 8 13 18 100000 12 9 12 15 6 12 2 11 4 100000
63 16 23 11 34 30 20 35 10 20 36 39 45 18 21
64 33 13 69 78 75 49 42 76 52 67 88 6 81 55
65 8 4 100000 17 24 12 14 18 4 20 100000 23 11 20
66 18 33 15 2 52 100000 47 11 39 42 46 48 39 45
67 10 2 24 3 27 29 20 16 22 29 20 6 12 28
68 14 2 37 23 14 31 22 26 4 6 22 40 11 12
69 28 20 2 44 20 24 31 68 77 100000 31 74 19 18
70 11 11 100000 2 25 27 31 1 23 25 2 13 5 100000
71 118 22 114 125 206 209 100000 8 117 315 40 170 269 8
72 25 57 58 51 67 25 100000 8 73 24 64 20 28 29
73 40 49 40 37 101 63 87 38 19 89 90 84 90 12
74 40 51 18 107 66 100000 100000 62 62 18 74 93 100000 3
75 101 28 255 167 291 297 70 40 279 261 119 200 113 137
76 5 13 15 10 10 12 14 9 3 12 12 11 7 2
77 28 29 45 55 25 100000 31 28 3 100000 83 71 16 80
78 8 21 20 17 15 18 17 17 9 23 3 21 21 2
79 111 310 11 243 54 94 323 267 240 253 210 237 300 100000
80 7 10 100000 100000 100000 13 13 8 16 11 2 100000 19 7
81 26 28 17 54 4 29 60 53 3 11 37 27 25 36
82 10 14 100000 28 29 10 10 16 5 21 4 25 25 29
83 21 53 52 38 100000 21 20 25 17 100000 62 59 23 18
84 26 19 46 20 50 64 76 47 42 72 100000 73 30 49
85 20 41 7 13 11 2 10 6 49 29 52 20 60 54
86 21 8 40 100000 3 36 18 39 57 10 3 100000 63 100000
87 47 85 98 15 40 36 32 107 21 140 123 67 68 39
88 23 52 100000 28 44 64 100000 100000 44 55 59 30 6 100000
89 13 13 38 28 27 30 16 29 37 26 20 10 100000 26
90 19 100000 47 27 32 40 54 49 100000 53 14 25 5 2
91 115 32 94 307 100000 100000 87 15 59 249 235 159 290 100000
92 35 35 99 79 84 100 100000 91 29 72 42 39 78 59
93 26 69 62 77 29 37 100000 100000 71 23 24 9 4 16
94 46 46 135 93 39 72 46 83 104 48 23 38 93 100000
95 20 28 36 25 6 59 32 54 59 7 100000 22 4 3
96 31 34 100000 41 89 100000 7 23 2 37 71 81 100000 83
97 19 36 43 41 13 7 34 43 47 100000 23 41 26 39
98 34 85 73 84 24 10 91 44 43 54 10 38 60 81
99 51 10 120 75 54 15 127 57 100 33 3 135 117 57
100 39 7 18 16 95 90 47 116 23 40 117 100 38 25
101 30 27 10 2 75 53 100000 30 66 11 8 20 32 5
102 26 13 40 78 9 44 23 100000 4 59 7 18 62 100000
103 13 37 24 100000 38 2 7 23 39 15 37 26 38 7
104 45 100000 6 53 14 111 122 40 5 33 30 72 84 111
105 58 115 29 46 100000 146 172 55 100000 48 74 43 136 94
106 28 84 100000 68 68 84 18 72 72 80 27 29 28 61
107 8 6 6 15 21 4 7 100000 7 18 12 17 22 100000
108 43 128 121 124 100000 97 21 11 93 32 110 92 42 37
109 40 100000 9 100000 100000 19 59 44 6 72 21 30 32 6
110 34 24 75 41 86 66 16 52 87 28 84 100000 11 100000
111 23 14 44 35 10 40 2 100000 65 6 26 64 15 45
112 162 25 93 413 195 384 239 219 370 83 365 408 151 370
113 11 22 100000 19 31 32 21 32 19 9 20 21 12 100000
114 19 17 4 53 18 14 51 31 4 51 16 20 27 100000
115 14 5 11 32 31 29 40 100000 3 18 12 4 10 31
116 31 53 100000 88 44 8 28 100000 7 61 61 38 82 100000
117 32 38 85 82 96 49 100000 79 100000 75 26 55 100000 100000
118 26 100000 100000 74 56 61 69 65 3 76 71 20 22 100000
119 55 8 132 52 160 21 154 100000 104 113 100000 108 163 100000
120 31 86 82 58 93 62 41 53 61 77 28 88 6 43
121 32 71 84 7 14 84 61 86 62 59 39 22 66 74
122 26 76 63 16 55 9 12 36 29 15 62 10 47 29
123 19 23 3 46 56 100000 100000 100000 2 20 26 20 22 23
124 14 16 21 17 100000 35 35 24 27 22 37 2 19 19
125 19 23 42 55 100000 42 17 51 23 5 52 6 31 41
126 48 94 48 101 64 54 100000 110 100 107 80 17 125 58
127 55 53 47 103 67 116 14 100000 100000 67 6 98 100000 144
128 8 100000 24 14 21 9 6 4 18 21 4 3 100000 10
129 11 21 20 17 12 100000 100000 100000 21 29 8 12 24 27
130 27 17 77 9 12 42 63 16 15 60 23 34 19 100000
131 18 18 4 100000 49 3 31 5 49 100000 12 25 16 20
132 36 32 67 93 88 55 23 46 44 13 3 41 25 49
133 23 6 51 61 15 38 51 25 15 36 23 32 49 58
134 20 100000 42 15 48 27 27 11 42 11 26 32 2 32
135 46 28 39 91 12 49 67 59 126 23 23 113 116 82
136 64 49 30 152 161 14 12 30 37 100000 186 184 83 116
137 22 6 9 15 58 54 66 54 50 26 37 59 61 35
138 15 12 8 100000 40 17 25 39 100000 42 19 16 25 42
139 34 78 100000 63 100000 100000 31 85 40 35 65 30 66 7
140 22 100000 4 64 100000 55 22 47 6 100000 58 34 53 31
141 151 290 123 177 100000 155 87 218 128 155 317 10 119 132
142 148 129 316 152 81 100000 121 165 311 347 369 324 183 254
143 64 89 152 106 49 150 26 81 173 100000 49 75 114 100000
144 170 271 210 429 240 77 408 235 194 100000 296 429 342 469
145 137 99 87 259 104 173 100000 100000 407 407 104 100000 116 317
146 64 142 156 30 95 87 98 192 100000 51 75 68 47 100000
147 78 76 141 225 15 6 141 48 22 52 45 41 62 152
148 78 55 183 138 8 100000 206 94 192 76 183 204 76 34
<task directions>
1 E
2 E
3 E
4 E
5 E
6 E
7 E
8 E
9 E
10 E
11 E
12 E
13 E
14 E
15 L
16 R
17 E
18 L
19 R
20 E
21 R
22 L
23 L
24 R
25 R
26 R
27 L
28 L
29 E
30 R
31 E
32 L
33 R
34 L
35 R
36 R
37 R
38 R
39 R
40 R
41 R
42 L
43 L
44 L
45 L
46 L
47 L
48 E
49 L
50 E
51 L
52 L
53 L
54 L
55 R
56 E
57 L
58 L
59 E
60 E
61 E
62 E
63 E
64 R
65 E
66 E
67 E
68 E
69 R
70 R
71 R
72 R
73 E
74 E
75 E
76 E
77 E
78 E
79 E
80 E
81 E
82 E
83 E
84 E
85 E
86 E
87 E
88 E
89 E
90 E
91 E
92 E
93 L
94 E
95 E
96 E
97 E
98 E
99 E
100 E
101 E
102 E
103 E
104 E
105 E
106 E
107 E
108 E
109 E
110 E
111 E
112 L
113 L
114 E
115 E
116 E
117 E
118 E
119 E
120 E
121 E
122 E
123 E
124 E
125 E
126 E
127 E
128 L
129 L
130 L
131 L
132 E
133 L
134 R
135 E
136 E
137 L
138 E
139 E
140 E
141 L
142 R
143 L
144 L
145 R
146 R
147 L
148 R
<precedence relations>
1,5
1,6
1,7
1,8
2,3
3,4
3,5
3,6
3,7
4,8
5,14
6,9
7,14
8,10
9,14
10,14
11,12
12,13
14,15
14,16
15,17
16,17
17,18
17,19
18,20
19,20
20,21
20,22
20,23
20,24
21,25
21,26
21,27
21,28
22,25
22,26
22,27
22,28
23,25
23,26
23,27
23,28
24,25
24,26
24,27
24,28
25,29
26,29
27,29
28,29
29,31
31,36
32,34
33,35
34,36
35,36
36,37
37,38
37,45
38,39
39,40
40,41
40,48
40,55
42,43
43,44
45,46
46,47
47,48
47,49
47,55
50,51
51,53
51,69
52,53
54,133
55,54
55,72
55,76
55,87
55,88
56,73
57,79
58,84
58,86
59,75
59,87
61,62
62,63
63,67
64,65
64,71
64,72
65,66
65,99
66,67
67,68
68,95
68,98
69,82
70,71
72,134
73,84
73,86
73,87
73,88
73,96
74,75
75,88
75,97
76,77
77,78
78,79
79,80
80,81
81,106
82,83
82,89
82,143
82,146
84,85
88,111
89,90
90,79
91,105
92,135
95,101
96,104
98,101
99,100
100,101
101,102
101,103
102,127
103,127
105,119
106,107
107,108
108,109
109,110
111,112
112,113
113,114
113,116
113,120
113,123
113,128
114,115
115,125
116,117
117,118
118,126
120,121
121,122
122,126
123,124
124,125
128,129
129,130
130,131
130,137
132,135
133,135
134,135
135,136
138,139
139,140
141,142
142,143
142,146
142,147
142,148
144,145
145,147
145,148
<end>