<number of tasks>
148
<number of mated-station>
6
<number of workers>
12
<task times>
1 16 2 13 14 7 14 8 14 16 1 15 8
2 30 24 100000 100000 100000 19 27 25 100000 23 20 30
3 7 5 100000 3 1 2 5 6 2 4 2 2
4 47 41 21 10 24 31 38 44 34 100000 35 17
5 29 15 10 14 4 13 11 11 2 16 100000 24
6 8 100000 3 100000 6 100000 2 1 6 7 2 5
7 39 30 37 100000 32 36 100000 24 26 10 35 33
8 37 100000 18 6 6 15 14 25 31 32 28 22
9 32 7 15 8 27 4 9 3 8 12 100000 3
10 29 13 6 2 22 28 26 2 28 4 28 3
11 17 5 16 7 8 17 17 15 6 8 17 6
12 11 5 3 5 7 10 7 4 100000 100000 7 4
13 32 19 100000 24 31 22 17 16 21 100000 32 100000
14 15 100000 15 15 12 14 12 14 2 3 12 100000
15 53 35 36 19 26 100000 7 36 34 24 7 17
16 53 21 37 44 18 21 33 26 16 22 100000 20
17 8 6 7 5 7 2 7 2 7 2 6 2
18 24 7 18 20 12 8 10 15 2 4 10 100000
19 24 13 100000 20 18 24 9 8 22 19 16 23
20 8 5 3 6 7 6 1 5 100000 5 7 5
21 7 3 6 5 4 7 4 3 3 6 2 6
22 8 6 3 1 2 5 7 6 4 100000 4 1
23 14 3 13 100000 8 4 12 13 12 12 3 10
24 13 3 7 4 9 6 3 4 13 11 2 5
25 10 4 5 3 6 10 2 1 10 7 4 3
26 25 20 100000 3 7 17 20 19 10 5 8 17
27 11 8 10 7 6 7 11 5 3 7 5 2
28 25 100000 10 3 15 24 16 100000 100000 17 17 15
29 11 10 100000 6 100000 9 3 3 9 2 100000 6
30 29 10 7 28 10 5 23 9 4 26 15 27
31 25 16 2 20 8 7 18 8 100000 5 18 10
32 10 100000 5 9 9 3 7 7 2 3 9 3
33 14 100000 4 2 13 1 8 2 14 6 12 3
34 41 18 15 31 25 12 6 37 36 30 13 21
35 42 30 20 100000 27 100000 100000 10 31 9 33 37
36 47 7 41 19 6 9 45 8 15 32 100000 33
37 7 100000 4 2 6 100000 6 4 1 2 3 100000
38 80 3 78 52 68 20 9 100000 74 24 75 37
39 7 6 4 3 2 3 6 6 4 4 5 4
40 41 33 38 36 11 17 40 25 38 26 13 6
41 47 30 42 10 100000 20 5 9 43 2 4 43
42 16 16 5 7 12 100000 16 9 5 13 100000 10
43 32 8 18 17 26 17 5 100000 30 12 2 21
44 66 45 22 60 11 2 18 41 49 14 61 9
45 80 33 22 78 19 16 100000 62 43 19 70 36
46 7 2 3 2 6 5 100000 5 6 2 100000 6
47 41 10 25 1 41 7 20 27 40 31 14 13
48 13 6 9 1 6 8 12 11 3 5 100000 4
49 47 26 28 38 45 32 12 11 33 47 27 7
50 33 24 5 22 13 2 100000 100000 13 24 25 100000
51 34 29 8 3 33 8 4 25 31 28 25 28
52 11 10 4 3 11 6 8 1 5 3 9 6
53 118 19 44 20 112 9 68 5 100000 100000 83 31
54 25 6 25 100000 7 5 12 21 20 18 3 14
55 7 4 5 1 6 100000 4 7 4 5 4 4
56 28 22 25 20 1 12 12 12 12 16 16 12
57 12 2 2 4 100000 4 4 6 1 11 7 4
58 52 100000 40 29 48 21 39 51 100000 41 29 34
59 14 13 3 12 5 1 4 100000 7 12 5 7
60 3 3 2 100000 1 2 3 1 2 2 2 2
61 3 2 3 2 1 2 1 2 2 2 2 2
62 8 8 3 1 100000 4 3 6 4 6 6 4
63 16 13 8 15 100000 6 10 3 12 2 100000 3
64 33 16 10 100000 6 10 25 23 28 11 4 14
65 8 2 6 4 5 4 5 100000 1 3 6 4
66 18 13 17 6 11 8 7 13 17 9 16 1
67 10 9 4 5 3 9 9 4 4 100000 100000 2
68 14 12 100000 12 5 7 4 9 1 12 5 5
69 28 100000 24 5 17 16 28 6 26 100000 24 14
70 11 10 1 9 8 10 9 6 100000 4 3 7
71 118 12 23 44 7 54 35 60 89 81 89 43
72 25 11 2 15 15 100000 14 9 9 20 24 23
73 40 100000 3 100000 10 100000 23 19 100000 10 6 7
74 40 25 39 100000 12 37 8 24 15 32 16 9
75 101 80 91 22 42 100000 84 67 12 59 99 19
76 5 4 3 2 4 3 2 2 3 1 2 5
77 28 24 23 12 100000 11 28 5 100000 5 26 8
78 8 4 6 7 7 7 6 7 2 6 2 4
79 111 88 31 34 46 96 100000 8 15 100000 91 35
80 7 4 5 4 5 5 4 5 6 4 5 4
81 26 9 10 12 100000 13 2 4 12 26 2 100000
82 10 5 100000 6 8 7 1 3 2 2 1 1
83 21 12 8 15 6 13 16 12 100000 100000 14 3
84 26 12 2 6 18 7 15 7 100000 20 15 12
85 20 3 10 18 6 6 15 18 2 14 7 18
86 21 2 9 10 5 13 10 5 14 6 14 6
87 47 43 35 42 22 3 24 3 3 100000 26 100000
88 23 13 7 13 11 11 6 8 12 16 3 9
89 13 1 12 12 12 7 9 2 10 10 4 8
90 19 10 17 10 10 19 12 3 2 2 100000 9
91 115 47 35 57 105 68 60 2 35 74 59 69
92 35 31 19 24 33 11 5 25 27 25 31 100000
93 26 22 100000 21 4 13 20 12 25 2 25 100000
94 46 18 3 21 37 6 28 28 100000 43 24 42
95 20 6 9 13 15 14 3 6 2 5 14 7
96 31 2 14 12 27 27 21 16 28 6 7 9
97 19 14 16 2 100000 10 11 100000 7 6 15 8
98 34 1 10 23 11 15 28 2 32 31 7 23
99 51 29 11 26 36 100000 100000 32 30 26 37 16
100 39 100000 19 23 27 37 17 100000 34 1 23 26
101 30 12 27 29 100000 3 13 7 14 100000 15 8
102 26 7 14 100000 13 14 100000 100000 22 8 10 3
103 13 9 10 11 2 1 4 7 4 100000 7 100000
104 45 19 18 33 15 17 11 17 2 15 25 24
105 58 6 20 46 56 44 36 16 33 41 16 18
106 28 24 16 14 17 2 9 100000 26 20 7 5
107 8 8 2 7 5 8 4 4 5 3 3 3
108 43 13 2 5 38 15 33 26 14 35 15 34
109 40 12 100000 13 100000 100000 100000 13 21 100000 34 27
110 34 24 6 12 34 18 24 18 26 5 25 18
111 23 23 8 100000 7 18 12 1 23 14 21 5
112 162 69 46 19 67 128 149 49 100000 100000 107 20
113 11 100000 8 10 7 7 6 3 8 9 7 2
114 19 13 4 4 18 2 6 9 9 10 8 100000
115 14 6 9 4 8 8 8 100000 3 7 3 100000
116 31 31 25 18 24 2 7 18 27 24 24 16
117 32 16 5 15 29 24 30 12 1 5 29 1
118 26 8 18 26 10 18 10 24 6 12 6 22
119 55 10 36 9 50 12 14 100000 25 23 29 48
120 31 30 28 30 11 12 13 8 12 2 3 25
121 32 30 4 11 10 29 3 25 28 17 100000 6
122 26 9 3 9 7 100000 11 5 4 12 10 5
123 19 13 100000 14 100000 16 13 11 13 16 11 17
124 14 5 12 100000 7 3 5 2 12 4 2 8
125 19 9 100000 2 9 16 6 10 15 13 18 4
126 48 21 25 11 23 33 47 41 41 30 4 45
127 55 29 100000 24 27 7 37 50 12 38 17 11
128 8 4 8 6 2 6 3 2 6 5 4 7
129 11 3 7 9 2 11 100000 11 11 5 7 7
130 27 4 25 23 22 5 11 3 16 8 16 19
131 18 16 5 14 9 2 100000 4 12 6 3 3
132 36 6 25 7 8 36 7 16 12 2 100000 13
133 23 10 13 10 100000 8 100000 4 1 100000 15 18
134 20 11 18 20 100000 8 5 4 18 5 5 14
135 46 33 15 33 18 5 22 100000 40 41 28 28
136 64 22 5 100000 31 43 11 5 7 100000 64 4
137 22 20 3 20 5 14 5 14 3 100000 21 6
138 15 14 15 5 6 2 6 4 13 9 13 9
139 34 18 15 12 24 19 100000 30 15 12 13 20
140 22 7 12 21 14 14 5 9 3 17 2 3
141 151 114 124 9 10 103 117 37 108 132 135 100000
142 148 41 100000 29 147 47 100000 148 47 50 100000 119
143 64 8 100000 100000 22 18 58 39 17 34 26 48
144 170 74 118 94 136 67 100000 100000 89 100000 136 94
145 137 2 106 23 121 136 53 35 100000 123 24 100000
146 64 52 43 22 51 100000 49 33 16 56 10 11
147 78 42 20 57 18 16 40 50 46 21 100000 8
148 78 53 100000 19 33 66 70 60 47 100000 100000 7
<task directions>
1 E
2 E
3 E
4 E
5 E
6 E
7 E
8 E
9 E
10 E
11 E
12 E
13 E
14 E
15 L
16 R
17 E
18 L
19 R
20 E
21 R
22 L
23 L
24 R
25 R
26 R
27 L
28 L
29 E
30 R
31 E
32 L
33 R
34 L
35 R
36 R
37 R
38 R
39 R
40 R
41 R
42 L
43 L
44 L
45 L
46 L
47 L
48 E
49 L
50 E
51 L
52 L
53 L
54 L
55 R
56 E
57 L
58 L
59 E
60 E
61 E
62 E
63 E
64 R
65 E
66 E
67 E
68 E
69 R
70 R
71 R
72 R
73 E
74 E
75 E
76 E
77 E
78 E
79 E
80 E
81 E
82 E
83 E
84 E
85 E
86 E
87 E
88 E
89 E
90 E
91 E
92 E
93 L
94 E
95 E
96 E
97 E
98 E
99 E
100 E
101 E
102 E
103 E
104 E
105 E
106 E
107 E
108 E
109 E
110 E
111 E
112 L
113 L
114 E
115 E
116 E
117 E
118 E
119 E
120 E
121 E
122 E
123 E
124 E
125 E
126 E
127 E
128 L
129 L
130 L
131 L
132 E
133 L
134 R
135 E
136 E
137 L
138 E
139 E
140 E
141 L
142 R
143 L
144 L
145 R
146 R
147 L
148 R
<precedence relations>
1,5
1,6
1,7
1,8
2,3
3,4
3,5
3,6
3,7
4,8
5,14
6,9
7,14
8,10
9,14
10,14
11,12
12,13
14,15
14,16
15,17
16,17
17,18
17,19
18,20
19,20
20,21
20,22
20,23
20,24
21,25
21,26
21,27
21,28
22,25
22,26
22,27
22,28
23,25
23,26
23,27
23,28
24,25
24,26
24,27
24,28
25,29
26,29
27,29
28,29
29,31
31,36
32,34
33,35
34,36
35,36
36,37
37,38
37,45
38,39
39,40
40,41
40,48
40,55
42,43
43,44
45,46
46,47
47,48
47,49
47,55
50,51
51,53
51,69
52,53
54,133
55,54
55,72
55,76
55,87
55,88
56,73
57,79
58,84
58,86
59,75
59,87
61,62
62,63
63,67
64,65
64,71
64,72
65,66
65,99
66,67
67,68
68,95
68,98
69,82
70,71
72,134
73,84
73,86
73,87
73,88
73,96
74,75
75,88
75,97
76,77
77,78
78,79
79,80
80,81
81,106
82,83
82,89
82,143
82,146
84,85
88,111
89,90
90,79
91,105
92,135
95,101
96,104
98,101
99,100
100,101
101,102
101,103
102,127
103,127
105,119
106,107
107,108
108,109
109,110
111,112
112,113
113,114
113,116
113,120
113,123
113,128
114,115
115,125
116,117
117,118
118,126
120,121
121,122
122,126
123,124
124,125
128,129
129,130
130,131
130,137
132,135
133,135
134,135
135,136
138,139
139,140
141,142
142,143
142,146
142,147
142,148
144,145
145,147
145,148
<end>