<number of tasks>
148
<number of mated-station>
10
<number of workers>
20
<task times>
1 16 100000 8 15 16 33 100000 48 28 4 11 35 47 41 42 17 26 100000 34 16
2 30 54 30 21 44 100000 81 7 39 46 100000 29 78 81 62 50 63 64 100000 34
3 7 7 4 14 2 3 18 9 17 18 20 100000 19 100000 100000 11 100000 20 8 18
4 47 120 100000 100 50 65 100000 105 49 103 43 92 112 100000 100000 110 113 26 9 32
5 29 9 29 46 20 38 72 7 100000 30 100000 100000 64 41 61 25 22 32 47 84
6 8 17 15 2 17 100000 100000 100000 14 6 21 23 12 8 10 100000 9 22 100000 7
7 39 87 10 37 88 95 61 81 39 54 71 73 37 56 100000 109 14 45 75 100000
8 37 51 54 110 9 62 107 55 75 57 21 68 101 31 26 42 9 101 3 100000
9 32 26 23 88 2 100000 11 100000 100000 74 72 100000 100000 72 100000 100000 23 30 77 88
10 29 69 71 86 69 100000 72 78 60 20 27 38 41 18 57 41 62 65 45 41
11 17 8 7 45 12 31 23 34 100000 100000 38 100000 26 24 13 20 33 100000 100000 34
12 11 20 30 10 100000 14 26 13 10 29 31 8 3 4 14 100000 30 29 30 33
13 32 7 86 76 54 100000 85 35 17 100000 2 93 39 43 77 6 100000 11 71 49
14 15 100000 100000 100000 100000 44 100000 3 19 100000 37 27 25 11 8 27 43 2 37 100000
15 53 100000 131 124 85 50 100000 104 101 159 83 100000 12 36 93 14 159 142 126 59
16 53 6 96 34 59 100000 50 100000 39 100000 120 55 93 101 96 118 61 100000 74 105
17 8 15 4 6 9 23 5 16 7 8 10 24 4 3 2 8 15 2 100000 100000
18 24 4 53 48 66 23 5 72 100000 49 70 68 69 15 14 13 49 63 100000 58
19 24 65 26 12 56 57 39 3 100000 100000 35 100000 2 30 57 38 60 5 68 100000
20 8 17 15 19 11 21 15 15 13 18 100000 4 5 5 10 15 24 13 8 12
21 7 7 4 12 4 100000 18 7 9 12 14 12 3 4 21 100000 7 100000 11 14
22 8 24 20 19 14 10 15 4 100000 15 100000 11 16 13 12 11 20 100000 19 6
23 14 100000 41 100000 20 11 100000 100000 9 100000 28 28 4 14 37 2 42 15 100000 100000
24 13 23 34 100000 10 34 34 100000 37 37 22 100000 4 26 9 20 100000 30 30 100000
25 10 7 100000 100000 29 28 21 19 5 100000 22 12 29 4 24 16 2 11 13 10
26 25 48 27 100000 51 25 37 3 59 14 68 74 25 41 14 51 100000 56 100000 53
27 11 9 26 26 25 100000 100000 100000 11 19 2 18 32 100000 8 26 25 100000 31 8
28 25 26 100000 100000 8 39 2 75 29 30 8 100000 14 17 23 71 100000 60 37 31
29 11 21 2 9 18 2 30 100000 30 100000 27 3 16 4 9 100000 100000 100000 100000 100000
30 29 32 84 100000 53 2 77 100000 52 81 59 56 41 24 100000 20 43 47 23 35
31 25 100000 100000 100000 32 25 2 45 31 100000 100000 100000 56 47 42 62 48 100000 57 100000
32 10 18 2 13 19 16 17 100000 100000 100000 29 4 12 13 100000 1 9 24 14 22
33 14 33 13 19 14 28 34 22 29 100000 100000 32 38 38 100000 100000 41 14 31 9
34 41 77 57 55 53 100000 100000 55 27 75 106 100000 102 27 24 16 89 116 44 3
35 42 82 37 57 59 100000 111 24 46 5 100000 106 34 92 34 54 46 65 64 30
36 47 141 130 100000 114 100000 21 98 116 74 54 25 67 100000 100000 105 54 54 134 100000
37 7 100000 100000 11 12 4 9 17 20 1 5 6 9 5 100000 10 15 5 1 9
38 80 37 49 30 70 230 128 121 100000 100000 197 240 100000 199 23 100000 118 100000 34 87
39 7 15 6 9 11 100000 13 10 100000 10 5 5 2 9 100000 16 2 100000 11 21
40 41 39 23 58 40 84 97 100000 45 117 100000 11 24 63 46 39 21 84 19 80
41 47 15 138 18 100000 8 100000 138 100000 92 100000 11 39 119 100000 28 113 22 91 93
42 16 13 4 5 100000 29 24 43 10 100000 13 29 100000 16 5 3 1 27 17 4
43 32 62 45 76 76 75 94 53 35 45 63 51 89 100000 56 4 7 52 88 25
44 66 166 100000 100000 117 56 52 100000 100000 88 100000 27 66 100000 137 111 48 100000 58 100000
45 80 77 100000 226 118 42 140 85 185 142 190 180 82 240 42 190 100000 15 171 111
46 7 6 100000 11 15 14 4 100000 20 100000 9 20 20 16 14 7 15 14 6 11
47 41 5 100 100000 85 10 67 100000 100000 46 97 33 91 100000 100000 100000 40 93 99 23
48 13 100000 100000 33 100000 33 100000 100000 19 28 100000 21 34 100000 100000 100000 6 20 22 10
49 47 29 40 57 21 60 39 46 140 37 98 100000 32 100000 86 43 35 103 103 130
50 33 100000 12 75 8 49 24 14 69 22 37 5 73 28 55 70 100000 38 6 24
51 34 71 101 100000 100000 66 71 27 43 100000 3 74 86 55 63 26 71 44 20 42
52 11 6 24 5 21 100000 15 3 17 23 31 100000 29 100000 15 100000 17 100000 18 12
53 118 107 308 319 192 100000 245 276 54 234 301 100000 195 230 305 100000 223 100000 230 100000
54 25 60 32 2 6 17 62 31 10 100000 60 11 15 100000 22 68 59 70 51 3
55 7 18 15 17 100000 100000 100000 15 10 10 100000 100000 100000 100000 7 20 19 4 8 18
56 28 13 69 77 75 8 56 50 100000 34 100000 44 69 100000 22 100000 100000 81 100000 100000
57 12 15 12 2 3 21 26 2 24 16 100000 27 33 20 23 28 100000 29 100000 5
58 52 21 26 100000 77 105 23 41 46 63 100000 147 60 86 38 100000 69 120 151 128
59 14 14 28 8 37 8 14 37 3 23 28 29 7 19 18 26 28 41 17 35
60 3 5 100000 8 3 100000 5 2 7 2 7 5 8 6 6 4 100000 8 7 5
61 3 6 2 8 3 8 8 5 3 2 100000 7 2 8 100000 100000 9 7 6 5
62 8 100000 4 19 1 23 6 13 100000 10 23 8 13 2 13 100000 15 1 19 2
63 16 28 36 27 100000 13 16 46 20 12 26 100000 4 12 11 11 14 20 8 43
64 33 100000 22 57 100000 87 78 100000 100000 81 61 59 43 100000 27 47 35 9 35 77
65 8 12 100000 100000 4 18 5 24 100000 9 9 1 100000 1 18 22 8 100000 16 100000
66 18 47 50 32 33 3 10 12 22 53 20 40 49 100000 24 8 10 7 100000 100000
67 10 2 28 100000 27 30 100000 14 16 22 18 16 21 8 29 28 27 17 16 100000
68 14 100000 34 100000 10 100000 34 6 36 100000 16 18 24 24 35 35 100000 17 28 8
69 28 12 2 100000 47 100000 22 15 73 38 67 100000 3 100000 43 100000 28 100000 100000 27
70 11 8 100000 16 6 13 8 12 32 9 6 23 26 29 7 5 4 18 100000 5
71 118 36 100000 223 121 354 50 195 57 142 100000 12 336 160 255 174 100000 100000 103 100000
72 25 100000 66 68 5 11 11 100000 28 12 54 100000 100000 100000 70 3 50 25 17 7
73 40 71 15 89 53 31 11 45 110 40 19 100000 53 7 95 100000 19 119 70 100000
74 40 89 11 100000 19 113 2 9 120 100000 100000 100000 100000 47 25 102 59 100000 100 9
75 101 191 161 300 100000 264 89 16 143 167 28 25 28 43 240 52 276 40 221 243
76 5 7 10 12 100000 13 12 100000 100000 10 10 100000 9 3 6 100000 7 8 10 15
77 28 77 100000 29 77 57 100000 33 12 78 4 15 100000 62 28 17 64 16 73 12
78 8 8 6 5 16 100000 13 17 7 18 18 10 6 7 100000 12 1 5 4 15
79 111 121 204 330 306 127 100000 270 100000 147 61 303 333 140 287 330 100000 223 47 180
80 7 15 5 12 5 16 20 100000 100000 11 5 3 100000 19 6 21 100000 8 13 100000
81 26 100000 21 56 3 15 74 10 100000 100000 100000 64 100000 73 38 59 18 100000 67 100000
82 10 12 27 100000 18 28 100000 29 12 29 12 100000 8 20 100000 100000 10 16 17 100000
83 21 61 34 45 25 11 38 100000 50 100000 5 100000 100000 54 39 57 62 15 100000 47
84 26 40 13 100000 10 9 59 24 100000 33 14 18 75 37 40 2 45 100000 20 67
85 20 55 100000 4 29 20 9 32 31 13 100000 18 28 52 22 24 59 13 16 12
86 21 2 27 44 57 33 100000 52 23 27 17 52 23 43 13 35 40 58 30 33
87 47 119 100000 65 134 64 75 23 100000 16 109 64 85 29 126 53 100000 32 100000 85
88 23 59 51 60 47 55 100000 40 23 37 23 100000 16 57 19 18 17 100000 57 49
89 13 23 100000 3 19 26 14 14 10 34 21 36 25 100000 10 100000 100000 15 100000 11
90 19 19 55 9 17 43 47 18 5 18 100000 100000 32 100000 36 7 47 100000 100000 51
91 115 100000 94 269 100000 252 100000 100000 100000 269 108 338 331 100000 145 173 132 8 166 324
92 35 100000 99 69 60 63 82 86 19 60 70 53 80 46 104 29 100000 48 77 93
93 26 49 18 36 100000 73 13 50 10 14 70 100000 45 58 63 42 100000 74 11 100000
94 46 100000 102 16 49 122 60 124 74 74 74 112 94 131 38 4 100000 11 100000 26
95 20 4 58 43 44 3 54 25 28 59 30 23 29 10 59 35 30 100000 19 57
96 31 100000 57 54 69 52 75 74 44 100000 100000 100000 27 76 63 17 69 2 38 31
97 19 100000 21 37 35 44 4 41 23 16 51 5 100000 100000 44 100000 11 7 15 50
98 34 73 75 90 89 79 72 100000 46 11 63 100000 100000 10 28 100000 87 76 21 100000
99 51 153 100000 124 13 150 74 24 100000 65 100000 42 110 59 100000 113 25 98 95 127
100 39 100000 80 8 110 43 114 67 29 59 98 117 8 16 110 6 100000 25 14 88
101 30 10 83 73 48 76 85 16 46 76 2 29 41 73 89 100000 89 89 84 35
102 26 100000 9 41 26 29 49 33 44 3 19 54 35 13 100000 68 36 100000 100000 62
103 13 100000 3 15 5 7 100000 7 18 20 33 7 14 23 8 26 20 34 20 15
104 45 100000 88 30 135 96 84 39 51 28 100000 51 2 131 71 100000 87 8 56 130
105 58 70 49 82 56 67 67 139 100000 49 100000 88 119 68 120 160 124 101 100000 74
106 28 6 83 38 38 3 56 67 25 100000 9 13 100000 58 66 75 29 68 43 72
107 8 100000 100000 3 16 7 6 3 8 22 15 11 6 2 18 100000 17 4 100000 8
108 43 128 5 100000 100000 13 56 100000 100000 69 100000 32 65 25 48 73 83 114 7 107
109 40 13 102 100000 20 116 33 70 55 96 68 96 27 3 31 11 33 25 100000 32
110 34 100000 100000 100000 77 4 52 72 34 100000 100000 100000 85 49 35 74 47 100000 80 60
111 23 34 45 64 20 100000 100000 100000 26 40 100000 100000 100000 4 66 4 36 32 29 62
112 162 100000 442 100000 45 428 54 98 185 100000 297 103 282 100000 180 345 30 185 195 100000
113 11 16 30 13 27 14 29 7 3 33 100000 32 100000 19 13 100000 28 5 15 100000
114 19 25 46 100000 35 49 39 29 39 100000 28 18 37 3 26 40 20 50 35 100000
115 14 100000 100000 20 38 20 40 29 6 100000 22 100000 100000 1 26 26 19 3 16 100000
116 31 40 82 100000 87 100000 70 100000 18 41 27 100000 33 54 80 4 37 70 51 53
117 32 42 44 100000 62 100000 28 100000 25 26 45 82 100000 100000 88 100000 65 11 53 30
118 26 16 23 7 33 17 100000 68 77 100000 100000 70 29 63 100000 9 67 100000 51 100000
119 55 9 16 121 85 6 42 14 100000 147 100000 106 152 88 100000 131 16 122 88 100000
120 31 29 7 43 71 2 4 55 50 81 18 60 10 90 18 44 63 93 60 64
121 32 100000 57 7 30 92 43 100000 100000 42 50 100000 74 67 45 50 100000 94 37 100000
122 26 29 10 28 9 11 56 100000 19 100000 53 56 100000 100000 21 49 16 10 100000 36
123 19 100000 15 31 35 100000 33 21 100000 30 15 100000 100000 55 16 100000 100000 100000 100000 100000
124 14 34 9 31 15 100000 39 20 100000 38 21 10 9 26 27 29 21 39 19 10
125 19 55 51 50 18 100000 5 13 53 100000 17 100000 12 21 6 21 54 32 12 100000
126 48 60 8 97 141 91 134 114 37 134 61 115 98 11 55 91 68 25 77 125
127 55 140 158 100000 157 108 100000 53 101 21 100000 85 106 144 122 53 124 111 119 155
128 8 23 15 7 100000 10 10 8 1 20 3 7 100000 10 1 6 6 100000 100000 7
129 11 32 21 9 1 23 6 15 100000 100000 33 16 17 4 12 22 25 19 20 5
130 27 27 43 52 64 100000 73 100000 100000 77 43 53 68 38 100000 51 79 55 8 61
131 18 100000 100000 11 47 100000 12 12 28 100000 9 100000 37 50 15 36 51 100000 47 23
132 36 78 11 30 45 98 67 87 42 29 95 100000 3 35 17 100000 10 100000 100000 100000
133 23 100000 100000 57 66 15 100000 60 66 10 66 100000 50 52 100000 24 40 47 64 63
134 20 19 28 11 41 100000 53 55 41 6 100000 42 100000 55 10 7 21 23 38 100000
135 46 100000 106 53 59 115 119 101 100000 43 74 37 26 71 15 56 74 63 100000 37
136 64 98 152 81 93 51 100000 123 33 3 154 100000 100000 12 100000 123 91 110 118 12
137 22 100000 100000 100000 25 100000 55 31 32 64 100000 56 53 51 26 63 12 100000 32 14
138 15 18 100000 42 100000 100000 39 19 28 25 3 34 35 100000 100000 10 41 100000 34 10
139 34 25 91 100000 75 61 58 11 43 45 100000 100000 100000 78 100000 88 70 21 4 100000
140 22 47 8 100000 39 30 65 56 9 100000 65 26 18 100000 54 100000 39 49 54 25
141 151 335 100000 100000 146 100000 313 100000 141 146 245 304 354 399 159 186 119 399 426 123
142 148 100000 81 316 320 100000 121 81 81 100000 100000 28 298 98 329 10 5 67 59 125
143 64 30 123 100000 100000 64 106 100000 102 100000 139 24 100000 106 53 192 18 100000 158 104
144 170 52 510 57 413 256 306 100000 154 306 495 154 100000 189 194 210 11 485 408 93
145 137 165 83 374 296 214 54 99 100000 100000 190 259 132 227 268 100000 231 71 63 227
146 64 181 100000 139 129 165 190 5 129 160 139 171 129 3 177 177 125 182 165 160
147 78 199 178 145 50 41 225 124 100000 50 206 141 111 229 185 201 183 145 227 176
148 78 229 100000 8 218 229 100000 100000 113 36 222 106 8 138 62 94 122 100000 111 101
<task directions>
1 E
2 E
3 E
4 E
5 E
6 E
7 E
8 E
9 E
10 E
11 E
12 E
13 E
14 E
15 L
16 R
17 E
18 L
19 R
20 E
21 R
22 L
23 L
24 R
25 R
26 R
27 L
28 L
29 E
30 R
31 E
32 L
33 R
34 L
35 R
36 R
37 R
38 R
39 R
40 R
41 R
42 L
43 L
44 L
45 L
46 L
47 L
48 E
49 L
50 E
51 L
52 L
53 L
54 L
55 R
56 E
57 L
58 L
59 E
60 E
61 E
62 E
63 E
64 R
65 E
66 E
67 E
68 E
69 R
70 R
71 R
72 R
73 E
74 E
75 E
76 E
77 E
78 E
79 E
80 E
81 E
82 E
83 E
84 E
85 E
86 E
87 E
88 E
89 E
90 E
91 E
92 E
93 L
94 E
95 E
96 E
97 E
98 E
99 E
100 E
101 E
102 E
103 E
104 E
105 E
106 E
107 E
108 E
109 E
110 E
111 E
112 L
113 L
114 E
115 E
116 E
117 E
118 E
119 E
120 E
121 E
122 E
123 E
124 E
125 E
126 E
127 E
128 L
129 L
130 L
131 L
132 E
133 L
134 R
135 E
136 E
137 L
138 E
139 E
140 E
141 L
142 R
143 L
144 L
145 R
146 R
147 L
148 R
<precedence relations>
1,5
1,6
1,7
1,8
2,3
3,4
3,5
3,6
3,7
4,8
5,14
6,9
7,14
8,10
9,14
10,14
11,12
12,13
14,15
14,16
15,17
16,17
17,18
17,19
18,20
19,20
20,21
20,22
20,23
20,24
21,25
21,26
21,27
21,28
22,25
22,26
22,27
22,28
23,25
23,26
23,27
23,28
24,25
24,26
24,27
24,28
25,29
26,29
27,29
28,29
29,31
31,36
32,34
33,35
34,36
35,36
36,37
37,38
37,45
38,39
39,40
40,41
40,48
40,55
42,43
43,44
45,46
46,47
47,48
47,49
47,55
50,51
51,53
51,69
52,53
54,133
55,54
55,72
55,76
55,87
55,88
56,73
57,79
58,84
58,86
59,75
59,87
61,62
62,63
63,67
64,65
64,71
64,72
65,66
65,99
66,67
67,68
68,95
68,98
69,82
70,71
72,134
73,84
73,86
73,87
73,88
73,96
74,75
75,88
75,97
76,77
77,78
78,79
79,80
80,81
81,106
82,83
82,89
82,143
82,146
84,85
88,111
89,90
90,79
91,105
92,135
95,101
96,104
98,101
99,100
100,101
101,102
101,103
102,127
103,127
105,119
106,107
107,108
108,109
109,110
111,112
112,113
113,114
113,116
113,120
113,123
113,128
114,115
115,125
116,117
117,118
118,126
120,121
121,122
122,126
123,124
124,125
128,129
129,130
130,131
130,137
132,135
133,135
134,135
135,136
138,139
139,140
141,142
142,143
142,146
142,147
142,148
144,145
145,147
145,148
<end>