<number of tasks>
148
<number of mated-station>
10
<number of workers>
20
<task times>
1 16 3 6 9 11 3 2 5 100000 100000 2 12 13 100000 9 16 4 100000 100000 6
2 30 5 20 28 28 25 23 29 100000 30 25 4 20 18 10 100000 26 9 16 9
3 7 6 5 6 3 2 6 100000 2 6 2 7 4 3 2 4 100000 5 6 6
4 47 26 100000 22 40 22 32 3 39 27 12 24 12 43 45 7 27 24 12 24
5 29 18 28 27 12 17 100000 23 28 100000 100000 6 5 22 100000 9 7 25 8 18
6 8 100000 5 100000 7 7 100000 5 100000 6 6 7 5 7 5 3 7 5 100000 5
7 39 25 34 7 24 23 5 5 14 28 31 20 25 38 37 9 17 28 34 25
8 37 28 19 28 33 21 31 31 11 34 20 29 1 17 20 5 10 18 34 4
9 32 25 16 23 6 4 24 10 17 22 29 100000 100000 26 9 100000 25 11 3 25
10 29 19 12 100000 5 11 5 6 9 24 28 16 14 12 15 16 27 24 17 100000
11 17 10 4 5 3 100000 6 100000 15 1 6 3 7 10 3 100000 16 2 6 14
12 11 2 7 5 7 5 3 1 5 8 3 8 3 2 10 6 8 11 6 7
13 32 13 24 21 10 17 15 21 13 28 19 25 31 1 14 29 100000 17 24 25
14 15 10 12 12 2 5 13 5 6 14 13 3 100000 2 6 9 12 10 2 11
15 53 5 44 11 18 8 47 10 100000 2 48 10 22 48 2 12 52 47 11 30
16 53 39 100000 27 18 51 5 23 50 43 41 100000 33 100000 35 47 6 28 4 52
17 8 1 1 4 100000 4 4 6 5 1 2 1 2 6 1 3 6 7 7 7
18 24 19 10 15 7 22 100000 21 16 24 21 9 12 23 5 3 13 11 15 8
19 24 7 11 21 21 4 5 18 20 6 2 14 9 18 21 15 11 100000 4 6
20 8 5 7 7 6 6 6 4 4 100000 2 7 3 5 8 4 7 6 100000 100000
21 7 5 5 7 5 100000 6 2 5 2 6 6 2 2 2 4 1 2 4 6
22 8 100000 6 100000 3 6 4 3 3 7 6 3 6 3 3 3 8 7 4 3
23 14 1 1 14 13 11 5 8 9 14 11 11 12 13 10 11 100000 13 100000 8
24 13 1 3 4 4 10 12 100000 2 12 7 7 12 7 8 4 6 6 10 4
25 10 4 7 6 8 4 100000 9 5 9 8 8 7 1 6 4 7 1 6 2
26 25 9 21 13 2 100000 3 17 13 10 22 7 8 20 7 11 100000 11 13 16
27 11 10 2 7 4 2 4 2 100000 5 7 8 2 7 2 100000 100000 9 4 7
28 25 23 12 24 19 25 11 2 1 24 14 25 6 100000 2 19 10 10 5 6
29 11 9 6 3 8 6 5 10 11 2 7 6 10 6 8 4 2 5 2 10
30 29 6 19 100000 20 5 9 23 10 28 12 5 14 3 7 29 19 27 4 19
31 25 17 24 12 11 21 23 19 11 9 7 100000 9 100000 3 8 100000 23 8 19
32 10 5 7 5 5 9 2 4 9 10 4 3 9 2 100000 4 10 3 8 6
33 14 13 12 4 100000 3 10 9 1 3 13 8 11 8 2 9 100000 9 9 7
34 41 28 12 23 12 37 23 17 9 17 28 39 13 7 14 10 12 12 31 25
35 42 8 28 38 36 9 36 12 41 28 2 11 19 28 32 18 36 17 37 1
36 47 17 18 6 2 42 38 18 18 100000 6 30 28 28 47 44 20 29 36 28
37 7 7 1 6 4 1 3 4 4 7 3 5 100000 3 6 6 2 2 2 4
38 80 3 35 22 32 39 10 100000 77 19 69 74 58 44 34 9 22 18 13 36
39 7 6 100000 2 6 3 6 4 2 100000 5 100000 3 5 100000 7 100000 2 2 2
40 41 11 23 17 25 19 17 5 8 100000 7 32 6 7 12 11 31 20 28 3
41 47 40 8 4 24 17 14 12 26 4 31 29 2 42 21 26 24 18 18 32
42 16 10 100000 10 15 14 7 100000 5 2 6 5 100000 1 6 15 7 15 2 1
43 32 16 7 16 20 29 22 26 10 2 17 20 27 8 15 14 25 100000 27 30
44 66 53 48 50 100000 26 41 100000 23 66 22 100000 34 48 28 41 23 53 11 100000
45 80 33 39 77 46 25 4 25 56 52 6 35 100000 52 32 40 23 74 16 24
46 7 7 7 3 3 1 4 100000 1 3 3 3 5 1 7 4 1 5 5 4
47 41 31 21 31 100000 5 32 14 15 40 19 22 2 3 100000 13 41 14 22 21
48 13 3 1 11 11 11 12 100000 1 100000 3 9 2 1 6 9 5 2 9 7
49 47 10 31 27 40 41 14 100000 35 36 34 33 45 46 21 19 30 23 32 5
50 33 20 21 21 33 11 16 28 100000 4 28 31 9 7 14 30 17 3 32 28
51 34 19 100000 29 15 19 9 24 100000 11 18 7 9 24 3 18 9 24 100000 6
52 11 100000 5 8 10 100000 10 6 100000 9 10 3 9 10 5 7 100000 5 9 11
53 118 100000 78 75 64 74 47 100000 100000 3 97 34 107 71 100000 45 72 107 40 79
54 25 25 3 4 23 5 100000 100000 5 7 13 8 18 24 14 3 25 22 100000 20
55 7 5 6 4 100000 5 6 7 1 4 1 3 7 5 5 5 1 7 2 7
56 28 15 2 23 19 5 20 15 6 100000 12 7 23 11 7 4 11 20 2 9
57 12 2 7 6 8 6 10 100000 5 7 12 2 5 12 9 8 8 100000 4 100000
58 52 7 9 22 28 42 2 27 39 21 27 21 22 37 45 50 12 4 3 48
59 14 11 3 4 13 4 6 6 10 100000 14 2 14 6 2 14 4 4 100000 8
60 3 2 2 3 1 100000 3 100000 3 2 3 3 100000 1 3 1 2 2 2 1
61 3 2 2 1 1 1 2 3 2 1 100000 2 1 2 2 2 1 100000 3 1
62 8 2 8 3 5 7 8 2 6 2 1 2 5 2 2 100000 2 5 5 100000
63 16 8 9 12 9 100000 100000 100000 3 8 11 11 13 100000 12 2 6 2 10 4
64 33 5 20 5 5 32 100000 25 16 10 100000 100000 28 30 19 23 23 29 100000 29
65 8 5 8 4 3 3 2 4 5 5 6 3 100000 100000 8 2 2 4 7 7
66 18 11 17 3 11 18 15 12 4 9 12 9 8 2 14 100000 2 16 10 8
67 10 4 10 4 7 5 5 5 6 6 8 100000 10 100000 3 3 100000 6 10 100000
68 14 12 100000 2 6 8 3 3 100000 12 12 9 13 11 6 2 2 4 8 4
69 28 25 24 21 100000 3 27 10 23 24 21 20 10 24 23 27 12 2 4 23
70 11 100000 9 9 9 2 10 100000 7 3 5 5 4 8 6 8 8 8 3 5
71 118 13 106 74 98 82 64 56 7 99 100000 76 75 75 100000 69 31 35 117 29
72 25 100000 24 15 4 12 17 100000 19 23 8 8 12 100000 3 19 22 13 18 3
73 40 29 31 8 5 37 23 40 12 100000 11 20 4 6 100000 14 4 34 39 31
74 40 8 5 3 8 28 2 21 32 31 8 24 21 100000 100000 28 27 11 4 100000
75 101 66 90 10 2 100 29 23 18 72 3 67 7 100000 90 100000 81 60 87 19
76 5 100000 5 5 100000 2 2 3 1 4 5 1 5 5 3 100000 4 4 2 2
77 28 23 22 13 6 15 24 10 6 22 100000 16 17 12 5 3 14 100000 3 100000
78 8 4 6 6 2 3 8 100000 5 3 1 4 6 4 3 7 2 100000 7 6
79 111 98 76 106 100000 71 56 108 7 66 74 60 96 70 49 7 49 60 27 103
80 7 3 7 3 4 7 4 2 6 6 100000 6 6 2 5 2 3 100000 4 7
81 26 19 24 100000 100000 20 100000 100000 8 5 14 20 3 6 9 100000 3 23 12 13
82 10 4 1 5 7 7 10 9 7 3 7 1 3 2 3 10 3 3 3 8
83 21 2 8 14 8 7 100000 7 12 2 12 19 10 5 12 10 17 7 16 100000
84 26 9 3 100000 7 21 9 26 23 26 10 15 16 6 12 10 3 17 21 24
85 20 7 6 100000 20 8 20 19 11 2 6 18 20 100000 4 8 17 100000 7 6
86 21 18 19 2 12 6 10 100000 16 7 3 1 100000 6 20 5 21 5 3 7
87 47 36 30 41 100000 10 15 42 19 33 14 38 100000 20 7 7 25 5 42 31
88 23 10 13 17 5 100000 18 10 100000 12 18 3 100000 17 6 5 8 21 7 17
89 13 7 3 3 3 8 6 100000 11 13 6 7 5 6 12 2 6 6 100000 100000
90 19 16 15 4 12 100000 17 4 18 11 12 4 12 12 100000 11 15 15 12 100000
91 115 66 100000 18 48 63 52 8 36 25 47 56 22 17 50 58 49 51 45 40
92 35 19 29 34 9 20 25 21 18 28 35 35 23 21 16 17 4 17 21 2
93 26 8 14 25 20 4 24 9 8 6 20 21 14 2 20 26 7 8 18 2
94 46 100000 11 14 8 38 32 33 30 12 26 42 30 25 34 35 45 37 10 32
95 20 100000 20 2 13 8 18 20 11 100000 14 8 17 10 14 5 8 11 18 7
96 31 21 11 3 4 8 29 26 9 8 4 25 6 7 28 8 25 30 3 7
97 19 8 2 3 8 16 17 11 14 3 18 12 13 2 2 18 18 19 11 7
98 34 25 100000 2 100000 31 9 100000 31 18 100000 12 30 24 100000 7 8 16 5 5
99 51 23 51 10 7 49 4 15 45 7 44 9 33 23 7 16 45 36 37 4
100 39 34 33 7 15 14 18 35 12 15 23 31 37 19 20 31 15 10 11 100000
101 30 5 25 10 2 25 22 16 6 24 3 18 6 4 7 9 25 29 4 29
102 26 9 3 10 9 18 11 100000 24 2 4 2 6 25 19 7 9 6 100000 100000
103 13 10 7 5 13 10 2 4 100000 5 8 8 6 11 12 9 5 8 8 100000
104 45 44 35 25 5 100000 21 44 30 39 5 26 28 2 8 24 20 4 16 44
105 58 35 8 39 19 8 16 38 57 15 9 100000 100000 9 55 31 29 30 30 4
106 28 22 11 3 21 100000 12 23 21 3 27 15 16 10 24 100000 25 7 23 21
107 8 6 5 4 4 2 6 5 1 1 7 2 1 2 7 4 6 7 3 2
108 43 100000 24 28 31 100000 33 2 43 25 5 5 40 14 35 43 100000 11 2 30
109 40 17 6 37 7 14 40 6 6 32 100000 11 2 100000 9 36 24 4 17 19
110 34 15 29 14 10 9 7 10 1 3 31 5 29 9 12 25 28 8 10 25
111 23 15 5 21 3 11 15 21 6 11 14 12 18 14 21 14 100000 21 14 11
112 162 93 56 62 104 144 24 135 36 122 119 54 110 119 53 136 73 33 96 120
113 11 5 2 7 5 5 7 1 10 10 9 8 11 10 3 100000 3 8 8 7
114 19 8 14 12 16 10 9 8 100000 13 9 100000 13 7 5 100000 11 12 4 14
115 14 100000 9 13 7 6 11 13 10 9 5 6 13 6 6 8 7 100000 10 5
116 31 28 25 27 6 100000 3 10 21 24 19 24 4 3 8 20 23 1 24 12
117 32 31 30 12 8 5 6 2 27 100000 13 6 12 22 9 24 9 30 28 19
118 26 2 9 25 14 1 15 18 2 2 3 18 23 16 6 7 18 17 15 100000
119 55 6 45 26 10 2 100000 45 100000 8 51 29 24 52 28 20 10 43 16 27
120 31 27 22 19 25 3 12 21 100000 18 12 29 4 100000 21 19 100000 31 10 2
121 32 100000 100000 12 22 31 8 27 12 10 8 18 31 11 11 16 16 17 13 100000
122 26 8 7 16 100000 100000 3 22 9 12 20 10 25 19 8 7 25 4 5 6
123 19 14 3 100000 9 2 7 13 17 6 11 10 100000 5 100000 11 13 13 11 16
124 14 10 100000 11 6 5 100000 4 2 9 100000 3 7 14 6 2 10 8 11 14
125 19 12 9 8 18 3 100000 14 10 12 10 18 18 11 15 13 8 11 8 2
126 48 38 19 41 7 35 44 36 41 6 17 18 8 37 25 18 25 43 9 100000
127 55 30 50 33 100000 37 40 8 27 20 21 4 5 43 47 18 27 17 9 31
128 8 3 100000 100000 4 3 7 5 3 5 6 4 1 3 7 3 7 2 6 2
129 11 9 1 8 2 5 4 6 9 3 9 10 4 4 9 100000 4 7 9 8
130 27 4 2 15 16 19 23 12 21 25 3 100000 26 20 17 22 1 20 1 17
131 18 11 13 9 4 7 12 7 16 5 7 4 13 6 2 10 2 9 11 13
132 36 16 5 12 3 31 28 15 28 13 21 34 23 100000 10 17 10 3 35 5
133 23 6 4 7 23 6 14 8 13 12 21 6 17 5 8 5 10 13 5 11
134 20 100000 19 11 20 9 100000 3 16 11 100000 18 100000 3 13 4 100000 14 9 3
135 46 43 44 7 19 3 45 26 21 18 20 43 3 5 42 37 25 5 10 22
136 64 56 39 100000 100000 55 53 40 23 41 100000 55 40 17 19 10 35 46 28 60
137 22 20 100000 9 8 100000 2 1 10 19 100000 20 4 19 14 1 2 10 19 7
138 15 6 13 9 10 10 100000 9 14 10 3 7 12 12 100000 10 2 7 12 7
139 34 9 6 25 34 11 13 7 34 31 8 12 25 5 21 18 22 14 33 5
140 22 21 4 100000 17 100000 8 20 19 2 4 4 16 7 15 8 13 2 17 19
141 151 121 55 142 49 111 136 103 117 52 9 104 9 51 102 135 57 141 28 67
142 148 64 98 100000 51 97 100000 77 129 64 119 133 102 14 36 64 100000 147 123 55
143 64 57 8 100000 5 5 49 31 50 53 24 100000 100000 30 26 38 31 100000 21 49
144 170 72 124 52 20 21 52 156 72 124 100000 87 87 100000 100000 55 87 160 72 114
145 137 100000 2 31 39 38 65 100000 15 127 134 76 57 24 100000 21 80 132 100 100000
146 64 100000 14 100000 19 11 25 49 2 56 48 7 51 100000 50 14 52 100000 6 100000
147 78 34 46 38 62 100000 16 38 52 63 35 41 40 50 100000 23 66 58 3 66
148 78 19 100000 36 32 42 62 23 37 23 18 26 47 36 53 57 100000 46 26 17
<task directions>
1 E
2 E
3 E
4 E
5 E
6 E
7 E
8 E
9 E
10 E
11 E
12 E
13 E
14 E
15 L
16 R
17 E
18 L
19 R
20 E
21 R
22 L
23 L
24 R
25 R
26 R
27 L
28 L
29 E
30 R
31 E
32 L
33 R
34 L
35 R
36 R
37 R
38 R
39 R
40 R
41 R
42 L
43 L
44 L
45 L
46 L
47 L
48 E
49 L
50 E
51 L
52 L
53 L
54 L
55 R
56 E
57 L
58 L
59 E
60 E
61 E
62 E
63 E
64 R
65 E
66 E
67 E
68 E
69 R
70 R
71 R
72 R
73 E
74 E
75 E
76 E
77 E
78 E
79 E
80 E
81 E
82 E
83 E
84 E
85 E
86 E
87 E
88 E
89 E
90 E
91 E
92 E
93 L
94 E
95 E
96 E
97 E
98 E
99 E
100 E
101 E
102 E
103 E
104 E
105 E
106 E
107 E
108 E
109 E
110 E
111 E
112 L
113 L
114 E
115 E
116 E
117 E
118 E
119 E
120 E
121 E
122 E
123 E
124 E
125 E
126 E
127 E
128 L
129 L
130 L
131 L
132 E
133 L
134 R
135 E
136 E
137 L
138 E
139 E
140 E
141 L
142 R
143 L
144 L
145 R
146 R
147 L
148 R
<precedence relations>
1,5
1,6
1,7
1,8
2,3
3,4
3,5
3,6
3,7
4,8
5,14
6,9
7,14
8,10
9,14
10,14
11,12
12,13
14,15
14,16
15,17
16,17
17,18
17,19
18,20
19,20
20,21
20,22
20,23
20,24
21,25
21,26
21,27
21,28
22,25
22,26
22,27
22,28
23,25
23,26
23,27
23,28
24,25
24,26
24,27
24,28
25,29
26,29
27,29
28,29
29,31
31,36
32,34
33,35
34,36
35,36
36,37
37,38
37,45
38,39
39,40
40,41
40,48
40,55
42,43
43,44
45,46
46,47
47,48
47,49
47,55
50,51
51,53
51,69
52,53
54,133
55,54
55,72
55,76
55,87
55,88
56,73
57,79
58,84
58,86
59,75
59,87
61,62
62,63
63,67
64,65
64,71
64,72
65,66
65,99
66,67
67,68
68,95
68,98
69,82
70,71
72,134
73,84
73,86
73,87
73,88
73,96
74,75
75,88
75,97
76,77
77,78
78,79
79,80
80,81
81,106
82,83
82,89
82,143
82,146
84,85
88,111
89,90
90,79
91,105
92,135
95,101
96,104
98,101
99,100
100,101
101,102
101,103
102,127
103,127
105,119
106,107
107,108
108,109
109,110
111,112
112,113
113,114
113,116
113,120
113,123
113,128
114,115
115,125
116,117
117,118
118,126
120,121
121,122
122,126
123,124
124,125
128,129
129,130
130,131
130,137
132,135
133,135
134,135
135,136
138,139
139,140
141,142
142,143
142,146
142,147
142,148
144,145
145,147
145,148
<end>