<number of tasks>
148
<number of mated-station>
10
<number of workers>
20
<task times>
1 16 5 13 6 100000 2 7 100000 11 100000 100000 2 7 3 10 2 10 14 3 9
2 30 25 22 11 10 11 9 8 100000 100000 30 13 21 10 100000 100000 100000 100000 2 100000
3 7 7 5 6 100000 2 100000 7 5 6 100000 5 7 6 100000 6 5 100000 6 6
4 47 15 4 46 100000 17 15 23 100000 10 36 100000 23 15 44 11 100000 5 43 32
5 29 100000 5 23 5 8 27 15 100000 100000 10 13 19 21 9 19 11 100000 100000 2
6 8 8 5 100000 4 100000 3 2 6 8 100000 7 4 100000 7 3 7 2 8 2
7 39 4 34 100000 14 16 37 12 8 22 30 20 11 34 20 22 36 3 16 100000
8 37 4 24 7 2 31 15 100000 11 13 26 100000 22 16 12 36 100000 29 4 31
9 32 20 5 7 21 30 11 100000 29 21 9 19 8 22 22 12 12 7 3 20
10 29 100000 22 100000 21 17 8 5 17 12 7 17 26 22 100000 27 6 6 24 6
11 17 17 11 100000 7 13 7 17 100000 16 100000 1 5 3 9 3 4 6 100000 5
12 11 5 3 10 6 10 100000 7 8 6 8 10 10 2 100000 9 6 3 4 100000
13 32 2 2 14 12 23 18 32 15 25 100000 5 17 25 2 16 6 11 19 26
14 15 100000 10 100000 12 13 14 6 13 7 8 6 10 6 100000 8 11 10 13 9
15 53 6 38 45 25 37 20 20 100000 42 100000 16 33 39 45 100000 41 23 24 38
16 53 8 44 7 20 50 100000 41 51 100000 9 2 100000 31 100000 13 16 30 100000 100000
17 8 100000 7 100000 4 6 4 2 5 2 1 2 4 7 8 2 5 4 6 1
18 24 11 5 4 22 15 11 4 4 100000 17 2 22 100000 21 11 100000 100000 10 13
19 24 19 100000 17 22 18 16 17 4 100000 100000 2 6 18 13 10 100000 15 14 100000
20 8 2 2 4 4 100000 7 100000 5 8 6 3 5 8 2 5 3 4 4 5
21 7 100000 2 100000 3 1 6 100000 5 6 5 5 5 5 6 6 3 7 3 7
22 8 5 3 5 6 4 5 100000 5 2 2 100000 1 3 100000 2 5 2 3 3
23 14 100000 12 9 7 2 11 100000 9 14 13 14 13 7 100000 100000 13 9 13 7
24 13 12 2 13 2 8 12 11 5 11 12 100000 11 10 8 5 4 9 6 8
25 10 6 5 6 5 9 6 3 100000 8 10 7 5 2 9 100000 3 7 5 8
26 25 23 7 11 100000 12 19 9 22 100000 5 22 100000 10 100000 25 100000 2 21 17
27 11 10 11 8 2 100000 5 2 4 7 5 9 10 100000 4 4 8 10 7 100000
28 25 19 9 7 21 100000 19 23 6 5 100000 2 21 1 10 100000 100000 7 19 100000
29 11 100000 6 7 7 8 3 5 3 11 2 4 7 100000 5 9 4 3 8 100000
30 29 3 4 6 23 6 28 100000 22 21 16 25 5 28 100000 100000 3 16 10 11
31 25 100000 19 24 25 18 23 13 25 12 100000 17 6 11 24 100000 12 2 19 14
32 10 100000 5 9 9 9 9 10 6 9 5 100000 9 7 5 1 3 8 100000 7
33 14 5 3 100000 3 12 100000 9 100000 2 100000 13 11 8 14 2 100000 8 4 14
34 41 100000 3 6 100000 6 34 5 100000 39 5 33 39 41 17 27 24 41 7 39
35 42 3 19 10 29 30 100000 100000 14 100000 38 8 38 37 19 100000 100000 26 41 37
36 47 100000 100000 34 1 47 23 28 2 36 18 39 17 34 16 11 100000 46 21 3
37 7 5 100000 4 5 3 2 6 4 7 5 6 7 1 6 7 6 7 2 3
38 80 3 75 4 100000 43 100000 21 74 64 75 53 12 62 73 55 52 78 24 72
39 7 7 3 4 6 100000 100000 7 4 3 4 5 5 7 4 2 100000 100000 2 3
40 41 1 28 36 22 7 100000 39 35 100000 7 18 30 27 100000 7 3 19 32 100000
41 47 100000 41 40 33 45 37 37 100000 16 29 31 16 8 100000 100000 29 2 100000 44
42 16 100000 5 6 100000 7 15 4 10 10 100000 100000 100000 7 14 9 12 11 4 11
43 32 100000 26 28 12 30 100000 2 7 100000 16 12 16 11 100000 7 4 15 100000 27
44 66 100000 100000 21 61 11 100000 65 7 34 100000 59 45 53 44 100000 100000 100000 8 32
45 80 59 28 3 58 71 31 100000 12 100000 14 76 100000 19 71 100000 59 44 100000 100000
46 7 7 4 5 4 1 3 2 1 6 7 1 1 5 100000 100000 1 4 100000 4
47 41 6 28 11 3 41 100000 17 39 27 100000 7 29 40 17 100000 19 30 21 19
48 13 6 3 4 2 3 11 100000 100000 100000 100000 6 100000 100000 9 7 6 5 13 100000
49 47 100000 3 3 41 43 17 30 3 100000 100000 100000 7 100000 45 26 35 41 36 40
50 33 14 7 17 100000 6 6 20 10 30 17 100000 19 14 27 5 31 27 21 5
51 34 20 16 100000 15 6 20 11 10 100000 28 27 28 1 11 18 14 100000 8 6
52 11 6 10 100000 100000 100000 7 3 4 3 4 1 6 8 2 8 6 10 7 10
53 118 38 92 100000 14 83 100000 117 100000 100000 10 100000 70 6 100000 69 102 21 104 71
54 25 11 3 18 9 4 15 16 11 6 7 11 22 100000 6 5 100000 3 25 100000
55 7 6 5 5 2 2 5 100000 6 2 3 100000 4 7 2 100000 5 4 4 5
56 28 6 9 3 23 6 15 3 1 18 19 4 100000 18 27 100000 6 2 100000 23
57 12 1 5 7 7 5 5 3 100000 8 4 2 7 4 100000 6 8 5 100000 100000
58 52 51 44 25 23 100000 31 43 100000 16 9 21 52 28 100000 45 44 33 100000 17
59 14 100000 4 5 14 10 100000 6 8 10 8 9 5 6 7 4 9 5 11 7
60 3 3 2 3 100000 2 3 2 100000 1 100000 2 2 1 2 2 2 100000 2 2
61 3 2 2 1 100000 2 100000 2 1 1 3 100000 3 3 2 3 2 1 1 2
62 8 5 100000 7 4 3 4 2 2 8 1 100000 7 5 6 100000 7 7 1 8
63 16 100000 7 14 10 14 16 100000 6 6 15 15 100000 10 100000 100000 3 11 1 100000
64 33 28 10 100000 29 11 13 100000 100000 3 28 100000 100000 6 17 100000 100000 16 100000 15
65 8 4 3 2 2 8 6 7 2 5 8 5 3 6 6 8 100000 2 3 2
66 18 7 10 13 13 100000 10 10 7 8 100000 100000 10 12 13 1 11 100000 6 6
67 10 10 3 100000 3 5 8 2 100000 4 8 6 8 2 4 10 5 6 1 100000
68 14 100000 4 9 4 10 7 12 4 1 13 13 10 7 100000 3 1 10 6 2
69 28 10 11 14 5 100000 16 5 100000 100000 17 22 7 20 100000 100000 5 26 10 25
70 11 6 6 100000 100000 6 10 100000 4 3 4 4 10 8 5 4 2 8 5 7
71 118 103 17 67 100000 107 3 100000 114 40 113 6 60 35 68 61 22 16 116 100000
72 25 100000 2 15 100000 100000 22 100000 25 11 13 19 1 3 100000 22 25 18 21 11
73 40 27 35 30 28 11 34 36 4 25 7 19 29 35 3 100000 17 37 5 34
74 40 39 33 100000 16 100000 31 37 100000 22 13 22 40 32 35 6 13 38 9 100000
75 101 54 18 10 101 74 100 97 100000 78 26 100000 100000 21 4 33 6 88 29 9
76 5 1 5 3 5 4 100000 2 2 5 4 4 4 4 4 5 100000 100000 100000 3
77 28 100000 22 100000 100000 18 100000 100000 27 19 17 7 23 15 100000 17 8 17 9 19
78 8 7 6 100000 5 100000 4 5 4 4 6 8 100000 3 3 100000 5 5 6 6
79 111 108 63 100000 100000 44 42 82 100000 64 100000 69 100000 63 92 48 100000 100000 96 5
80 7 4 5 100000 5 1 4 6 100000 100000 100000 6 100000 2 100000 100000 100000 4 3 100000
81 26 24 10 6 2 100000 100000 13 100000 10 100000 100000 11 12 5 3 23 100000 21 100000
82 10 3 2 5 100000 7 2 100000 100000 9 100000 1 1 6 2 100000 7 2 9 100000
83 21 15 15 100000 3 13 2 10 13 14 3 3 100000 6 16 19 11 18 100000 15
84 26 20 1 19 7 100000 19 4 12 8 23 10 18 15 5 25 6 19 23 100000
85 20 15 100000 6 13 11 100000 15 16 12 100000 16 100000 100000 10 100000 12 10 7 19
86 21 18 3 3 8 9 5 10 100000 15 4 9 100000 16 15 18 100000 14 100000 8
87 47 5 47 33 42 6 47 100000 15 38 22 5 6 9 29 100000 29 100000 46 100000
88 23 100000 17 100000 15 3 100000 5 17 16 8 5 14 11 17 23 6 100000 4 20
89 13 10 8 9 4 100000 100000 8 5 11 100000 12 100000 1 9 12 2 100000 6 6
90 19 13 16 100000 3 11 18 19 100000 8 10 7 8 2 4 9 13 12 17 3
91 115 27 47 100 113 100000 49 48 24 85 68 100000 77 3 96 99 100000 99 43 105
92 35 20 13 10 100000 100000 10 100000 24 3 29 30 15 33 100000 12 20 19 100000 25
93 26 17 18 18 6 1 8 13 100000 3 3 6 19 11 11 9 21 100000 3 11
94 46 4 34 33 100000 8 16 100000 20 42 44 4 100000 3 45 3 100000 25 43 100000
95 20 6 5 4 100000 3 3 100000 17 9 14 100000 3 100000 16 8 100000 17 17 7
96 31 29 26 100000 30 8 11 27 19 15 18 22 6 100000 19 25 2 100000 5 13
97 19 15 17 11 14 4 12 7 5 12 15 12 100000 15 4 11 11 19 15 100000
98 34 29 33 24 100000 13 28 18 21 26 100000 100000 25 26 20 100000 24 16 28 29
99 51 37 19 44 41 7 50 100000 21 35 30 45 51 100000 16 47 29 21 29 24
100 39 3 14 28 25 5 39 100000 28 33 100000 100000 10 26 31 100000 100000 14 31 30
101 30 5 24 100000 16 22 29 11 13 23 20 26 4 100000 29 6 7 29 23 14
102 26 6 21 26 13 14 2 16 100000 4 8 100000 8 100000 8 25 100000 9 14 18
103 13 100000 100000 100000 11 100000 9 5 8 2 4 8 100000 6 4 5 8 4 12 5
104 45 19 32 25 6 30 38 28 12 19 9 34 11 35 8 43 34 37 22 22
105 58 5 41 100000 32 53 15 4 11 100000 15 18 19 31 8 100000 29 44 45 27
106 28 19 100000 18 3 27 14 24 8 2 100000 25 23 18 16 100000 25 100000 11 4
107 8 5 8 4 8 100000 1 4 3 3 6 6 2 2 1 2 5 5 4 100000
108 43 28 30 8 17 41 14 100000 23 24 100000 100000 25 100000 19 43 20 28 12 29
109 40 22 5 100000 14 10 10 36 23 21 28 100000 33 100000 13 17 31 26 8 33
110 34 30 14 25 1 24 32 12 25 100000 15 25 100000 8 100000 31 3 7 24 28
111 23 21 1 19 16 3 100000 10 3 9 3 100000 18 5 13 100000 12 9 13 9
112 162 100000 114 94 106 46 85 70 91 15 152 4 100000 75 160 135 53 88 109 46
113 11 2 3 7 100000 9 5 100000 8 7 3 9 7 4 1 100000 9 2 5 100000
114 19 100000 8 16 100000 100000 3 100000 4 100000 13 13 11 7 100000 12 5 16 8 12
115 14 2 100000 4 10 3 12 5 100000 3 12 7 100000 9 13 100000 100000 4 4 100000
116 31 28 14 3 2 26 29 100000 17 20 18 8 15 10 15 24 11 100000 8 100000
117 32 10 7 100000 3 4 9 100000 3 14 15 3 15 10 7 26 10 17 29 28
118 26 4 14 14 13 23 18 18 7 11 100000 26 7 21 100000 12 100000 4 6 20
119 55 20 44 100000 6 47 43 32 100000 100000 33 20 8 7 49 39 12 29 17 10
120 31 100000 25 10 9 100000 28 3 9 25 100000 31 15 27 20 5 28 100000 4 30
121 32 100000 3 100000 6 100000 27 29 100000 6 14 24 31 25 100000 29 14 100000 3 22
122 26 100000 15 25 15 12 15 100000 26 3 11 12 100000 24 24 9 100000 2 6 8
123 19 5 16 5 12 18 100000 16 6 6 100000 100000 100000 19 8 100000 100000 8 4 3
124 14 13 100000 100000 8 2 13 100000 7 12 6 6 100000 12 100000 100000 100000 8 5 4
125 19 16 2 100000 3 3 100000 9 100000 6 18 15 17 11 100000 16 17 100000 13 12
126 48 100000 100000 33 28 37 24 8 27 100000 35 2 47 47 30 12 21 16 100000 4
127 55 23 44 34 7 100000 100000 37 22 15 54 100000 30 32 47 100000 25 100000 53 44
128 8 7 7 3 5 100000 7 3 5 5 5 4 6 100000 100000 2 100000 2 1 3
129 11 1 2 8 4 10 100000 100000 9 100000 4 1 3 2 10 5 4 8 5 4
130 27 2 11 26 11 13 5 13 25 100000 6 16 100000 100000 11 100000 3 10 100000 100000
131 18 6 3 100000 100000 7 100000 14 8 3 18 100000 11 100000 15 14 100000 10 13 8
132 36 13 100000 27 8 7 32 3 11 11 5 100000 19 100000 30 31 100000 36 100000 24
133 23 21 7 4 22 15 100000 7 100000 23 7 18 19 23 100000 8 100000 13 100000 13
134 20 2 19 10 6 14 9 17 15 19 18 6 8 11 18 14 7 3 100000 16
135 46 25 42 35 100000 33 41 7 29 8 28 28 34 100000 100000 42 100000 20 41 30
136 64 58 39 9 100000 6 5 38 55 48 22 24 32 5 100000 31 21 16 33 3
137 22 100000 18 100000 14 21 14 11 6 20 18 18 1 14 100000 100000 14 100000 5 10
138 15 3 9 15 12 100000 3 100000 11 12 12 100000 12 5 4 1 6 100000 8 5
139 34 9 7 21 26 16 100000 100000 100000 31 26 10 21 7 28 15 14 20 100000 17
140 22 100000 9 19 100000 100000 15 4 17 100000 9 3 8 100000 15 1 6 10 12 17
141 151 100000 104 64 45 141 16 103 31 150 100000 124 60 46 64 108 142 100000 79 15
142 148 86 97 107 142 89 127 47 4 132 98 60 120 108 104 142 7 97 105 16
143 64 100000 100000 100000 9 19 100000 100000 100000 19 47 22 100000 17 100000 23 38 100000 31 100000
144 170 4 133 69 100000 100000 75 100000 119 25 75 75 58 104 100000 107 168 128 62 126
145 137 113 23 100000 100000 15 126 125 32 132 91 129 16 99 127 125 84 100000 34 107
146 64 13 22 33 22 46 21 20 36 44 43 100000 63 60 12 17 34 22 60 100000
147 78 56 60 4 70 78 56 17 10 66 17 100000 37 50 46 37 100000 23 13 11
148 78 100000 52 28 53 65 44 43 55 9 32 8 36 62 6 76 66 100000 100000 29
<task directions>
1 E
2 E
3 E
4 E
5 E
6 E
7 E
8 E
9 E
10 E
11 E
12 E
13 E
14 E
15 L
16 R
17 E
18 L
19 R
20 E
21 R
22 L
23 L
24 R
25 R
26 R
27 L
28 L
29 E
30 R
31 E
32 L
33 R
34 L
35 R
36 R
37 R
38 R
39 R
40 R
41 R
42 L
43 L
44 L
45 L
46 L
47 L
48 E
49 L
50 E
51 L
52 L
53 L
54 L
55 R
56 E
57 L
58 L
59 E
60 E
61 E
62 E
63 E
64 R
65 E
66 E
67 E
68 E
69 R
70 R
71 R
72 R
73 E
74 E
75 E
76 E
77 E
78 E
79 E
80 E
81 E
82 E
83 E
84 E
85 E
86 E
87 E
88 E
89 E
90 E
91 E
92 E
93 L
94 E
95 E
96 E
97 E
98 E
99 E
100 E
101 E
102 E
103 E
104 E
105 E
106 E
107 E
108 E
109 E
110 E
111 E
112 L
113 L
114 E
115 E
116 E
117 E
118 E
119 E
120 E
121 E
122 E
123 E
124 E
125 E
126 E
127 E
128 L
129 L
130 L
131 L
132 E
133 L
134 R
135 E
136 E
137 L
138 E
139 E
140 E
141 L
142 R
143 L
144 L
145 R
146 R
147 L
148 R
<precedence relations>
1,5
1,6
1,7
1,8
2,3
3,4
3,5
3,6
3,7
4,8
5,14
6,9
7,14
8,10
9,14
10,14
11,12
12,13
14,15
14,16
15,17
16,17
17,18
17,19
18,20
19,20
20,21
20,22
20,23
20,24
21,25
21,26
21,27
21,28
22,25
22,26
22,27
22,28
23,25
23,26
23,27
23,28
24,25
24,26
24,27
24,28
25,29
26,29
27,29
28,29
29,31
31,36
32,34
33,35
34,36
35,36
36,37
37,38
37,45
38,39
39,40
40,41
40,48
40,55
42,43
43,44
45,46
46,47
47,48
47,49
47,55
50,51
51,53
51,69
52,53
54,133
55,54
55,72
55,76
55,87
55,88
56,73
57,79
58,84
58,86
59,75
59,87
61,62
62,63
63,67
64,65
64,71
64,72
65,66
65,99
66,67
67,68
68,95
68,98
69,82
70,71
72,134
73,84
73,86
73,87
73,88
73,96
74,75
75,88
75,97
76,77
77,78
78,79
79,80
80,81
81,106
82,83
82,89
82,143
82,146
84,85
88,111
89,90
90,79
91,105
92,135
95,101
96,104
98,101
99,100
100,101
101,102
101,103
102,127
103,127
105,119
106,107
107,108
108,109
109,110
111,112
112,113
113,114
113,116
113,120
113,123
113,128
114,115
115,125
116,117
117,118
118,126
120,121
121,122
122,126
123,124
124,125
128,129
129,130
130,131
130,137
132,135
133,135
134,135
135,136
138,139
139,140
141,142
142,143
142,146
142,147
142,148
144,145
145,147
145,148
<end>