<number of tasks>
148
<number of mated-station>
11
<number of workers>
22
<task times>
1 16 25 100000 100000 100000 29 27 2 100000 4 14 100000 40 100000 48 35 37 41 40 38 16 100000
2 30 78 66 100000 89 88 73 27 40 27 43 69 18 100000 84 23 100000 6 13 82 79 74
3 7 13 13 100000 9 7 13 100000 16 12 3 100000 6 100000 11 18 20 17 11 17 3 100000
4 47 109 137 53 128 117 74 93 75 63 124 93 135 107 96 100000 99 130 100000 100000 100000 100000
5 29 100000 54 85 61 13 83 35 40 56 100000 14 100000 11 100000 65 100000 84 50 14 72 73
6 8 3 4 1 16 4 14 100000 100000 24 20 4 13 100000 100000 2 100000 9 100000 15 9 10
7 39 111 22 31 100000 101 13 96 47 108 27 100000 100 100000 46 86 28 100000 104 100000 68 16
8 37 59 15 48 109 18 9 48 77 75 51 100000 52 15 2 65 26 85 101 45 111 43
9 32 93 93 27 86 100000 100000 35 100000 87 64 100000 86 5 3 10 23 56 46 100000 67 42
10 29 53 45 34 32 100000 7 49 52 16 9 13 30 100000 10 100000 39 25 59 33 30 100000
11 17 45 17 100000 51 100000 10 6 100000 34 49 100000 42 37 47 35 41 19 100000 7 100000 13
12 11 11 33 15 26 5 100000 3 2 100000 20 25 4 31 26 23 32 13 29 4 100000 11
13 32 43 37 18 92 30 84 90 92 100000 79 6 66 100000 6 56 21 95 45 78 100000 91
14 15 6 39 35 23 5 4 4 9 100000 20 19 40 10 41 10 11 40 4 34 36 32
15 53 100000 44 42 41 66 146 100000 146 132 100000 88 138 69 100000 145 100000 107 71 56 138 113
16 53 100000 7 89 75 83 78 28 71 34 41 23 42 100000 82 42 99 100000 41 110 56 88
17 8 9 1 14 21 12 7 100000 100000 4 100000 2 12 100000 6 18 12 20 20 14 10 17
18 24 7 27 49 60 32 5 100000 65 100000 2 24 22 47 55 100000 20 8 100000 58 66 100000
19 24 38 21 19 19 44 100000 65 50 16 19 61 59 34 2 100000 71 100000 59 19 49 100000
20 8 100000 100000 3 18 1 1 9 17 5 100000 22 24 5 13 16 7 17 6 100000 100000 6
21 7 3 100000 16 4 15 9 13 100000 8 100000 10 19 20 3 3 100000 14 100000 6 2 5
22 8 9 15 100000 1 20 100000 10 3 4 100000 6 12 14 18 100000 18 13 100000 8 18 10
23 14 40 25 21 24 5 2 16 4 39 2 22 100000 22 2 32 100000 100000 17 14 19 14
24 13 100000 4 25 37 16 30 12 9 19 9 4 26 100000 34 2 21 1 100000 27 100000 31
25 10 10 100000 13 14 21 100000 5 12 10 100000 12 9 3 26 22 12 9 21 12 26 20
26 25 100000 22 48 100000 58 34 100000 8 21 5 100000 39 46 100000 41 28 6 100000 14 49 51
27 11 12 15 100000 4 25 27 14 15 3 20 9 18 3 33 26 2 100000 29 19 100000 100000
28 25 73 35 34 45 35 24 31 71 100000 100000 46 67 9 100000 11 61 45 65 100000 100000 100000
29 11 2 7 19 2 100000 16 11 100000 26 2 8 100000 13 6 9 22 11 15 100000 31 13
30 29 100000 100000 38 15 100000 100000 37 73 55 48 100000 29 5 100000 50 34 100000 61 76 5 65
31 25 65 100000 61 100000 100000 52 100000 21 100000 25 60 41 26 100000 32 20 63 16 48 100000 57
32 10 100000 27 21 21 27 16 29 100000 23 30 5 6 16 20 9 16 3 23 13 100000 100000
33 14 26 19 39 12 10 39 100000 100000 22 6 36 32 100000 100000 100000 33 33 100000 14 13 2
34 41 121 6 18 110 93 5 49 100000 116 114 58 41 117 100000 66 100000 68 123 74 103 100000
35 42 100000 100000 47 16 60 34 75 39 100000 124 100000 95 111 49 100000 16 74 100000 97 117 74
36 47 107 4 36 36 40 119 2 100000 131 28 43 100000 25 100000 107 100000 100000 120 35 96 110
37 7 18 100000 11 12 15 1 19 100000 17 6 100000 16 10 11 10 17 20 3 14 19 9
38 80 135 58 185 100000 100000 223 130 123 39 185 137 197 100000 100000 202 147 100000 142 46 164 144
39 7 18 17 21 18 100000 100000 10 16 11 3 100000 7 100000 18 9 19 13 7 100000 19 100000
40 41 100000 100000 68 74 49 73 82 11 53 121 89 94 5 42 82 100000 68 55 17 13 107
41 47 100000 138 100000 100000 141 105 77 82 113 100000 124 100000 110 100000 100000 106 5 26 102 7 79
42 16 6 32 10 32 20 34 43 34 100000 25 48 100000 45 23 100000 1 31 41 8 6 14
43 32 91 83 19 34 30 27 40 62 91 14 52 100000 100000 10 5 100000 39 65 51 82 100000
44 66 188 100000 170 100000 60 196 184 111 48 101 36 100000 153 100000 34 78 145 157 100000 17 38
45 80 101 111 168 100000 39 125 113 87 100000 70 100000 100000 100000 195 13 202 13 223 100000 173 156
46 7 15 10 11 10 14 20 13 19 13 9 19 100000 6 6 16 3 2 9 8 100000 21
47 41 36 100000 100000 97 100000 28 100000 100000 100000 100000 24 121 100000 73 95 96 16 110 50 49 3
48 13 24 37 24 39 15 4 17 34 38 23 100000 14 7 4 17 25 24 5 22 100000 19
49 47 30 100000 53 100000 58 100000 100000 100000 98 100000 57 89 37 44 100000 92 22 100000 14 9 96
50 33 31 15 32 20 62 98 64 88 78 12 47 51 27 91 47 73 56 59 59 63 38
51 34 27 100000 78 67 2 100000 73 100000 93 56 100000 100000 85 94 78 100 39 28 17 75 53
52 11 32 5 100000 100000 23 11 25 13 31 14 22 100000 10 5 11 29 100000 16 19 32 26
53 118 139 294 57 43 121 100000 223 29 160 269 340 209 199 47 294 86 100000 315 100000 206 354
54 25 52 65 100000 8 47 100000 14 67 16 66 100000 51 22 54 18 53 44 34 36 100000 51
55 7 8 7 21 2 100000 18 5 14 16 12 100000 19 17 100000 100000 6 100000 18 7 9 12
56 28 79 100000 15 100000 100000 100000 8 100000 42 80 12 49 68 7 23 11 80 10 23 69 100000
57 12 30 22 16 26 100000 9 22 22 5 24 100000 13 19 30 5 100000 2 24 22 100000 29
58 52 9 32 57 66 97 136 100000 58 100000 100000 100000 128 100000 65 100000 68 131 100000 80 60 100000
59 14 31 33 42 5 28 22 30 25 18 12 8 9 8 28 28 100000 28 34 10 13 26
60 3 5 7 100000 2 1 8 5 6 7 8 7 2 100000 4 1 7 5 100000 5 8 3
61 3 6 2 3 100000 3 4 100000 5 7 5 100000 3 2 8 5 100000 4 100000 7 7 4
62 8 23 9 21 3 18 100000 8 13 1 18 8 8 24 4 1 4 100000 15 14 22 20
63 16 16 13 30 8 22 21 46 43 43 16 40 27 11 19 100000 11 32 40 47 44 9
64 33 74 55 87 89 7 100000 100000 47 23 15 100000 77 100000 79 61 16 54 61 69 5 96
65 8 13 100000 100000 19 6 13 14 6 10 7 2 100000 2 5 3 3 21 22 2 19 4
66 18 36 39 10 28 100000 45 14 5 7 100000 44 26 17 28 100000 34 21 27 100000 6 100000
67 10 29 100000 28 1 12 10 100000 24 16 2 100000 25 100000 22 100000 17 16 25 100000 24 18
68 14 2 2 28 16 2 28 33 26 100000 10 100000 38 6 37 6 10 35 35 40 34 25
69 28 6 58 100000 77 76 71 32 5 27 35 62 72 63 18 12 53 47 36 11 75 50
70 11 100000 18 10 29 18 24 6 9 4 16 7 31 12 1 100000 21 7 19 32 28 7
71 118 57 305 100000 269 241 100000 262 100000 86 96 100000 192 86 33 47 117 153 82 188 100000 29
72 25 68 31 100000 57 46 100000 60 61 100000 65 43 28 59 6 2 48 35 69 28 100000 62
73 40 72 94 62 78 100000 77 57 100000 100000 100000 25 24 58 99 109 100000 18 24 64 51 83
74 40 100 28 83 89 106 100000 26 72 38 63 20 100000 12 15 83 57 55 5 120 115 19
75 101 252 300 19 86 107 279 137 34 100000 285 155 170 100000 191 95 158 194 188 83 100000 158
76 5 4 100000 6 13 4 14 9 100000 100000 100000 9 6 4 100000 7 8 13 7 11 12 11
77 28 13 47 57 44 69 42 31 100000 100000 100000 3 67 7 8 55 57 33 41 25 41 35
78 8 9 6 15 4 11 6 21 15 100000 17 6 100000 14 7 11 7 13 100000 100000 8 9
79 111 100000 57 94 34 100000 94 137 200 100000 267 100000 230 233 87 213 220 4 330 100000 101 100000
80 7 100000 2 6 100000 1 18 8 100000 100000 10 11 17 100000 10 19 5 14 2 100000 100000 21
81 26 100000 43 8 100000 70 42 57 10 34 33 100000 36 100000 59 63 76 15 56 4 53 74
82 10 26 2 3 23 100000 17 17 100000 6 6 21 17 100000 7 4 100000 5 100000 23 9 8
83 21 100000 57 42 61 31 31 24 10 100000 15 48 46 100000 100000 100000 50 14 54 23 41 61
84 26 100000 51 100000 100000 37 18 29 73 67 26 61 24 100000 61 26 49 9 58 100000 64 40
85 20 23 41 51 5 100000 60 17 41 31 41 28 19 37 28 3 9 31 19 56 20 59
86 21 5 100000 3 60 57 30 52 39 100000 44 48 37 34 53 100000 31 100000 24 100000 100000 45
87 47 63 106 79 103 4 123 91 100000 100000 100000 100000 103 107 100000 140 16 100000 67 100000 15 67
88 23 29 100000 42 40 67 64 100000 20 10 23 39 100000 60 66 11 100000 67 38 25 100000 43
89 13 100000 36 26 100000 25 27 12 35 6 8 33 22 3 21 32 18 6 100000 20 28 100000
90 19 30 48 100000 100000 100000 100000 8 26 27 100000 25 42 21 49 100000 50 100000 100000 100000 25 33
91 115 100000 183 180 338 166 100000 256 77 104 242 159 118 283 300 156 149 100000 276 121 207 307
92 35 100000 75 20 22 43 88 51 91 50 28 39 100000 24 56 21 101 48 41 93 24 90
93 26 17 25 68 23 100000 48 22 100000 51 35 63 19 69 100000 75 72 70 56 100000 64 4
94 46 101 82 96 45 100000 102 100000 22 37 41 86 33 101 113 74 54 15 52 100000 75 100000
95 20 100000 100000 10 10 100000 35 16 43 3 32 40 47 51 33 100000 6 22 55 58 21 33
96 31 29 3 84 53 22 100000 45 14 100000 100000 100000 58 35 100000 46 59 22 43 59 47 5
97 19 22 50 26 39 2 41 33 28 33 5 5 39 15 45 30 14 18 45 2 18 100000
98 34 4 50 100000 4 84 67 28 93 18 24 83 24 48 61 100000 62 100000 31 100000 30 40
99 51 100000 113 66 100000 68 132 132 100000 100 130 100000 100000 88 18 13 80 95 68 100000 103 62
100 39 30 52 100000 100000 79 108 111 80 104 47 59 28 105 100000 2 76 29 30 46 97 100000
101 30 2 85 65 30 50 8 21 57 65 52 48 86 17 8 23 28 100000 100000 4 32 13
102 26 46 100000 37 9 52 100000 100000 12 13 53 36 40 65 5 15 75 55 56 100000 48 24
103 13 2 21 29 18 100000 26 7 1 9 22 100000 100000 12 27 21 18 28 100000 27 33 7
104 45 126 26 30 4 59 119 4 116 64 39 108 72 22 100000 6 75 95 33 29 100000 102
105 58 100000 134 30 134 62 143 100000 132 100000 29 82 25 148 23 100000 100000 138 43 44 127 11
106 28 74 100000 11 59 45 17 24 59 19 100000 25 59 100000 19 47 15 50 33 33 13 58
107 8 7 13 19 100000 20 100000 9 5 13 9 100000 3 100000 8 21 21 19 100000 14 2 100000
108 43 116 123 13 100000 65 32 100000 100000 100000 111 120 92 79 94 9 103 2 96 37 114 100000
109 40 65 63 31 93 100000 82 22 97 116 107 114 108 18 51 100000 101 2 70 108 102 83
110 34 11 100000 22 15 9 58 67 100000 100000 100000 42 43 61 14 100000 63 77 40 43 46 98
111 23 21 62 40 47 100000 100000 47 6 34 100000 34 46 100000 32 23 61 41 11 5 31 41
112 162 100000 239 100000 307 486 100000 59 100000 408 404 224 350 100000 132 35 471 316 54 40 98 273
113 11 16 31 21 4 100000 17 100000 100000 27 4 21 11 31 100000 32 29 30 23 26 12 16
114 19 39 100000 11 35 49 11 36 100000 4 100000 3 36 19 56 15 39 25 42 100000 17 43
115 14 3 100000 36 20 40 13 22 17 25 40 100000 3 100000 28 100000 39 37 36 14 25 11
116 31 100000 17 68 52 2 17 100000 74 75 93 100000 48 69 100000 21 64 40 68 15 18 82
117 32 100000 5 80 100000 33 100000 100000 7 12 80 100000 87 90 66 11 92 34 100000 43 81 4
118 26 100000 100000 57 38 69 10 40 62 43 55 38 6 58 57 45 5 11 37 26 57 3
119 55 111 45 155 39 21 37 124 96 109 19 155 8 119 72 129 100000 100000 78 100000 149 131
120 31 100000 73 100000 25 37 30 14 18 26 100000 63 93 41 44 86 100000 87 100000 69 3 72
121 32 68 100000 66 81 42 100000 87 100000 16 85 100000 2 84 100000 26 100000 68 33 33 100000 100000
122 26 100000 43 28 70 68 100000 67 9 100000 4 36 100000 65 43 35 100000 100000 55 66 10 55
123 19 9 11 49 4 21 52 48 35 100000 50 100000 16 39 3 44 10 48 36 11 11 20
124 14 28 40 9 33 30 19 5 4 100000 33 20 38 100000 26 26 19 100000 30 17 28 24
125 19 100000 100000 35 100000 14 100000 53 4 100000 22 24 35 42 27 38 100000 39 55 44 34 38
126 48 32 94 131 100000 50 100000 77 100000 100000 7 8 27 100000 30 11 4 100000 68 74 61 121
127 55 124 55 137 81 104 163 122 100000 45 160 100000 73 100000 72 127 6 119 55 93 31 101
128 8 100000 12 100000 100000 2 17 100000 11 23 10 100000 2 100000 100000 15 13 8 14 14 17 3
129 11 9 100000 18 7 100000 13 100000 16 17 12 9 100000 4 100000 17 17 26 31 5 100000 26
130 27 100000 67 100000 100000 55 11 100000 81 100000 38 100000 44 10 55 18 65 24 63 100000 100000 69
131 18 21 30 29 47 19 43 45 35 100000 100000 100000 31 16 31 13 100000 100000 100000 100000 26 28
132 36 100000 11 107 22 71 53 19 100000 78 92 17 29 23 71 60 87 53 87 12 33 100000
133 23 57 67 62 23 32 62 25 45 36 30 25 2 100000 100000 53 32 6 4 55 34 15
134 20 100000 35 21 41 100000 100000 46 48 33 100000 29 16 3 43 39 46 32 100000 38 100000 100000
135 46 28 100000 126 100000 100000 87 100000 79 42 113 42 100000 12 89 100000 79 128 53 102 102 100000
136 64 171 112 167 171 45 102 161 83 43 3 3 100000 148 158 11 100000 100000 56 37 140 190
137 22 55 42 100000 38 35 25 19 100000 7 100000 15 100000 55 41 52 5 63 30 28 26 65
138 15 30 100000 15 100000 43 4 100000 2 1 7 27 5 3 8 7 100000 100000 40 100000 39 12
139 34 100000 48 82 92 99 30 61 26 100000 26 6 13 59 93 68 100000 53 43 64 2 74
140 22 34 53 47 100000 100000 34 100000 100000 100000 63 47 34 100000 21 100000 17 63 52 54 100000 7
141 151 186 109 100000 394 100000 286 100000 277 385 100000 100000 168 299 100000 245 426 408 340 60 385 286
142 148 32 196 293 59 285 413 395 440 100000 205 386 85 100000 81 293 311 156 103 311 45 236
143 64 140 140 39 171 150 7 77 167 161 100000 171 154 98 154 45 45 100000 5 163 100000 56
144 170 184 306 322 301 352 62 347 352 220 332 474 317 337 164 266 291 62 21 449 271 439
145 137 30 276 206 132 214 251 157 100000 386 100000 100000 124 100000 399 120 350 333 100000 67 100000 100000
146 64 49 95 137 83 152 56 100000 188 75 156 184 72 100000 152 144 119 97 182 64 144 100000
147 78 194 145 92 41 41 229 157 159 43 90 108 166 206 80 59 204 141 232 222 41 87
148 78 232 131 55 164 187 204 131 50 229 194 100000 169 180 234 183 171 108 197 100000 176 157
<task directions>
1 E
2 E
3 E
4 E
5 E
6 E
7 E
8 E
9 E
10 E
11 E
12 E
13 E
14 E
15 L
16 R
17 E
18 L
19 R
20 E
21 R
22 L
23 L
24 R
25 R
26 R
27 L
28 L
29 E
30 R
31 E
32 L
33 R
34 L
35 R
36 R
37 R
38 R
39 R
40 R
41 R
42 L
43 L
44 L
45 L
46 L
47 L
48 E
49 L
50 E
51 L
52 L
53 L
54 L
55 R
56 E
57 L
58 L
59 E
60 E
61 E
62 E
63 E
64 R
65 E
66 E
67 E
68 E
69 R
70 R
71 R
72 R
73 E
74 E
75 E
76 E
77 E
78 E
79 E
80 E
81 E
82 E
83 E
84 E
85 E
86 E
87 E
88 E
89 E
90 E
91 E
92 E
93 L
94 E
95 E
96 E
97 E
98 E
99 E
100 E
101 E
102 E
103 E
104 E
105 E
106 E
107 E
108 E
109 E
110 E
111 E
112 L
113 L
114 E
115 E
116 E
117 E
118 E
119 E
120 E
121 E
122 E
123 E
124 E
125 E
126 E
127 E
128 L
129 L
130 L
131 L
132 E
133 L
134 R
135 E
136 E
137 L
138 E
139 E
140 E
141 L
142 R
143 L
144 L
145 R
146 R
147 L
148 R
<precedence relations>
1,5
1,6
1,7
1,8
2,3
3,4
3,5
3,6
3,7
4,8
5,14
6,9
7,14
8,10
9,14
10,14
11,12
12,13
14,15
14,16
15,17
16,17
17,18
17,19
18,20
19,20
20,21
20,22
20,23
20,24
21,25
21,26
21,27
21,28
22,25
22,26
22,27
22,28
23,25
23,26
23,27
23,28
24,25
24,26
24,27
24,28
25,29
26,29
27,29
28,29
29,31
31,36
32,34
33,35
34,36
35,36
36,37
37,38
37,45
38,39
39,40
40,41
40,48
40,55
42,43
43,44
45,46
46,47
47,48
47,49
47,55
50,51
51,53
51,69
52,53
54,133
55,54
55,72
55,76
55,87
55,88
56,73
57,79
58,84
58,86
59,75
59,87
61,62
62,63
63,67
64,65
64,71
64,72
65,66
65,99
66,67
67,68
68,95
68,98
69,82
70,71
72,134
73,84
73,86
73,87
73,88
73,96
74,75
75,88
75,97
76,77
77,78
78,79
79,80
80,81
81,106
82,83
82,89
82,143
82,146
84,85
88,111
89,90
90,79
91,105
92,135
95,101
96,104
98,101
99,100
100,101
101,102
101,103
102,127
103,127
105,119
106,107
107,108
108,109
109,110
111,112
112,113
113,114
113,116
113,120
113,123
113,128
114,115
115,125
116,117
117,118
118,126
120,121
121,122
122,126
123,124
124,125
128,129
129,130
130,131
130,137
132,135
133,135
134,135
135,136
138,139
139,140
141,142
142,143
142,146
142,147
142,148
144,145
145,147
145,148
<end>