<number of tasks>
148
<number of mated-station>
8
<number of workers>
16
<task times>
1 16 12 100000 100000 5 100000 100000 100000 100000 10 6 100000 10 4 100000 100000
2 30 6 2 7 27 24 100000 4 18 8 6 3 6 10 15 27
3 7 6 7 4 100000 3 7 4 2 3 7 6 100000 4 5 4
4 47 19 31 29 46 11 33 24 22 40 47 13 36 28 47 12
5 29 5 17 20 12 9 100000 100000 1 26 29 18 100000 24 1 12
6 8 4 6 100000 7 100000 100000 2 5 1 7 7 3 5 100000 7
7 39 13 20 4 9 21 100000 100000 100000 100000 21 23 1 30 100000 33
8 37 100000 18 12 6 33 18 2 100000 18 27 7 11 27 2 100000
9 32 19 5 15 19 20 16 26 31 27 100000 28 100000 31 100000 11
10 29 6 28 4 23 7 100000 100000 21 16 25 16 27 100000 100000 4
11 17 15 5 6 14 9 100000 4 7 11 17 11 13 9 100000 8
12 11 100000 10 100000 5 5 4 5 3 100000 100000 10 3 10 6 8
13 32 100000 29 24 100000 21 100000 3 3 100000 19 31 4 100000 3 21
14 15 13 100000 10 9 100000 9 12 14 100000 5 5 13 13 7 3
15 53 7 100000 48 37 22 52 9 21 22 21 33 100000 100000 30 100000
16 53 100000 37 49 4 13 38 9 21 53 36 29 100000 35 28 30
17 8 1 4 2 7 100000 4 4 4 6 1 5 100000 3 100000 2
18 24 24 100000 4 11 14 100000 7 17 22 15 7 20 19 4 4
19 24 100000 100000 2 7 8 10 9 8 100000 15 22 11 100000 14 11
20 8 6 6 7 6 7 100000 100000 6 5 6 5 7 8 7 1
21 7 100000 2 100000 2 2 5 7 2 100000 2 6 6 100000 100000 6
22 8 5 6 6 7 4 100000 7 6 100000 7 8 7 100000 3 8
23 14 6 100000 100000 100000 13 9 4 11 6 4 100000 100000 3 100000 6
24 13 8 8 12 6 100000 2 3 3 5 2 100000 100000 1 12 100000
25 10 5 9 10 6 3 100000 100000 5 6 2 4 3 5 10 8
26 25 100000 5 100000 20 16 20 100000 100000 100000 20 3 17 100000 16 2
27 11 4 9 7 9 9 2 7 6 8 3 10 2 10 10 8
28 25 24 16 6 19 7 13 19 23 7 22 16 12 9 18 14
29 11 6 10 100000 8 4 4 6 11 10 3 100000 7 100000 11 2
30 29 100000 21 100000 19 100000 10 19 16 10 28 23 100000 100000 11 6
31 25 100000 19 13 100000 13 22 100000 100000 10 9 18 20 100000 18 19
32 10 5 100000 3 2 9 4 2 9 4 6 100000 100000 2 8 7
33 14 11 8 2 13 7 100000 2 6 2 3 100000 1 100000 6 9
34 41 100000 35 23 2 37 100000 100000 100000 100000 18 7 13 100000 100000 13
35 42 22 40 17 100000 39 11 3 20 25 19 24 26 9 33 7
36 47 19 100000 12 100000 43 24 39 100000 35 4 32 33 100000 30 100000
37 7 5 5 100000 1 6 100000 3 2 2 5 6 2 1 2 100000
38 80 50 41 100000 100000 71 36 100000 100000 19 43 3 26 29 71 59
39 7 5 5 5 1 2 6 7 4 4 3 4 6 100000 3 100000
40 41 23 40 28 100000 100000 30 17 29 29 41 22 32 12 9 13
41 47 15 32 36 100000 33 38 44 15 43 100000 36 100000 35 100000 33
42 16 14 4 4 12 10 16 7 7 100000 8 15 8 8 100000 8
43 32 30 7 19 20 8 2 23 19 100000 8 31 20 25 32 5
44 66 49 63 100000 61 22 65 54 20 18 63 100000 39 45 23 61
45 80 100000 100000 78 100000 38 38 55 67 44 100000 59 67 48 68 100000
46 7 5 2 5 100000 4 3 5 6 5 100000 4 100000 100000 3 7
47 41 40 1 31 28 29 39 4 17 4 9 9 100000 18 25 7
48 13 4 100000 3 10 6 100000 7 2 12 5 13 3 5 100000 9
49 47 100000 25 35 25 15 100000 17 9 43 100000 7 100000 37 29 9
50 33 21 13 27 32 23 100000 10 30 21 24 22 3 100000 100000 100000
51 34 20 100000 24 10 27 19 32 13 28 6 4 24 100000 13 21
52 11 6 5 100000 11 2 6 4 100000 3 10 100000 6 100000 100000 5
53 118 105 62 92 100000 107 17 79 100000 81 64 54 35 118 100000 19
54 25 23 8 15 100000 1 12 12 13 20 23 18 5 4 6 7
55 7 4 4 100000 6 5 5 5 7 7 1 2 6 2 5 2
56 28 24 100000 22 16 18 7 13 2 26 25 26 3 11 11 27
57 12 9 1 12 1 11 4 100000 1 100000 5 7 1 10 100000 9
58 52 4 2 24 31 22 25 38 17 14 34 13 37 100000 9 3
59 14 8 11 100000 3 8 9 8 3 6 7 100000 100000 5 11 11
60 3 3 2 100000 100000 3 3 100000 100000 1 1 3 2 2 2 3
61 3 100000 2 2 100000 100000 100000 1 100000 3 2 3 100000 1 2 100000
62 8 1 3 3 100000 7 3 4 2 100000 8 6 100000 5 6 4
63 16 11 11 8 13 5 5 9 100000 9 14 7 10 9 8 2
64 33 13 32 1 23 8 22 16 25 28 100000 31 23 100000 5 17
65 8 5 6 100000 5 2 5 3 7 6 4 5 5 100000 100000 100000
66 18 1 15 100000 100000 100000 2 7 1 11 8 18 17 15 100000 4
67 10 3 100000 2 9 4 5 10 100000 100000 9 9 4 2 2 4
68 14 7 2 6 13 14 12 100000 100000 2 6 14 2 3 100000 100000
69 28 3 9 10 23 15 16 100000 100000 5 9 10 6 13 9 17
70 11 7 1 1 8 1 7 4 3 5 5 7 2 10 2 9
71 118 100000 58 100000 16 106 81 57 72 51 74 35 56 63 100000 100000
72 25 20 22 12 100000 8 15 14 6 5 22 19 15 12 21 15
73 40 100000 14 24 100000 20 23 13 11 25 22 15 31 33 5 100000
74 40 33 25 37 19 38 17 30 11 100000 26 33 19 15 38 22
75 101 6 86 100000 100000 57 4 64 68 36 16 100000 35 100 81 100000
76 5 3 2 4 4 2 100000 2 4 100000 100000 100000 4 100000 3 1
77 28 19 9 19 9 7 26 17 9 6 100000 24 23 26 100000 100000
78 8 3 7 6 7 1 7 4 7 8 5 1 4 7 100000 7
79 111 12 84 102 90 100000 100000 40 5 51 82 82 15 7 48 35
80 7 3 5 2 100000 4 4 6 6 100000 6 2 4 100000 4 3
81 26 17 19 100000 4 19 6 25 10 10 22 100000 9 100000 2 11
82 10 5 6 6 100000 3 6 4 4 4 6 10 3 7 2 3
83 21 18 8 100000 100000 11 100000 2 15 10 15 19 8 18 7 3
84 26 100000 3 11 15 6 20 22 24 2 17 7 11 20 24 13
85 20 19 20 100000 8 5 7 20 100000 19 100000 15 6 19 17 1
86 21 16 9 12 100000 19 16 12 100000 100000 100000 8 18 16 100000 19
87 47 43 100000 29 30 11 26 100000 12 14 40 25 100000 31 40 11
88 23 8 4 11 16 17 16 18 4 21 100000 4 15 14 8 100000
89 13 9 4 6 7 100000 4 100000 6 11 4 5 3 100000 4 5
90 19 13 100000 5 16 18 6 19 3 7 6 13 17 100000 6 12
91 115 97 36 35 115 100000 115 59 66 83 17 36 59 34 6 100000
92 35 11 32 22 11 100000 100000 13 9 20 16 8 2 7 29 10
93 26 100000 19 7 3 26 12 100000 3 23 100000 11 100000 13 6 15
94 46 26 7 100000 100000 13 4 38 21 33 7 28 100000 42 37 8
95 20 7 20 14 14 14 12 11 100000 16 100000 11 12 18 4 2
96 31 12 31 18 30 100000 22 22 20 26 100000 21 6 100000 20 100000
97 19 15 12 2 100000 2 100000 9 100000 9 13 100000 11 100000 100000 4
98 34 19 100000 4 26 8 29 31 14 9 100000 100000 28 11 11 2
99 51 41 41 100000 35 11 100000 100000 100000 24 3 32 100000 23 100000 100000
100 39 100000 100000 6 13 31 4 23 30 9 17 37 4 28 38 28
101 30 8 28 19 100000 4 15 26 20 13 23 21 100000 1 11 1
102 26 4 19 26 20 15 25 100000 100000 100000 100000 23 100000 8 5 26
103 13 100000 100000 10 100000 6 100000 7 100000 10 9 100000 9 12 12 7
104 45 37 34 41 42 16 100000 100000 31 19 2 40 4 8 44 25
105 58 8 35 39 45 17 28 4 25 20 100000 49 6 55 41 19
106 28 9 12 100000 9 100000 20 3 26 28 9 24 13 28 24 100000
107 8 100000 100000 4 4 6 6 1 100000 6 3 100000 2 2 6 8
108 43 17 22 100000 7 42 100000 14 16 100000 36 37 22 18 100000 11
109 40 100000 24 100000 38 16 23 8 25 28 100000 8 6 100000 100000 4
110 34 20 17 18 31 16 4 23 15 32 16 29 100000 17 11 6
111 23 11 100000 4 9 14 16 23 15 15 4 100000 8 100000 2 17
112 162 85 100000 149 100000 100000 32 49 56 93 100000 78 86 88 43 38
113 11 11 3 100000 8 9 10 2 6 5 10 3 6 6 3 10
114 19 3 2 15 13 7 10 2 10 2 9 19 100000 12 16 9
115 14 100000 3 100000 3 5 100000 9 4 100000 8 100000 4 4 11 100000
116 31 100000 100000 25 20 27 20 100000 10 21 30 12 15 24 13 100000
117 32 21 100000 28 13 19 21 2 24 5 8 26 16 7 2 21
118 26 15 19 100000 100000 14 100000 100000 11 11 21 100000 9 23 20 100000
119 55 51 40 29 10 100000 100000 11 12 100000 12 100000 4 15 44 5
120 31 14 100000 100000 24 25 18 20 6 5 25 4 100000 100000 6 100000
121 32 20 100000 100000 30 20 27 20 30 4 100000 29 100000 4 10 4
122 26 7 100000 9 100000 9 13 100000 9 15 5 22 25 23 9 18
123 19 2 15 3 5 2 3 10 7 2 10 9 11 100000 14 14
124 14 3 100000 8 3 3 4 8 4 9 5 100000 13 9 2 14
125 19 15 15 9 4 15 9 100000 6 4 3 4 7 2 2 12
126 48 100000 40 42 34 100000 100000 28 100000 100000 100000 41 7 34 100000 36
127 55 45 3 100000 100000 11 4 37 43 31 45 19 40 15 100000 43
128 8 6 3 6 5 3 100000 4 100000 8 3 4 8 100000 100000 3
129 11 8 100000 4 9 8 100000 3 5 100000 3 3 9 11 100000 5
130 27 14 14 4 8 100000 22 3 8 100000 100000 15 100000 23 4 22
131 18 2 100000 16 5 100000 10 5 9 8 2 6 16 17 16 18
132 36 10 30 21 3 8 8 31 20 2 11 34 6 26 100000 100000
133 23 20 100000 9 100000 9 5 100000 100000 18 4 3 9 11 5 100000
134 20 15 1 18 8 15 10 2 19 100000 19 1 15 9 10 20
135 46 100000 100000 100000 44 27 43 35 100000 6 11 100000 32 42 6 39
136 64 100000 22 100000 33 59 56 55 36 61 29 24 100000 100000 45 13
137 22 2 4 13 1 6 16 100000 7 100000 7 20 11 4 10 100000
138 15 100000 100000 100000 100000 12 4 100000 10 10 2 15 1 6 6 6
139 34 31 100000 15 3 12 6 33 12 15 20 32 100000 19 22 30
140 22 3 16 100000 100000 100000 9 100000 100000 2 5 100000 6 100000 100000 4
141 151 124 100000 82 15 142 124 15 84 100000 76 145 100 100000 22 104
142 148 100000 100000 79 22 67 17 45 107 60 76 104 66 130 100000 100000
143 64 22 100000 7 41 60 24 14 62 5 100000 31 10 55 2 19
144 170 20 67 128 50 100000 150 69 100000 100000 55 3 36 8 9 18
145 137 114 100000 132 108 32 106 6 66 100000 106 100000 45 50 65 100000
146 64 60 4 11 12 100000 45 60 64 6 27 15 38 43 33 10
147 78 64 77 69 76 73 72 60 22 36 51 100000 70 100000 6 22
148 78 50 51 100000 23 5 37 63 100000 56 40 69 52 9 52 12
<task directions>
1 E
2 E
3 E
4 E
5 E
6 E
7 E
8 E
9 E
10 E
11 E
12 E
13 E
14 E
15 L
16 R
17 E
18 L
19 R
20 E
21 R
22 L
23 L
24 R
25 R
26 R
27 L
28 L
29 E
30 R
31 E
32 L
33 R
34 L
35 R
36 R
37 R
38 R
39 R
40 R
41 R
42 L
43 L
44 L
45 L
46 L
47 L
48 E
49 L
50 E
51 L
52 L
53 L
54 L
55 R
56 E
57 L
58 L
59 E
60 E
61 E
62 E
63 E
64 R
65 E
66 E
67 E
68 E
69 R
70 R
71 R
72 R
73 E
74 E
75 E
76 E
77 E
78 E
79 E
80 E
81 E
82 E
83 E
84 E
85 E
86 E
87 E
88 E
89 E
90 E
91 E
92 E
93 L
94 E
95 E
96 E
97 E
98 E
99 E
100 E
101 E
102 E
103 E
104 E
105 E
106 E
107 E
108 E
109 E
110 E
111 E
112 L
113 L
114 E
115 E
116 E
117 E
118 E
119 E
120 E
121 E
122 E
123 E
124 E
125 E
126 E
127 E
128 L
129 L
130 L
131 L
132 E
133 L
134 R
135 E
136 E
137 L
138 E
139 E
140 E
141 L
142 R
143 L
144 L
145 R
146 R
147 L
148 R
<precedence relations>
1,5
1,6
1,7
1,8
2,3
3,4
3,5
3,6
3,7
4,8
5,14
6,9
7,14
8,10
9,14
10,14
11,12
12,13
14,15
14,16
15,17
16,17
17,18
17,19
18,20
19,20
20,21
20,22
20,23
20,24
21,25
21,26
21,27
21,28
22,25
22,26
22,27
22,28
23,25
23,26
23,27
23,28
24,25
24,26
24,27
24,28
25,29
26,29
27,29
28,29
29,31
31,36
32,34
33,35
34,36
35,36
36,37
37,38
37,45
38,39
39,40
40,41
40,48
40,55
42,43
43,44
45,46
46,47
47,48
47,49
47,55
50,51
51,53
51,69
52,53
54,133
55,54
55,72
55,76
55,87
55,88
56,73
57,79
58,84
58,86
59,75
59,87
61,62
62,63
63,67
64,65
64,71
64,72
65,66
65,99
66,67
67,68
68,95
68,98
69,82
70,71
72,134
73,84
73,86
73,87
73,88
73,96
74,75
75,88
75,97
76,77
77,78
78,79
79,80
80,81
81,106
82,83
82,89
82,143
82,146
84,85
88,111
89,90
90,79
91,105
92,135
95,101
96,104
98,101
99,100
100,101
101,102
101,103
102,127
103,127
105,119
106,107
107,108
108,109
109,110
111,112
112,113
113,114
113,116
113,120
113,123
113,128
114,115
115,125
116,117
117,118
118,126
120,121
121,122
122,126
123,124
124,125
128,129
129,130
130,131
130,137
132,135
133,135
134,135
135,136
138,139
139,140
141,142
142,143
142,146
142,147
142,148
144,145
145,147
145,148
<end>