<number of tasks>
148
<number of mated-station>
5
<number of workers>
10
<task times>
1 16 2 11 14 10 11 13 9 7 2
2 30 8 100000 13 30 24 100000 22 15 16
3 7 2 6 2 3 3 3 7 1 2
4 47 42 34 13 16 12 27 22 40 45
5 29 28 2 6 13 2 26 7 15 24
6 8 2 7 8 4 5 4 8 6 1
7 39 39 5 15 36 100000 19 2 12 23
8 37 100000 100000 16 13 13 12 20 19 28
9 32 20 11 18 29 17 24 14 10 20
10 29 21 4 23 100000 28 2 16 10 11
11 17 12 5 15 17 100000 10 13 15 11
12 11 10 4 4 7 9 11 8 5 100000
13 32 3 100000 15 30 20 22 4 19 14
14 15 5 10 11 5 100000 11 12 3 14
15 53 2 47 21 48 41 48 16 48 22
16 53 46 10 11 17 20 38 6 7 50
17 8 6 6 100000 6 6 8 3 7 100000
18 24 100000 16 22 100000 21 12 15 14 21
19 24 12 4 21 9 8 11 2 3 10
20 8 7 6 3 7 5 4 100000 1 100000
21 7 3 4 6 7 4 3 7 7 2
22 8 4 100000 100000 5 100000 4 7 4 2
23 14 6 10 12 3 2 9 11 12 5
24 13 9 7 4 3 10 3 5 1 6
25 10 2 4 10 2 3 2 3 9 8
26 25 4 23 100000 11 24 6 15 11 100000
27 11 1 9 100000 11 4 9 7 3 100000
28 25 12 24 2 25 16 17 15 8 100000
29 11 6 4 100000 9 9 5 2 3 4
30 29 25 29 6 10 7 16 25 11 100000
31 25 7 15 8 24 23 1 15 5 8
32 10 100000 5 7 2 4 6 3 8 9
33 14 9 2 9 9 2 11 12 6 11
34 41 23 4 26 6 4 33 27 15 10
35 42 3 11 100000 9 6 100000 30 5 18
36 47 2 31 10 44 100000 4 100000 46 30
37 7 4 4 1 4 6 4 2 4 2
38 80 56 46 100000 68 71 55 4 100000 37
39 7 4 1 3 3 3 3 7 4 3
40 41 100000 15 21 3 30 6 8 16 15
41 47 100000 19 4 38 31 34 3 100000 13
42 16 12 100000 8 5 100000 7 9 9 16
43 32 100000 100000 25 27 26 24 11 17 4
44 66 36 19 8 21 14 27 14 59 28
45 80 41 21 14 100000 48 55 5 79 100000
46 7 100000 6 100000 7 4 7 6 1 5
47 41 12 28 4 100000 3 27 33 12 40
48 13 2 9 3 10 10 9 2 12 4
49 47 42 26 26 30 24 46 36 100000 47
50 33 100000 11 15 22 29 12 25 11 21
51 34 13 7 12 3 1 16 2 22 9
52 11 4 100000 11 1 7 7 10 2 5
53 118 45 33 114 12 72 100000 16 105 63
54 25 18 17 13 16 2 100000 13 21 16
55 7 3 4 7 7 2 6 4 7 2
56 28 2 9 20 3 11 21 23 100000 12
57 12 6 5 6 11 100000 11 2 4 4
58 52 43 44 29 20 21 25 30 15 100000
59 14 100000 11 3 5 4 4 13 100000 8
60 3 2 2 1 1 2 2 2 100000 3
61 3 100000 2 2 3 1 2 3 2 3
62 8 7 100000 100000 100000 8 4 1 100000 100000
63 16 4 6 7 100000 7 6 11 14 13
64 33 22 24 6 14 3 21 6 8 100000
65 8 7 7 3 6 6 7 2 7 8
66 18 11 100000 11 11 100000 15 6 4 16
67 10 100000 2 100000 9 7 3 5 100000 7
68 14 12 5 2 5 6 5 4 11 100000
69 28 20 15 21 5 13 13 20 4 10
70 11 3 6 4 10 1 7 9 8 2
71 118 75 51 49 75 61 77 106 92 12
72 25 100000 100000 11 13 16 6 100000 19 13
73 40 34 30 9 22 12 35 10 32 26
74 40 19 2 40 10 10 8 17 36 7
75 101 97 73 6 89 6 41 35 43 90
76 5 3 3 4 3 2 2 2 100000 5
77 28 100000 2 2 20 18 5 6 16 28
78 8 100000 4 2 6 7 5 2 1 6
79 111 63 18 26 7 54 69 104 12 48
80 7 5 7 100000 2 4 4 1 4 6
81 26 17 22 25 1 7 15 100000 15 20
82 10 5 2 9 6 2 3 6 9 8
83 21 19 100000 3 6 2 11 18 20 6
84 26 20 6 15 22 7 17 2 24 100000
85 20 100000 5 19 100000 20 10 8 20 16
86 21 3 17 9 21 21 20 16 19 17
87 47 44 18 100000 7 19 21 17 43 2
88 23 6 21 13 13 22 21 5 8 19
89 13 7 4 4 3 10 9 11 6 10
90 19 1 16 12 19 12 15 100000 15 19
91 115 63 110 96 93 22 65 79 82 100
92 35 18 26 29 21 10 25 11 8 13
93 26 15 22 10 4 100000 11 19 6 25
94 46 11 4 10 38 44 11 45 100000 14
95 20 3 6 4 19 16 8 7 14 10
96 31 100000 28 29 9 20 23 3 1 11
97 19 6 100000 12 5 18 100000 18 6 14
98 34 24 12 5 9 100000 11 28 17 16
99 51 8 12 48 26 46 13 6 33 29
100 39 31 19 13 13 15 11 12 37 19
101 30 20 28 2 100000 13 19 27 4 23
102 26 24 15 19 7 17 26 9 100000 5
103 13 10 9 4 7 4 6 2 2 7
104 45 100000 100000 8 17 15 22 3 6 100000
105 58 23 19 52 45 3 55 100000 6 100000
106 28 8 23 25 8 100000 11 22 100000 21
107 8 6 7 5 6 4 3 100000 1 100000
108 43 100000 38 24 37 17 40 20 4 3
109 40 30 18 11 24 35 38 100000 18 33
110 34 10 22 10 15 20 12 15 12 20
111 23 14 13 13 12 15 13 7 5 100000
112 162 11 22 14 90 15 100000 65 117 109
113 11 2 11 10 8 7 9 4 5 5
114 19 2 100000 15 100000 10 9 16 5 12
115 14 11 1 10 14 8 10 10 2 8
116 31 26 4 18 24 15 100000 18 100000 28
117 32 31 100000 100000 30 20 16 100000 30 31
118 26 12 2 4 7 3 25 10 15 3
119 55 44 55 49 26 47 41 38 23 26
120 31 100000 19 24 6 15 8 3 21 27
121 32 3 31 8 25 12 14 2 100000 12
122 26 19 4 14 24 15 2 8 22 3
123 19 9 4 18 5 13 7 15 100000 9
124 14 14 5 4 12 4 13 10 5 3
125 19 9 6 5 8 13 14 1 3 13
126 48 19 18 25 3 20 17 12 17 24
127 55 53 39 9 36 30 18 12 47 44
128 8 8 5 7 8 1 2 8 2 6
129 11 11 11 8 9 4 5 3 9 2
130 27 21 12 20 7 20 14 17 19 18
131 18 3 10 9 100000 100000 8 16 15 17
132 36 19 27 30 17 30 9 30 29 8
133 23 10 6 19 14 15 19 2 19 23
134 20 14 6 9 14 20 8 10 100000 17
135 46 32 29 16 17 46 21 100000 42 10
136 64 17 55 64 46 100000 44 9 51 49
137 22 14 12 16 17 11 19 12 17 9
138 15 10 14 11 100000 14 9 10 14 4
139 34 17 17 2 19 4 100000 17 9 17
140 22 14 3 11 100000 10 7 13 3 14
141 151 126 151 136 9 104 126 69 15 123
142 148 120 147 75 86 17 80 67 22 52
143 64 31 7 37 13 27 13 100000 32 36
144 170 65 92 100000 87 96 35 138 97 163
145 137 95 45 55 36 100000 50 66 43 27
146 64 63 41 49 58 16 100000 24 6 53
147 78 3 8 100000 26 3 60 63 26 26
148 78 39 29 30 63 46 67 2 44 62
<task directions>
1 E
2 E
3 E
4 E
5 E
6 E
7 E
8 E
9 E
10 E
11 E
12 E
13 E
14 E
15 L
16 R
17 E
18 L
19 R
20 E
21 R
22 L
23 L
24 R
25 R
26 R
27 L
28 L
29 E
30 R
31 E
32 L
33 R
34 L
35 R
36 R
37 R
38 R
39 R
40 R
41 R
42 L
43 L
44 L
45 L
46 L
47 L
48 E
49 L
50 E
51 L
52 L
53 L
54 L
55 R
56 E
57 L
58 L
59 E
60 E
61 E
62 E
63 E
64 R
65 E
66 E
67 E
68 E
69 R
70 R
71 R
72 R
73 E
74 E
75 E
76 E
77 E
78 E
79 E
80 E
81 E
82 E
83 E
84 E
85 E
86 E
87 E
88 E
89 E
90 E
91 E
92 E
93 L
94 E
95 E
96 E
97 E
98 E
99 E
100 E
101 E
102 E
103 E
104 E
105 E
106 E
107 E
108 E
109 E
110 E
111 E
112 L
113 L
114 E
115 E
116 E
117 E
118 E
119 E
120 E
121 E
122 E
123 E
124 E
125 E
126 E
127 E
128 L
129 L
130 L
131 L
132 E
133 L
134 R
135 E
136 E
137 L
138 E
139 E
140 E
141 L
142 R
143 L
144 L
145 R
146 R
147 L
148 R
<precedence relations>
1,5
1,6
1,7
1,8
2,3
3,4
3,5
3,6
3,7
4,8
5,14
6,9
7,14
8,10
9,14
10,14
11,12
12,13
14,15
14,16
15,17
16,17
17,18
17,19
18,20
19,20
20,21
20,22
20,23
20,24
21,25
21,26
21,27
21,28
22,25
22,26
22,27
22,28
23,25
23,26
23,27
23,28
24,25
24,26
24,27
24,28
25,29
26,29
27,29
28,29
29,31
31,36
32,34
33,35
34,36
35,36
36,37
37,38
37,45
38,39
39,40
40,41
40,48
40,55
42,43
43,44
45,46
46,47
47,48
47,49
47,55
50,51
51,53
51,69
52,53
54,133
55,54
55,72
55,76
55,87
55,88
56,73
57,79
58,84
58,86
59,75
59,87
61,62
62,63
63,67
64,65
64,71
64,72
65,66
65,99
66,67
67,68
68,95
68,98
69,82
70,71
72,134
73,84
73,86
73,87
73,88
73,96
74,75
75,88
75,97
76,77
77,78
78,79
79,80
80,81
81,106
82,83
82,89
82,143
82,146
84,85
88,111
89,90
90,79
91,105
92,135
95,101
96,104
98,101
99,100
100,101
101,102
101,103
102,127
103,127
105,119
106,107
107,108
108,109
109,110
111,112
112,113
113,114
113,116
113,120
113,123
113,128
114,115
115,125
116,117
117,118
118,126
120,121
121,122
122,126
123,124
124,125
128,129
129,130
130,131
130,137
132,135
133,135
134,135
135,136
138,139
139,140
141,142
142,143
142,146
142,147
142,148
144,145
145,147
145,148
<end>