<number of tasks>
148
<number of mated-station>
7
<number of workers>
14
<task times>
1 16 3 100000 100000 13 100000 4 100000 12 2 8 1 10 14
2 30 100000 3 22 4 26 19 22 17 21 12 20 18 12
3 7 2 100000 6 100000 5 7 6 4 4 4 5 5 5
4 47 17 46 100000 40 24 36 31 28 13 6 14 30 20
5 29 100000 7 100000 100000 100000 25 21 100000 2 12 13 8 20
6 8 8 100000 100000 5 3 5 1 3 100000 6 3 100000 3
7 39 100000 100000 32 28 16 22 25 38 27 20 23 6 5
8 37 28 25 11 5 30 24 15 100000 8 9 3 12 8
9 32 100000 22 100000 21 100000 3 32 100000 100000 31 3 2 31
10 29 100000 24 5 10 25 100000 25 100000 11 100000 9 100000 100000
11 17 17 100000 2 16 9 8 100000 15 14 3 3 10 11
12 11 1 3 100000 100000 100000 4 8 100000 7 7 9 4 100000
13 32 13 32 4 31 17 20 5 4 10 30 17 24 100000
14 15 7 4 7 9 8 5 11 9 7 15 4 6 6
15 53 15 51 100000 35 7 100000 41 100000 49 4 24 100000 100000
16 53 30 42 100000 52 20 100000 30 16 52 6 100000 100000 29
17 8 3 8 6 5 7 1 6 2 6 3 4 6 100000
18 24 4 11 4 100000 20 15 7 21 100000 100000 9 100000 13
19 24 100000 7 14 100000 6 8 5 23 100000 17 21 23 3
20 8 4 2 1 7 100000 4 6 5 4 5 5 5 4
21 7 100000 1 4 2 1 100000 5 100000 3 6 4 2 3
22 8 7 100000 100000 2 2 100000 6 1 6 6 7 5 5
23 14 9 14 6 7 2 1 8 12 100000 100000 100000 3 8
24 13 100000 12 100000 3 9 100000 1 7 100000 100000 12 10 100000
25 10 4 100000 6 100000 6 100000 100000 100000 5 100000 3 8 9
26 25 16 7 24 21 100000 10 7 6 4 16 20 100000 19
27 11 4 7 5 2 10 100000 9 2 10 5 4 5 4
28 25 21 14 24 22 20 100000 11 15 22 7 100000 100000 100000
29 11 11 10 2 10 9 100000 100000 8 7 10 8 6 9
30 29 18 19 18 17 3 100000 100000 100000 26 100000 19 22 17
31 25 10 23 23 14 6 4 18 21 5 100000 100000 16 19
32 10 1 1 4 1 100000 6 100000 8 7 9 3 1 4
33 14 7 100000 11 12 2 1 9 4 3 1 10 100000 8
34 41 11 32 100000 31 4 14 31 100000 25 100000 33 10 38
35 42 27 7 22 21 8 100000 13 100000 40 100000 100000 27 100000
36 47 22 24 3 40 26 45 31 12 100000 35 2 41 100000
37 7 3 2 5 4 3 1 100000 1 5 2 1 4 3
38 80 39 50 26 5 56 100000 74 47 51 33 63 59 33
39 7 4 3 5 100000 100000 6 2 4 5 100000 3 5 4
40 41 2 38 23 23 13 28 13 100000 100000 35 100000 38 7
41 47 100000 33 8 39 100000 1 25 17 30 20 45 40 100000
42 16 100000 10 7 6 100000 15 9 4 12 13 15 12 9
43 32 22 22 30 30 20 31 100000 11 3 100000 17 20 18
44 66 19 39 100000 37 6 48 100000 100000 37 30 51 100000 2
45 80 5 39 25 44 100000 14 38 100000 26 12 100000 74 22
46 7 6 6 2 2 6 4 7 5 4 6 4 100000 4
47 41 21 7 32 22 4 3 21 2 23 20 38 100000 5
48 13 12 9 4 7 100000 10 11 5 4 5 3 7 100000
49 47 21 10 40 100000 100000 43 4 11 12 11 100000 22 43
50 33 8 27 15 11 19 8 20 33 13 16 33 2 14
51 34 34 15 10 11 2 24 18 12 20 100000 2 12 31
52 11 2 3 3 10 7 1 100000 5 8 6 3 3 10
53 118 100000 24 24 62 110 100000 69 93 111 92 100000 35 48
54 25 6 23 11 100000 16 25 21 12 23 3 3 100000 5
55 7 1 3 100000 100000 2 100000 7 6 3 6 3 7 100000
56 28 15 4 26 100000 27 100000 100000 15 21 13 6 19 18
57 12 7 5 3 3 8 6 3 2 100000 11 100000 5 100000
58 52 11 25 100000 41 39 46 13 6 45 22 100000 30 12
59 14 6 8 4 4 2 11 6 11 6 14 100000 13 4
60 3 2 100000 2 3 3 100000 1 2 100000 3 1 1 3
61 3 2 3 3 1 3 2 2 100000 1 3 2 3 1
62 8 100000 6 2 100000 6 3 3 3 5 8 7 8 100000
63 16 15 13 4 12 100000 5 15 9 13 13 13 16 3
64 33 4 11 22 100000 21 20 10 24 24 14 100000 100000 100000
65 8 4 2 3 6 6 100000 3 3 100000 4 4 100000 3
66 18 2 3 16 2 5 100000 13 100000 6 4 10 100000 100000
67 10 7 8 2 2 100000 7 2 5 4 4 100000 5 3
68 14 100000 100000 13 12 11 100000 100000 5 100000 12 10 14 100000
69 28 100000 16 16 100000 100000 2 2 23 100000 18 20 8 9
70 11 4 4 1 4 100000 10 100000 10 3 6 8 100000 2
71 118 22 112 55 117 31 7 2 15 13 19 27 33 5
72 25 2 13 3 9 8 10 7 21 3 100000 100000 19 17
73 40 100000 100000 15 100000 20 31 22 9 29 7 12 26 21
74 40 39 34 24 12 9 1 24 10 12 27 40 100000 15
75 101 5 100000 100000 100000 54 100000 100000 100000 48 28 62 66 58
76 5 4 5 3 4 100000 3 100000 3 1 100000 4 2 3
77 28 100000 22 11 24 100000 18 3 6 16 2 25 5 25
78 8 5 8 5 3 100000 5 2 3 8 8 100000 100000 1
79 111 100000 56 27 57 67 40 100000 46 47 35 48 29 106
80 7 2 2 5 3 4 5 4 2 7 4 100000 6 6
81 26 24 18 12 24 10 4 14 21 100000 19 23 100000 5
82 10 4 2 6 100000 1 4 3 2 6 8 8 8 10
83 21 8 6 100000 9 14 9 100000 16 6 15 11 16 16
84 26 24 11 6 17 10 100000 18 8 7 100000 12 25 3
85 20 9 14 100000 100000 9 7 100000 14 100000 100000 3 20 17
86 21 100000 21 100000 10 4 12 15 6 16 6 9 9 5
87 47 21 16 41 40 3 25 11 33 100000 21 35 18 100000
88 23 17 6 22 12 10 100000 2 18 100000 7 11 3 21
89 13 11 7 10 12 100000 9 4 11 3 9 12 12 100000
90 19 9 6 9 13 15 14 100000 3 16 14 2 16 9
91 115 100000 100000 100000 28 22 105 11 76 99 100000 91 55 68
92 35 23 10 33 11 6 28 27 100000 18 20 100000 100000 12
93 26 16 15 9 100000 6 5 100000 5 20 100000 23 11 4
94 46 3 42 100000 14 43 6 4 100000 12 100000 25 15 16
95 20 100000 100000 14 4 14 7 16 11 11 8 15 17 2
96 31 28 23 8 21 29 6 31 14 3 3 4 100000 20
97 19 8 11 11 17 12 1 1 17 10 5 4 5 5
98 34 100000 28 8 20 32 21 10 33 26 9 100000 21 26
99 51 100000 22 17 3 19 42 15 5 13 33 100000 36 41
100 39 7 100000 10 100000 100000 22 30 31 2 38 13 15 100000
101 30 20 100000 100000 27 100000 100000 2 25 16 2 21 14 27
102 26 100000 12 4 10 23 3 19 5 21 100000 22 20 16
103 13 100000 3 5 11 9 100000 100000 3 3 9 10 2 100000
104 45 16 27 43 2 100000 42 23 8 34 25 100000 30 22
105 58 100000 10 31 23 15 100000 21 9 100000 54 53 36 48
106 28 22 17 9 12 17 2 2 26 24 27 21 12 100000
107 8 5 3 4 3 6 3 3 100000 7 2 4 1 4
108 43 100000 6 9 3 14 4 100000 100000 29 17 8 9 35
109 40 9 27 13 18 37 18 100000 100000 21 100000 39 5 35
110 34 11 8 100000 20 31 14 100000 9 33 15 17 100000 1
111 23 4 9 15 100000 19 9 13 15 9 100000 10 22 4
112 162 100000 100000 6 151 33 33 151 160 73 100000 77 32 160
113 11 4 100000 8 100000 9 2 9 9 7 10 100000 3 5
114 19 9 13 19 4 11 100000 16 18 5 8 12 10 100000
115 14 100000 6 9 6 100000 12 9 5 8 100000 13 7 6
116 31 30 100000 10 21 7 100000 100000 9 6 8 100000 2 11
117 32 100000 17 100000 100000 100000 100000 15 23 3 8 11 11 20
118 26 100000 23 15 11 2 100000 2 5 19 12 6 11 8
119 55 100000 46 100000 43 23 24 20 6 5 26 7 32 10
120 31 10 23 4 100000 21 4 7 22 12 19 3 12 24
121 32 13 15 100000 100000 9 10 4 100000 19 32 16 27 6
122 26 7 20 12 8 11 24 100000 100000 11 22 5 18 100000
123 19 100000 16 17 100000 14 8 5 7 12 10 7 13 100000
124 14 100000 4 14 13 2 100000 2 10 7 12 9 13 7
125 19 7 6 18 15 9 11 2 13 11 17 8 100000 18
126 48 26 100000 20 12 32 25 29 20 100000 28 40 100000 18
127 55 52 22 100000 100000 37 100000 27 10 100000 3 8 6 37
128 8 100000 1 1 100000 3 7 100000 100000 100000 7 100000 3 100000
129 11 9 2 6 3 7 8 9 11 8 100000 5 100000 6
130 27 100000 7 6 20 1 11 100000 100000 4 11 100000 10 100000
131 18 100000 7 12 13 100000 18 4 8 6 12 12 17 9
132 36 27 3 22 9 4 12 5 21 16 16 11 21 29
133 23 10 12 9 12 23 5 16 100000 2 1 14 15 100000
134 20 10 3 7 10 7 100000 5 11 3 2 7 11 7
135 46 1 13 14 100000 35 24 39 3 10 23 42 34 4
136 64 21 18 60 100000 31 41 100000 22 19 58 28 100000 29
137 22 2 6 3 4 21 3 21 11 11 15 20 100000 4
138 15 1 100000 13 100000 6 14 4 1 6 11 100000 2 8
139 34 3 30 12 21 5 5 12 29 100000 10 100000 6 100000
140 22 16 100000 5 19 6 100000 18 18 22 12 100000 8 2
141 151 148 13 36 99 130 64 117 141 139 147 148 40 6
142 148 100000 11 100000 29 126 123 44 100000 100000 89 141 64 100000
143 64 36 57 100000 19 17 61 55 100000 100000 100000 54 46 57
144 170 100000 100000 43 100000 50 31 58 106 8 11 6 100000 87
145 137 42 100000 100000 125 133 133 126 100000 40 118 95 130 100000
146 64 2 42 100000 56 100000 100000 60 51 18 36 100000 54 18
147 78 75 73 19 67 7 52 70 45 26 29 100000 69 76
148 78 58 18 77 100000 100000 15 100000 77 10 26 46 39 100000
<task directions>
1 E
2 E
3 E
4 E
5 E
6 E
7 E
8 E
9 E
10 E
11 E
12 E
13 E
14 E
15 L
16 R
17 E
18 L
19 R
20 E
21 R
22 L
23 L
24 R
25 R
26 R
27 L
28 L
29 E
30 R
31 E
32 L
33 R
34 L
35 R
36 R
37 R
38 R
39 R
40 R
41 R
42 L
43 L
44 L
45 L
46 L
47 L
48 E
49 L
50 E
51 L
52 L
53 L
54 L
55 R
56 E
57 L
58 L
59 E
60 E
61 E
62 E
63 E
64 R
65 E
66 E
67 E
68 E
69 R
70 R
71 R
72 R
73 E
74 E
75 E
76 E
77 E
78 E
79 E
80 E
81 E
82 E
83 E
84 E
85 E
86 E
87 E
88 E
89 E
90 E
91 E
92 E
93 L
94 E
95 E
96 E
97 E
98 E
99 E
100 E
101 E
102 E
103 E
104 E
105 E
106 E
107 E
108 E
109 E
110 E
111 E
112 L
113 L
114 E
115 E
116 E
117 E
118 E
119 E
120 E
121 E
122 E
123 E
124 E
125 E
126 E
127 E
128 L
129 L
130 L
131 L
132 E
133 L
134 R
135 E
136 E
137 L
138 E
139 E
140 E
141 L
142 R
143 L
144 L
145 R
146 R
147 L
148 R
<precedence relations>
1,5
1,6
1,7
1,8
2,3
3,4
3,5
3,6
3,7
4,8
5,14
6,9
7,14
8,10
9,14
10,14
11,12
12,13
14,15
14,16
15,17
16,17
17,18
17,19
18,20
19,20
20,21
20,22
20,23
20,24
21,25
21,26
21,27
21,28
22,25
22,26
22,27
22,28
23,25
23,26
23,27
23,28
24,25
24,26
24,27
24,28
25,29
26,29
27,29
28,29
29,31
31,36
32,34
33,35
34,36
35,36
36,37
37,38
37,45
38,39
39,40
40,41
40,48
40,55
42,43
43,44
45,46
46,47
47,48
47,49
47,55
50,51
51,53
51,69
52,53
54,133
55,54
55,72
55,76
55,87
55,88
56,73
57,79
58,84
58,86
59,75
59,87
61,62
62,63
63,67
64,65
64,71
64,72
65,66
65,99
66,67
67,68
68,95
68,98
69,82
70,71
72,134
73,84
73,86
73,87
73,88
73,96
74,75
75,88
75,97
76,77
77,78
78,79
79,80
80,81
81,106
82,83
82,89
82,143
82,146
84,85
88,111
89,90
90,79
91,105
92,135
95,101
96,104
98,101
99,100
100,101
101,102
101,103
102,127
103,127
105,119
106,107
107,108
108,109
109,110
111,112
112,113
113,114
113,116
113,120
113,123
113,128
114,115
115,125
116,117
117,118
118,126
120,121
121,122
122,126
123,124
124,125
128,129
129,130
130,131
130,137
132,135
133,135
134,135
135,136
138,139
139,140
141,142
142,143
142,146
142,147
142,148
144,145
145,147
145,148
<end>