<number of tasks>
16
<number of mated-station>
5
<number of workers>
10
<task times>
1 6 14 1 10 4 4 7 6 15 2
2 5 3 15 100000 5 5 3 5 11 7
3 2 2 5 5 3 6 6 5 4 3
4 9 12 26 6 100000 22 15 15 12 100000
5 8 100000 100000 21 19 100000 2 2 8 21
6 4 2 5 9 100000 2 3 3 10 4
7 7 7 4 9 100000 100000 1 5 16 1
8 4 6 8 8 6 100000 7 2 1 10
9 5 7 9 7 12 4 13 3 11 10
10 4 11 10 1 3 4 3 9 10 2
11 6 18 15 7 13 10 12 9 8 7
12 5 14 15 10 15 7 12 5 5 11
13 6 100000 13 13 2 17 1 9 11 2
14 4 6 7 9 7 100000 100000 8 4 7
15 3 2 8 100000 4 100000 100000 5 8 5
16 4 8 5 9 4 6 1 10 100000 5
<task directions>
1 E
2 E
3 L
4 E
5 R
6 L
7 E
8 E
9 R
10 R
11 E
12 L
13 E
14 E
15 E
16 E
<precedence relations>
1,3
1,4
2,5
3,6
4,7
5,7
6,8
7,8
7,9
7,10
8,11
9,12
9,13
10,13
11,14
11,15
12,15
13,16
<end>