<number of tasks>
16
<number of mated-station>
3
<number of workers>
6
<task times>
1 6 1 100000 15 8 9
2 5 100000 6 14 7 9
3 2 100000 2 4 100000 2
4 9 10 26 27 17 13
5 8 4 100000 5 11 20
6 4 7 100000 11 5 4
7 7 18 10 100000 16 2
8 4 3 7 10 11 7
9 5 13 5 6 6 100000
10 4 4 100000 9 8 11
11 6 6 9 17 17 100000
12 5 100000 11 11 8 11
13 6 1 7 100000 7 3
14 4 9 8 100000 4 6
15 3 8 2 6 3 7
16 4 100000 5 12 9 8
<task directions>
1 E
2 E
3 L
4 E
5 R
6 L
7 E
8 E
9 R
10 R
11 E
12 L
13 E
14 E
15 E
16 E
<precedence relations>
1,3
1,4
2,5
3,6
4,7
5,7
6,8
7,8
7,9
7,10
8,11
9,12
9,13
10,13
11,14
11,15
12,15
13,16
<end>