<number of tasks>
16
<number of mated-station>
4
<number of workers>
8
<task times>
1 6 13 9 14 14 17 14 4
2 5 12 7 100000 100000 6 10 11
3 2 100000 100000 5 4 4 1 100000
4 9 2 100000 18 16 24 7 12
5 8 11 10 10 100000 7 22 12
6 4 3 12 8 9 5 6 6
7 7 100000 12 20 20 14 11 7
8 4 100000 5 100000 100000 10 6 6
9 5 10 100000 14 100000 1 9 11
10 4 7 2 100000 100000 12 100000 5
11 6 14 5 17 100000 13 14 14
12 5 100000 5 10 14 100000 9 2
13 6 100000 100000 2 10 16 100000 13
14 4 9 2 12 100000 9 5 8
15 3 6 2 8 100000 2 5 9
16 4 7 5 10 7 9 2 7
<task directions>
1 E
2 E
3 L
4 E
5 R
6 L
7 E
8 E
9 R
10 R
11 E
12 L
13 E
14 E
15 E
16 E
<precedence relations>
1,3
1,4
2,5
3,6
4,7
5,7
6,8
7,8
7,9
7,10
8,11
9,12
9,13
10,13
11,14
11,15
12,15
13,16
<end>