<number of tasks>
16
<number of mated-station>
4
<number of workers>
8
<task times>
1 6 17 11 8 9 15 1 16
2 5 9 12 3 8 4 2 13
3 2 5 100000 6 1 2 4 2
4 9 21 11 24 19 22 9 10
5 8 18 15 13 18 10 100000 5
6 4 3 8 6 5 7 4 1
7 7 7 15 9 11 15 18 4
8 4 9 4 3 100000 9 6 10
9 5 12 11 3 14 4 8 14
10 4 8 11 7 2 5 2 5
11 6 11 11 4 4 100000 8 100000
12 5 4 2 11 13 6 4 5
13 6 3 100000 100000 8 100000 8 14
14 4 2 100000 3 8 11 100000 9
15 3 3 3 3 5 2 7 4
16 4 2 5 2 7 11 3 12
<task directions>
1 E
2 E
3 L
4 E
5 R
6 L
7 E
8 E
9 R
10 R
11 E
12 L
13 E
14 E
15 E
16 E
<precedence relations>
1,3
1,4
2,5
3,6
4,7
5,7
6,8
7,8
7,9
7,10
8,11
9,12
9,13
10,13
11,14
11,15
12,15
13,16
<end>