<number of tasks>
16
<number of mated-station>
3
<number of workers>
6
<task times>
1 6 6 100000 100000 17 7
2 5 5 7 1 4 9
3 2 100000 2 3 3 3
4 9 26 13 4 100000 7
5 8 19 100000 22 4 20
6 4 3 2 6 10 100000
7 7 7 10 100000 13 20
8 4 5 9 10 100000 6
9 5 15 3 12 4 5
10 4 100000 5 100000 100000 7
11 6 17 7 15 100000 3
12 5 10 100000 3 11 5
13 6 7 100000 14 4 100000
14 4 100000 5 11 100000 100000
15 3 3 9 7 5 5
16 4 100000 100000 11 9 100000
<task directions>
1 E
2 E
3 L
4 E
5 R
6 L
7 E
8 E
9 R
10 R
11 E
12 L
13 E
14 E
15 E
16 E
<precedence relations>
1,3
1,4
2,5
3,6
4,7
5,7
6,8
7,8
7,9
7,10
8,11
9,12
9,13
10,13
11,14
11,15
12,15
13,16
<end>