<number of tasks>
16
<number of mated-station>
5
<number of workers>
10
<task times>
1 6 2 11 100000 17 7 100000 15 100000 7
2 5 100000 9 100000 100000 11 100000 100000 14 3
3 2 100000 100000 2 3 3 4 5 100000 1
4 9 17 11 14 100000 100000 100000 18 26 2
5 8 100000 2 7 1 2 3 100000 18 12
6 4 100000 6 6 100000 100000 5 11 7 100000
7 7 7 11 100000 100000 8 18 8 15 15
8 4 3 9 7 2 3 9 4 10 1
9 5 15 100000 8 100000 12 3 14 100000 2
10 4 100000 2 11 1 3 100000 3 100000 100000
11 6 6 100000 11 9 8 100000 11 18 18
12 5 100000 12 13 15 100000 100000 13 6 10
13 6 7 2 14 17 5 3 100000 3 10
14 4 100000 1 6 3 2 7 100000 5 100000
15 3 3 6 8 2 100000 2 100000 4 5
16 4 1 12 2 100000 8 11 2 10 2
<task directions>
1 E
2 E
3 L
4 E
5 R
6 L
7 E
8 E
9 R
10 R
11 E
12 L
13 E
14 E
15 E
16 E
<precedence relations>
1,3
1,4
2,5
3,6
4,7
5,7
6,8
7,8
7,9
7,10
8,11
9,12
9,13
10,13
11,14
11,15
12,15
13,16
<end>