<number of tasks>
16
<number of mated-station>
2
<number of workers>
4
<task times>
1 6 100000 100000 10
2 5 12 14 5
3 2 6 100000 4
4 9 14 10 23
5 8 18 20 9
6 4 10 8 5
7 7 5 6 100000
8 4 100000 11 8
9 5 3 100000 4
10 4 100000 9 4
11 6 9 2 18
12 5 5 12 9
13 6 7 100000 15
14 4 100000 12 9
15 3 5 8 5
16 4 7 7 100000
<task directions>
1 E
2 E
3 L
4 E
5 R
6 L
7 E
8 E
9 R
10 R
11 E
12 L
13 E
14 E
15 E
16 E
<precedence relations>
1,3
1,4
2,5
3,6
4,7
5,7
6,8
7,8
7,9
7,10
8,11
9,12
9,13
10,13
11,14
11,15
12,15
13,16
<end>