<number of tasks>
16
<number of mated-station>
5
<number of workers>
10
<task times>
1 6 4 1 6 3 2 3 6 3 2
2 5 4 5 5 2 100000 2 2 2 100000
3 2 1 1 1 2 2 2 1 1 2
4 9 5 100000 4 7 100000 4 100000 100000 7
5 8 6 100000 7 8 100000 100000 7 6 6
6 4 3 3 3 3 3 3 2 3 3
7 7 4 6 2 100000 100000 6 4 4 7
8 4 3 3 100000 4 100000 3 3 3 3
9 5 100000 4 3 100000 100000 3 1 1 2
10 4 3 4 100000 3 3 3 1 2 2
11 6 1 1 4 5 5 3 3 5 2
12 5 100000 3 1 100000 1 3 100000 3 2
13 6 100000 3 4 100000 100000 2 100000 5 3
14 4 2 2 4 100000 1 2 3 100000 100000
15 3 2 2 3 2 1 1 1 3 100000
16 4 4 3 2 100000 2 3 4 4 4
<task directions>
1 E
2 E
3 L
4 E
5 R
6 L
7 E
8 E
9 R
10 R
11 E
12 L
13 E
14 E
15 E
16 E
<precedence relations>
1,3
1,4
2,5
3,6
4,7
5,7
6,8
7,8
7,9
7,10
8,11
9,12
9,13
10,13
11,14
11,15
12,15
13,16
<end>