<number of tasks>
16
<number of mated-station>
3
<number of workers>
6
<task times>
1 6 2 1 2 4 4
2 5 2 100000 3 2 1
3 2 100000 1 2 2 1
4 9 7 7 4 6 5
5 8 4 5 4 5 7
6 4 2 2 4 3 100000
7 7 4 2 5 5 100000
8 4 3 3 1 3 3
9 5 3 4 4 3 1
10 4 2 2 3 3 4
11 6 2 100000 100000 5 5
12 5 1 1 5 4 2
13 6 1 2 100000 3 2
14 4 3 2 100000 4 100000
15 3 2 2 1 3 1
16 4 2 100000 3 1 100000
<task directions>
1 E
2 E
3 L
4 E
5 R
6 L
7 E
8 E
9 R
10 R
11 E
12 L
13 E
14 E
15 E
16 E
<precedence relations>
1,3
1,4
2,5
3,6
4,7
5,7
6,8
7,8
7,9
7,10
8,11
9,12
9,13
10,13
11,14
11,15
12,15
13,16
<end>