<number of tasks>
205
<number of mated-station>
13
<number of workers>
26
<task times>
1 692 132 100000 581 512 236 236 554 56 568 623 602 602 423 270 657 215 623 450 201 243 270 671 100000 100000 105
2 42 36 38 29 18 34 26 14 10 16 37 24 18 32 42 16 3 3 38 12 35 4 10 6 34 17
3 261 180 115 100000 19 6 22 74 19 201 240 82 74 222 162 193 110 219 238 108 225 108 173 102 66 188
4 261 14 17 139 188 22 204 100000 58 14 102 258 157 92 87 256 136 4 183 193 100000 56 53 245 253 222
5 157 63 120 3 138 10 65 43 4 46 155 88 88 9 57 32 52 82 140 45 116 100000 4 100000 152 146
6 90 76 22 29 70 58 61 37 83 14 4 8 39 21 56 36 81 40 40 100000 22 61 7 81 42 61
7 54 7 22 24 47 39 9 21 100000 7 29 30 35 11 5 39 23 29 25 3 41 9 35 39 3 12
8 67 10 6 47 25 51 43 39 65 15 46 10 53 100000 5 58 25 48 65 18 26 100000 4 24 13 58
9 30 6 4 24 13 7 100000 22 8 23 20 28 9 2 17 23 22 20 25 26 22 23 26 20 28 18
10 106 96 28 17 41 21 28 96 47 40 22 37 100000 7 33 70 67 47 10 67 70 10 47 33 63 42
11 32 11 31 3 16 6 14 2 30 16 27 9 23 27 14 14 6 100000 31 17 26 28 7 3 2 100000
12 62 8 47 3 20 100000 100000 8 16 3 11 33 33 61 32 60 58 100000 100000 52 40 2 41 55 21 53
13 54 43 37 49 2 53 52 35 100000 42 11 4 53 24 36 100000 26 7 52 39 6 22 21 53 36 12
14 67 27 51 43 41 10 37 27 37 37 64 15 100000 29 21 37 30 58 25 14 48 53 100000 22 2 100000
15 30 29 14 29 7 15 29 1 2 25 100000 29 27 20 20 13 11 8 24 25 24 100000 14 100000 24 16
16 106 68 84 100000 27 65 12 97 71 9 72 78 71 100000 40 85 42 103 3 81 17 30 100000 77 94 43
17 32 30 14 10 2 29 30 29 3 17 3 25 100000 27 10 100000 21 13 1 31 9 15 29 21 5 100000
18 62 59 50 16 18 58 34 19 13 100000 15 40 36 15 45 39 6 60 41 12 50 46 62 54 25 53
19 56 33 30 51 14 35 100000 16 55 45 46 3 43 15 29 47 13 49 21 38 5 30 49 100000 51 53
20 67 8 66 100000 59 57 60 36 36 3 63 56 15 17 21 63 10 35 8 58 19 50 12 64 100000 56
21 86 100000 10 79 34 63 64 10 53 80 35 74 28 100000 100000 38 22 15 10 4 100000 32 46 43 12 72
22 37 1 36 24 13 5 34 13 6 19 28 18 5 9 11 19 15 35 37 19 100000 32 12 27 17 21
23 41 11 6 28 29 11 31 21 35 28 100000 40 100000 32 11 17 37 31 11 37 22 11 30 100000 100000 100000
24 72 72 4 9 39 37 57 56 15 100000 36 68 25 49 5 51 66 50 44 68 49 61 17 60 35 100000
25 86 57 55 57 60 72 55 100000 50 10 78 32 77 45 84 27 86 76 8 27 15 32 39 100000 46 12
26 16 8 10 13 3 5 8 13 16 3 14 10 4 4 6 7 16 13 15 3 11 2 15 15 2 16
27 51 25 42 5 26 9 11 20 35 45 20 10 20 31 25 7 17 100000 31 34 21 29 45 42 14 18
28 66 56 9 43 53 30 9 5 49 4 100000 56 46 4 62 32 47 30 47 47 13 100000 24 37 35 58
29 41 100000 21 5 5 25 15 40 21 15 11 19 11 100000 100000 13 32 5 5 29 23 17 20 18 100000 9
30 72 23 59 31 34 17 38 55 71 61 49 27 10 100000 46 100000 58 22 14 13 17 27 7 10 29 61
31 51 26 17 100000 11 14 43 49 10 45 6 33 31 18 8 23 100000 24 45 41 13 18 12 37 27 47
32 16 3 7 9 100000 14 2 1 3 100000 7 1 11 13 100000 3 8 15 3 8 10 3 12 100000 100000 3
33 15 2 6 11 4 13 10 12 7 5 8 13 11 12 13 3 13 10 4 1 12 100000 100000 100000 4 3
34 15 100000 2 14 11 9 100000 4 8 8 7 13 7 100000 14 8 15 6 12 12 8 2 9 13 4 14
35 85 67 17 35 100000 83 56 44 55 42 24 72 61 20 40 80 84 11 63 61 78 100000 68 44 7 51
36 59 49 27 5 53 45 31 100000 17 49 17 39 27 18 42 9 44 21 51 4 100000 100000 57 43 33 100000
37 23 2 19 18 7 18 9 22 14 2 10 100000 18 100000 12 11 15 19 100000 3 3 5 8 12 15 5
38 13 8 10 4 6 100000 9 11 5 100000 10 100000 4 11 4 6 10 1 7 6 2 9 13 4 3 5
39 19 100000 11 5 7 17 13 18 12 3 12 15 6 3 100000 19 13 6 9 2 7 13 17 100000 1 7
40 108 74 58 104 63 29 15 91 103 106 58 71 105 78 16 107 33 77 46 37 107 12 83 2 100000 59
41 214 197 48 78 150 20 24 63 63 39 88 125 100000 65 135 131 5 52 46 197 203 133 125 52 41 174
42 80 69 33 75 4 40 29 45 50 30 43 73 100000 4 48 12 3 67 46 47 24 71 57 32 3 100000
43 37 29 16 23 28 24 2 32 9 28 11 22 8 100000 7 21 21 37 5 13 36 23 21 26 6 32
44 84 22 37 75 100000 28 19 35 54 71 52 100000 9 61 62 78 43 49 81 100000 47 59 51 18 100000 59
45 18 11 2 2 11 15 16 10 4 8 14 4 15 1 14 6 5 1 4 15 7 18 1 5 17 16
46 12 3 2 5 8 100000 4 12 100000 3 100000 2 4 2 3 11 6 6 3 11 6 10 5 2 100000 12
47 29 100000 12 5 17 15 23 7 27 16 1 29 2 17 21 7 18 16 2 3 20 100000 7 100000 7 25
48 37 5 8 19 13 27 29 9 100000 27 14 33 2 11 35 11 2 19 28 18 16 19 22 16 4 100000
49 13 6 4 100000 4 6 7 11 11 6 4 6 100000 6 13 7 4 2 2 10 9 10 2 4 100000 10
50 70 53 63 67 6 18 33 65 12 39 65 43 35 32 49 100000 26 100000 13 15 64 33 40 100000 9 55
51 217 182 103 100000 128 133 139 79 144 122 100000 198 100000 172 185 146 100000 118 150 59 100000 122 100000 83 215 40
52 72 13 26 8 43 20 29 62 34 39 34 33 68 19 34 17 19 61 100000 41 22 69 69 100000 63 8
53 85 65 49 9 70 100000 8 4 11 8 23 27 55 83 56 40 48 74 75 2 65 9 29 14 60 48
54 43 9 31 40 20 12 17 33 33 34 14 16 12 30 23 34 8 26 34 22 13 24 26 33 30 31
55 97 14 64 63 38 34 42 100000 19 35 32 100000 15 57 30 74 93 26 96 68 35 53 20 49 18 20
56 37 15 11 16 32 100000 24 3 9 19 19 20 1 4 32 100000 11 16 5 25 7 26 34 12 4 5
57 13 8 12 10 5 100000 4 12 7 100000 2 2 7 4 11 1 4 8 13 3 100000 100000 5 2 3 100000
58 35 100000 3 17 7 12 15 100000 10 100000 2 32 6 3 12 7 100000 19 1 11 32 2 28 100000 27 19
59 217 100000 74 55 139 169 57 169 100000 200 115 55 169 61 77 36 92 100000 131 81 109 103 213 36 144 144
60 72 37 71 37 66 49 11 14 39 59 45 7 100000 24 8 12 34 2 22 10 4 9 11 57 33 18
61 85 79 52 10 28 56 9 82 21 8 55 47 46 48 70 85 51 6 35 11 27 78 100000 4 53 81
62 25 19 12 22 4 7 16 100000 24 19 21 5 12 15 13 10 100000 14 21 2 20 17 19 13 11 13
63 37 15 34 25 28 9 28 5 22 24 15 7 26 19 22 7 22 26 34 7 100000 27 8 22 10 29
64 37 100000 7 2 28 12 21 10 2 100000 35 2 16 17 3 36 27 8 35 9 1 12 11 2 28 35
65 103 82 6 39 56 12 29 9 49 3 84 56 91 97 72 35 54 88 90 78 79 51 74 99 101 27
66 140 129 127 5 41 66 32 7 32 102 44 59 100000 133 62 57 59 97 121 100000 7 118 86 82 100000 111
67 49 100000 27 15 10 100000 13 24 11 35 1 18 3 33 40 23 21 19 24 1 34 21 39 42 9 28
68 35 17 24 24 22 3 16 100000 13 31 22 2 7 30 24 17 27 7 17 27 11 1 17 100000 17 4
69 51 38 100000 49 20 28 3 31 31 42 51 41 33 25 37 29 33 42 8 19 46 4 6 26 47 29
70 88 60 58 5 62 71 80 100000 18 85 65 100000 61 81 43 57 100000 46 38 100000 58 34 38 30 71 29
71 53 26 100000 19 34 43 45 27 20 37 17 11 39 25 48 25 37 18 23 100000 3 36 50 14 28 29
72 144 17 108 37 100000 30 91 57 144 87 100000 37 100000 115 100000 52 68 100000 78 10 64 115 127 77 100000 93
73 337 176 203 75 145 307 122 38 61 169 51 38 35 109 169 109 125 290 112 100000 330 270 330 21 246 303
74 107 76 86 84 16 72 28 99 65 102 103 26 38 9 72 58 7 58 86 97 105 25 88 21 100000 17
75 371 323 290 127 249 100000 212 105 212 242 164 97 223 186 101 27 341 100000 201 12 353 312 127 367 20 100000
76 97 87 34 38 10 71 74 75 100000 67 26 49 70 17 66 70 42 100000 81 77 2 3 100000 100000 68 12
77 166 47 100000 62 146 136 70 125 8 75 123 116 59 13 100000 153 100000 164 100000 92 77 75 84 14 82 131
78 92 100000 77 62 29 68 46 28 47 31 43 29 100000 7 35 49 12 54 92 87 65 100000 26 44 87 35
79 92 75 48 100000 91 91 17 100000 73 18 8 40 80 4 19 11 17 23 59 61 47 100000 15 47 19 27
80 106 46 35 48 61 22 26 100000 71 64 59 100000 105 100000 59 100000 100000 30 23 66 93 30 99 18 92 83
81 49 39 8 33 15 14 47 100000 17 17 49 7 39 18 35 25 20 25 36 46 18 21 39 24 45 49
82 92 85 100000 4 44 39 86 65 24 69 40 79 68 100000 52 68 80 42 12 100000 36 6 6 100000 3 91
83 371 86 345 20 79 304 20 282 212 260 42 100000 345 45 42 327 301 264 334 193 153 345 264 249 353 201
84 87 12 100000 65 64 49 65 82 27 78 11 69 70 21 11 76 59 16 53 21 100000 4 85 87 80 43
85 162 40 96 149 32 100000 131 130 102 86 7 112 85 123 91 20 139 104 154 94 101 160 131 120 100000 127
86 96 31 9 3 10 60 92 87 87 82 76 38 47 100000 38 82 44 13 100000 35 68 60 39 100000 52 76
87 79 76 100000 24 42 3 77 17 67 56 64 20 31 28 3 100000 40 45 46 68 3 43 27 4 9 60
88 96 17 23 47 43 74 100000 39 100000 13 91 27 82 69 28 35 49 85 48 17 40 8 39 86 94 53
89 42 7 37 26 8 8 8 42 41 15 14 8 10 2 100000 26 39 20 19 9 34 4 2 15 10 3
90 88 71 65 58 40 39 20 100000 78 31 81 100000 76 63 54 43 11 51 78 53 39 49 34 3 65 67
91 90 43 8 46 5 64 28 100000 38 34 62 14 87 6 16 71 26 84 82 73 31 43 18 57 90 27
92 97 52 72 53 19 20 85 37 69 100000 46 83 100000 86 100000 66 67 93 64 100000 2 11 41 69 67 100000
93 270 203 14 205 248 100000 12 4 100000 181 216 6 106 39 227 181 232 149 257 240 47 82 162 149 230 63
94 452 60 15 452 407 114 339 159 416 208 127 100000 402 177 452 267 339 294 28 141 231 353 321 177 163 172
95 48 100000 10 33 33 100000 32 42 17 100000 20 30 40 11 47 25 2 32 11 4 100000 22 17 46 21 5
96 338 294 274 99 100000 287 48 35 31 149 41 338 203 100000 308 102 11 79 193 100000 85 277 95 116 55 223
97 34 25 27 4 18 29 25 100000 11 31 26 4 19 30 9 100000 13 21 5 7 26 21 100000 23 13 3
98 65 62 9 46 17 3 24 18 5 19 37 62 46 55 58 100000 46 22 46 13 56 39 100000 34 52 62
99 50 16 100000 43 48 32 43 100000 7 50 1 41 14 31 33 100000 23 100000 100000 29 21 1 4 34 4 13
100 112 109 52 100000 112 91 30 68 27 111 100 99 70 66 47 73 92 54 90 14 4 100000 80 89 59 48
101 48 41 9 11 39 3 3 43 35 46 5 23 43 34 12 13 7 25 10 5 26 14 47 40 34 41
102 117 8 71 100000 117 60 25 27 11 86 105 100000 102 31 2 81 100000 100000 40 58 100000 73 61 35 87 42
103 50 40 2 24 44 25 26 17 2 35 33 27 12 8 49 29 9 49 13 48 23 17 19 5 100000 17
104 68 8 100000 59 57 43 27 31 63 100000 67 6 100000 100000 68 47 100000 49 63 46 100000 65 42 100000 45 100000
105 232 200 135 135 174 40 3 50 17 56 56 103 52 96 151 202 80 140 100000 66 140 119 17 133 140 36
106 122 32 100000 77 53 121 83 117 24 115 72 100000 88 101 51 122 31 100000 37 121 100000 11 57 97 101 107
107 151 104 55 151 37 22 37 54 121 70 139 148 76 21 36 31 16 100000 84 15 79 76 33 13 79 100000
108 31 100000 100000 20 11 21 10 3 29 27 3 100000 9 21 15 27 25 4 7 100000 3 26 15 11 5 30
109 97 59 15 63 8 39 11 40 66 74 8 67 100000 14 72 22 67 22 12 23 41 27 93 94 8 81
110 308 75 112 234 127 102 250 133 127 136 179 296 191 188 176 100000 41 247 136 78 170 53 296 22 305 118
111 116 87 41 106 84 65 72 69 95 91 114 71 57 27 37 73 3 24 56 70 2 16 54 24 116 24
112 312 82 181 35 309 237 100000 188 113 45 293 101 100000 191 26 228 290 153 194 200 296 228 125 125 116 265
113 34 100000 8 5 2 3 3 23 33 22 30 21 6 29 27 27 20 34 28 100000 24 7 20 12 100000 6
114 128 100000 99 9 124 115 70 62 20 87 89 127 85 76 105 98 72 37 45 124 25 100000 61 78 18 18
115 54 100000 100000 28 35 8 32 48 41 17 100000 48 34 34 38 38 21 100000 14 100000 26 31 15 24 31 100000
116 175 65 175 58 156 138 81 102 36 48 93 119 100000 46 100000 13 57 100000 74 102 100000 93 79 170 100000 140
117 55 100000 9 27 11 8 18 53 37 100000 100000 43 38 13 26 100000 16 2 20 23 2 47 31 11 53 53
118 306 279 28 169 184 120 44 102 105 13 205 190 187 102 279 291 257 108 53 35 306 175 86 111 227 300
119 59 13 51 2 33 53 3 9 100000 26 100000 100000 20 17 41 43 100000 100000 54 100000 33 33 14 49 8 43
120 59 50 6 100000 47 43 17 57 52 2 50 26 59 12 47 30 39 7 51 13 29 46 100000 100000 6 45
121 66 56 51 34 24 47 5 48 100000 5 39 65 35 35 22 34 65 48 4 23 100000 49 100000 100000 56 36
122 66 56 19 59 65 30 19 31 100000 60 37 30 36 34 50 35 39 61 22 10 13 65 19 52 100000 65
123 23 21 12 15 12 6 21 22 18 11 6 23 8 16 21 19 9 8 13 22 21 14 4 12 6 17
124 244 37 59 127 100000 200 84 96 100000 100000 208 84 115 98 40 174 152 101 244 222 130 227 16 144 142 6
125 54 18 17 20 12 12 48 42 28 45 37 27 100000 5 8 46 24 100000 52 100000 37 26 4 22 30 9
126 294 215 33 45 276 100000 227 133 77 115 10 109 19 165 48 232 112 100000 153 27 86 159 241 130 133 256
127 84 74 34 67 37 100000 31 29 28 23 49 61 71 7 30 100000 51 71 3 100000 5 62 67 47 26 60
128 61 36 56 33 14 42 24 100000 100000 26 12 8 100000 36 36 53 45 27 42 8 39 100000 57 58 2 100000
129 57 44 51 28 100000 16 10 54 49 41 25 100000 10 16 35 100000 27 17 100000 13 24 33 53 11 17 37
130 38 16 20 18 34 29 18 19 29 38 35 12 12 4 3 27 20 25 30 25 22 4 8 20 18 24
131 944 444 256 491 491 737 821 680 199 322 312 48 100000 718 199 124 859 331 303 218 633 510 548 67 737 774
132 511 100000 11 460 159 358 384 220 72 384 190 241 100000 100000 384 100000 195 21 424 100000 246 154 276 261 424 93
133 625 169 238 325 357 194 613 201 363 257 413 419 450 145 556 88 506 126 588 357 425 100000 625 45 132 100000
134 445 232 334 100000 161 307 103 59 130 387 183 321 94 441 325 241 210 334 414 409 23 100000 134 76 321 401
135 68 100000 26 51 51 39 53 51 55 10 16 37 51 14 35 2 6 37 48 63 41 66 100000 49 35 12
136 53 20 6 28 8 5 27 12 26 34 43 37 34 23 37 12 37 35 7 18 31 21 100000 42 30 45
137 49 100000 7 45 6 38 6 39 33 4 41 47 2 16 31 18 20 46 2 36 30 4 8 5 24 25
138 92 37 21 52 6 3 84 7 100000 66 60 57 13 13 35 47 51 15 2 100000 6 56 100000 100000 89 90
139 236 189 95 102 39 100000 8 13 100000 140 43 149 10 81 29 102 163 57 236 168 34 100000 83 142 102 6
140 116 72 8 26 55 59 4 87 29 29 33 110 38 107 57 25 14 69 105 83 18 14 100000 100000 77 31
141 265 100000 19 100000 228 199 228 67 27 215 144 220 157 109 104 64 41 17 236 19 46 186 199 96 254 100000
142 149 31 102 113 142 34 85 53 72 88 112 35 134 68 137 100000 100000 74 23 35 100000 42 99 85 115 2
143 74 23 46 2 28 20 23 62 71 100000 69 58 9 18 19 5 31 11 10 59 10 24 5 49 38 100000
144 332 173 229 100000 117 97 170 167 100000 18 133 61 180 236 4 210 100000 100000 312 183 312 276 127 31 157 100000
145 324 279 11 11 279 7 14 311 143 266 100000 111 101 214 40 175 237 143 224 130 24 198 100000 82 195 100000
146 104 84 82 78 11 3 58 92 38 70 100000 85 90 100000 29 72 63 100 94 74 86 8 49 33 50 39
147 51 34 100000 43 6 20 38 5 46 7 34 19 9 10 33 19 10 30 35 11 37 17 3 17 19 100000
148 58 23 54 13 3 34 24 39 10 52 30 100000 43 15 14 100000 58 22 5 45 48 22 20 47 100000 52
149 67 49 17 18 18 45 29 16 13 23 63 42 12 4 51 51 43 18 20 3 56 12 100000 33 65 34
150 49 7 26 40 29 26 49 23 34 34 17 19 6 100000 7 28 33 5 3 43 49 17 25 21 29 10
151 107 8 20 69 107 75 52 100000 48 51 19 77 4 44 6 32 51 39 25 107 54 22 22 53 69 73
152 38 100000 12 26 6 4 17 13 34 37 23 25 14 100000 6 14 11 22 22 7 8 11 9 15 35 13
153 27 10 16 22 16 12 12 26 24 3 13 10 100000 24 100000 8 22 23 3 22 21 18 2 22 26 11
154 68 11 60 100000 7 35 100000 59 21 48 28 30 17 9 10 59 59 67 100000 24 24 100000 32 35 46 100000
155 207 17 26 53 100000 7 92 114 75 75 197 67 197 201 145 100000 100000 143 104 145 100000 125 3 34 147 112
156 202 73 51 190 29 31 158 99 5 73 142 122 100000 97 63 85 75 100000 77 136 11 108 89 100000 200 9
157 83 32 48 35 100000 67 11 100000 11 27 100000 9 53 47 36 82 7 53 65 67 76 30 77 66 77 58
158 35 15 21 8 20 18 30 20 19 35 10 28 12 21 15 3 20 14 12 8 18 7 100000 20 34 30
159 58 16 21 8 100000 26 100000 32 32 57 3 34 18 26 28 34 28 11 100000 42 100000 20 6 10 31 43
160 42 3 15 100000 8 39 4 37 7 9 2 100000 34 35 32 33 19 23 100000 10 11 9 41 20 23 14
161 68 51 6 27 33 100000 63 54 100000 42 100000 64 37 23 65 100000 43 32 60 45 63 51 100000 100000 59 56
162 68 32 10 63 41 12 47 2 50 65 100000 29 8 51 55 11 100000 30 41 49 24 23 3 49 60 57
163 68 63 39 100000 15 35 44 12 14 28 40 59 55 36 52 53 53 19 22 100000 4 18 67 56 50 2
164 103 91 48 100000 43 82 32 54 103 49 100000 99 81 5 100000 100000 100000 17 72 95 97 69 39 46 58 45
165 103 39 73 84 58 80 88 100 6 36 4 24 99 30 21 83 63 61 57 50 86 65 95 36 45 49
166 103 6 89 100000 4 78 44 33 100000 15 22 100000 54 57 100000 42 100000 79 29 65 11 13 20 98 75 94
167 103 94 5 55 98 65 51 3 21 47 100000 100000 44 72 100000 93 61 67 10 36 100000 75 78 61 54 19
168 103 88 72 15 79 82 31 103 53 30 46 35 99 100000 64 100000 100000 43 100 93 47 50 89 30 73 36
169 68 100000 50 18 65 2 5 47 20 28 16 10 57 34 65 59 46 26 34 46 18 59 22 32 31 52
170 103 73 99 72 102 58 41 73 70 64 94 89 97 79 42 46 100 24 79 103 30 54 102 91 75 64
171 68 25 2 21 54 6 42 47 35 68 68 51 58 100000 43 17 65 32 62 65 26 46 100000 31 49 47
172 103 75 38 76 76 47 23 21 25 70 46 18 91 80 36 10 55 7 18 32 37 83 20 25 74 100000
173 103 61 14 13 63 88 97 57 98 62 41 86 20 51 100000 100000 57 58 76 100000 46 83 100000 98 16 79
174 68 56 39 10 39 47 31 21 34 6 55 15 48 2 5 9 41 21 56 11 2 16 4 12 55 67
175 103 92 2 79 47 62 18 78 23 40 66 95 51 98 49 88 47 34 100000 68 102 70 92 45 67 73
176 103 53 41 59 28 99 32 100000 103 69 67 101 23 8 65 91 100000 100000 39 43 84 40 6 64 5 11
177 10 9 100000 1 1 5 8 9 4 5 10 7 7 6 3 6 4 3 9 100000 9 4 3 4 10 7
178 187 12 10 127 64 87 100000 122 49 118 20 31 176 44 163 27 100000 16 16 57 176 163 168 51 77 27
179 134 106 33 110 100000 10 41 9 100000 83 100000 134 49 100000 13 126 133 117 68 93 4 101 71 13 52 111
180 89 39 88 86 32 84 40 40 100000 100000 29 89 2 47 87 100000 100000 71 55 38 3 49 14 63 85 24
181 58 2 19 20 23 16 10 55 30 3 100000 20 30 28 37 37 19 100000 4 19 48 39 39 100000 29 48
182 49 13 33 41 27 2 16 38 100000 39 29 25 100000 10 2 3 22 22 18 100000 10 100000 6 4 6 35
183 134 126 50 25 106 26 100000 100000 38 100000 42 42 131 119 62 20 109 133 82 45 71 22 98 123 100000 79
184 53 26 100000 51 49 10 29 12 17 20 15 24 49 38 15 33 100000 9 40 100000 25 28 24 30 49 43
185 334 100000 88 227 84 128 281 84 38 18 61 277 148 334 244 124 264 28 14 100000 304 71 111 54 158 151
186 24 100000 15 8 19 16 100000 6 14 4 20 5 21 13 100000 6 15 10 4 10 16 9 22 100000 1 15
187 76 39 100000 72 75 100000 42 61 62 50 38 22 66 3 33 58 9 13 8 27 49 15 45 20 54 61
188 76 28 20 100000 74 18 3 63 100000 53 100000 100000 76 51 62 100000 19 75 33 51 68 5 27 12 70 13
189 192 95 58 104 77 74 87 156 140 139 167 28 146 169 114 161 167 133 116 79 87 66 148 60 26 179
190 98 60 24 81 90 84 65 6 77 51 89 30 3 51 9 78 16 65 93 11 52 96 100000 81 84 100000
191 258 42 100000 209 100000 178 248 32 168 100000 100000 155 94 78 101 32 22 181 47 100000 100000 100000 106 153 100000 100000
192 165 65 22 163 27 40 142 78 100000 26 39 67 6 158 73 76 8 88 72 124 49 109 27 100000 116 106
193 38 31 100000 8 14 8 2 22 12 29 28 9 22 28 28 22 27 30 4 23 20 8 6 28 33 8
194 115 88 112 80 30 26 55 59 52 23 61 99 97 100000 108 10 106 43 112 30 65 12 92 81 72 74
195 83 81 66 63 56 59 32 55 44 8 100000 18 25 70 100000 73 76 56 7 100000 13 15 40 31 26 22
196 56 47 5 100000 26 15 54 18 46 35 29 36 49 16 4 2 2 55 7 9 10 17 14 25 22 18
197 29 15 1 100000 8 7 5 100000 19 9 9 19 23 100000 15 4 25 19 100000 6 14 28 11 12 28 6
198 303 58 100000 240 294 218 55 119 49 173 83 83 231 49 67 100000 19 34 67 46 100000 197 161 285 119 13
199 18 9 13 5 100000 5 11 11 6 17 6 16 2 3 11 14 100000 12 15 100000 9 13 3 13 16 15
200 29 28 29 14 24 16 7 26 17 29 26 24 23 25 24 100000 16 10 6 28 7 28 29 14 25 2
201 154 99 142 100000 30 4 39 139 64 67 41 64 78 100000 85 100000 45 99 100000 39 139 47 59 102 130 45
202 90 33 40 21 68 31 61 100000 23 48 25 100000 11 86 31 31 39 100000 4 75 33 74 82 61 72 32
203 93 66 14 93 67 64 75 59 43 88 8 93 81 53 53 23 35 8 57 23 36 9 42 51 100000 76
204 94 61 100000 40 21 35 30 45 54 76 64 43 69 49 100000 100000 100000 58 20 83 34 28 10 89 48 67
205 165 100000 86 114 78 3 129 157 49 152 73 106 121 50 86 100000 12 17 100000 111 100000 17 17 131 127 8
<task directions>
1 E
2 E
3 R
4 L
5 E
6 E
7 R
8 R
9 R
10 R
11 R
12 R
13 L
14 L
15 L
16 L
17 L
18 L
19 E
20 E
21 E
22 E
23 E
24 E
25 R
26 L
27 R
28 R
29 R
30 R
31 R
32 R
33 R
34 L
35 E
36 E
37 L
38 L
39 L
40 E
41 E
42 E
43 L
44 L
45 L
46 L
47 L
48 L
49 L
50 L
51 L
52 L
53 L
54 R
55 R
56 R
57 R
58 R
59 R
60 R
61 R
62 E
63 E
64 E
65 E
66 E
67 E
68 E
69 E
70 E
71 E
72 E
73 E
74 E
75 E
76 E
77 E
78 L
79 R
80 E
81 E
82 E
83 E
84 E
85 E
86 E
87 E
88 E
89 E
90 R
91 R
92 R
93 R
94 E
95 R
96 E
97 E
98 E
99 E
100 E
101 E
102 E
103 E
104 R
105 L
106 L
107 E
108 L
109 E
110 R
111 L
112 R
113 E
114 L
115 E
116 R
117 E
118 E
119 E
120 E
121 E
122 E
123 E
124 E
125 E
126 R
127 E
128 E
129 E
130 R
131 E
132 R
133 R
134 R
135 L
136 L
137 E
138 E
139 E
140 L
141 L
142 L
143 L
144 E
145 E
146 L
147 L
148 R
149 R
150 R
151 E
152 L
153 L
154 E
155 E
156 E
157 E
158 R
159 R
160 E
161 R
162 R
163 R
164 R
165 R
166 R
167 R
168 R
169 L
170 L
171 L
172 L
173 L
174 L
175 L
176 L
177 E
178 E
179 L
180 L
181 L
182 L
183 L
184 L
185 E
186 R
187 R
188 L
189 E
190 E
191 R
192 E
193 R
194 E
195 L
196 R
197 R
198 R
199 R
200 R
201 L
202 L
203 L
204 E
205 E
<precedence relations>
1,36
2,3
2,4
3,5
4,5
5,7
5,13
6,36
7,8
8,9
9,10
10,11
11,12
12,36
13,14
14,15
15,16
16,17
17,18
18,36
19,36
20,22
21,22
22,23
23,24
23,34
24,26
24,27
24,28
25,28
26,35
27,35
28,29
29,30
29,33
30,31
30,32
31,35
32,35
33,35
34,35
35,36
36,37
36,40
36,41
36,42
36,62
36,69
36,72
36,75
36,83
36,110
36,111
36,112
37,38
38,39
39,45
40,43
40,54
41,92
42,43
42,54
43,44
44,45
45,46
45,48
45,51
45,53
46,47
47,92
48,49
49,50
50,92
51,52
52,92
53,92
54,55
55,56
55,59
55,61
56,57
57,58
58,92
59,60
60,92
61,92
62,63
63,64
64,65
64,68
65,66
66,67
67,80
68,80
69,70
70,71
71,73
72,73
73,74
74,76
75,92
76,77
76,78
76,79
77,80
77,82
78,80
79,80
80,81
81,84
82,92
83,92
84,85
85,86
85,88
85,90
86,87
87,92
88,89
89,92
90,91
91,92
92,93
92,94
92,95
92,96
92,97
92,98
92,99
93,135
94,135
95,113
96,113
97,100
98,100
99,100
100,101
100,103
100,105
100,109
100,130
100,131
100,134
101,102
102,113
103,104
104,113
105,106
105,107
106,108
107,108
108,113
109,113
110,113
111,113
112,113
113,114
113,115
113,116
113,117
113,118
113,119
113,120
113,121
113,122
113,123
113,124
113,161
113,162
113,163
113,169
113,171
113,174
113,203
113,204
113,205
114,160
115,160
116,160
117,160
118,126
119,126
120,126
121,126
122,126
123,126
124,125
125,126
126,127
126,128
126,129
127,135
128,135
129,135
130,136
131,132
132,133
133,189
134,189
135,136
135,137
135,138
135,139
135,140
135,141
135,142
135,144
135,145
135,147
135,148
135,149
135,150
135,151
135,152
135,153
135,158
136,189
137,160
138,160
139,160
140,143
141,143
142,143
143,160
144,160
145,146
146,160
147,160
148,160
149,160
150,160
151,160
152,160
153,154
154,155
155,156
156,157
157,189
158,159
159,189
160,164
160,170
160,178
160,179
160,184
161,167
162,165
163,164
164,165
165,166
166,167
167,168
168,177
169,170
170,172
171,172
172,173
173,175
174,175
175,176
176,177
177,185
177,186
177,187
177,188
177,194
177,195
178,180
179,180
180,181
180,183
181,182
185,189
186,189
187,189
188,189
189,190
189,191
189,193
191,192
194,197
195,196
196,197
197,198
197,199
197,201
199,200
201,202
<end>