<number of tasks>
205
<number of mated-station>
10
<number of workers>
20
<task times>
1 692 1723 2035 100000 603 395 852 1640 1806 1308 100000 1516 146 1184 893 1308 167 1557 2055 748
2 42 29 100000 100000 74 110 111 111 100000 119 91 32 79 124 59 126 44 125 90 54
3 261 100000 79 100000 306 181 56 126 361 439 611 212 345 760 392 40 674 32 100000 220
4 261 783 267 275 267 634 439 642 369 100000 150 298 681 71 228 100000 103 752 533 447
5 157 227 189 429 363 241 236 269 274 236 175 198 278 189 128 419 170 260 100000 208
6 90 66 100000 267 100000 71 100000 157 270 71 224 23 36 160 87 9 79 181 227 82
7 54 65 30 27 56 106 72 83 125 135 123 62 35 48 109 112 43 110 100000 100000
8 67 115 43 105 9 101 169 67 87 127 57 197 83 83 83 149 201 35 15 81
9 30 66 80 9 100000 9 100000 29 78 38 40 23 45 78 36 12 22 43 29 65
10 106 201 33 305 175 52 308 90 128 156 83 17 156 26 74 100000 100000 299 255 14
11 32 83 100000 14 80 92 69 4 46 48 60 22 100000 31 56 32 51 87 82 16
12 62 136 100000 55 18 20 100000 42 149 143 147 147 100000 38 29 18 180 134 184 140
13 54 120 17 122 65 40 85 70 64 78 56 56 115 7 69 17 100000 101 15 53
14 67 3 13 133 119 33 187 51 189 127 73 111 99 17 133 187 59 201 141 101
15 30 24 53 100000 48 16 44 100000 33 68 38 38 17 78 19 22 20 54 54 18
16 106 251 77 198 4 226 23 100000 188 286 267 150 128 100000 261 299 121 179 169 213
17 32 50 47 38 5 100000 24 73 66 80 52 66 100000 48 14 40 38 11 54 8
18 62 81 71 175 31 68 108 10 149 23 155 8 82 92 79 131 27 127 100000 73
19 56 146 33 126 54 74 34 54 73 133 155 113 160 88 46 130 101 69 88 28
20 67 187 111 183 91 9 171 17 100000 15 183 121 3 13 193 100000 39 100000 47 109
21 86 137 40 240 127 29 94 4 237 37 47 258 178 124 101 194 65 181 100000 78
22 37 14 71 100 46 21 37 106 48 45 110 104 56 71 110 9 57 93 107 46
23 41 71 60 66 100000 7 95 100000 122 100000 100000 45 35 122 22 19 30 64 38 111
24 72 203 156 136 214 205 199 154 70 85 136 89 195 192 7 216 175 100000 33 96
25 86 171 55 96 114 4 219 9 173 147 168 4 88 16 253 186 158 255 114 168
26 16 38 100000 36 43 32 23 33 20 30 100000 24 41 13 41 32 39 20 24 48
27 51 94 68 39 82 100000 72 139 9 117 135 100000 65 21 110 100 47 54 113 100000
28 66 86 86 46 151 145 44 84 159 184 68 109 172 198 17 109 50 100000 182 68
29 41 10 66 74 79 28 16 112 105 61 100000 75 122 106 116 21 119 72 49 56
30 72 203 160 5 130 186 31 186 184 96 164 81 100000 85 119 117 100000 173 87 152
31 51 127 86 48 47 88 141 59 88 53 132 7 44 56 136 59 100000 100000 69 151
32 16 100000 100000 100000 9 36 2 20 5 1 3 40 25 14 17 24 100000 2 34 7
33 15 33 34 43 13 100000 43 23 100000 100000 100000 3 27 19 23 45 4 41 37 100000
34 15 34 45 8 37 100000 100000 8 100000 18 38 5 32 25 24 31 34 34 37 30
35 85 110 184 133 232 65 169 204 217 204 158 47 57 100000 209 252 54 133 156 37
36 59 135 59 177 149 26 5 61 61 177 80 100000 100000 151 100000 96 31 47 6 112
37 23 18 3 31 30 4 28 100000 50 59 25 68 100000 36 23 8 25 60 100000 100000
38 13 21 28 31 6 16 25 33 21 14 20 100000 7 100000 20 27 30 30 100000 14
39 19 15 40 46 45 28 30 18 55 8 31 100000 100000 9 12 45 100000 21 36 31
40 108 37 82 143 104 318 100000 33 69 4 285 66 172 195 240 146 75 53 195 100000
41 214 225 155 100000 334 629 584 72 100000 450 450 91 104 636 450 302 565 100000 616 591
42 80 70 101 51 100000 211 80 149 233 166 100000 100000 142 56 51 109 192 228 100000 75
43 37 48 103 44 36 55 24 4 97 110 100000 56 15 84 90 56 44 10 51 109
44 84 29 74 16 194 100000 100000 137 119 182 41 237 100000 100000 61 197 4 100000 34 104
45 18 18 100000 8 32 100000 38 23 22 41 25 18 14 28 46 100000 41 11 2 28
46 12 21 29 23 32 7 9 11 10 10 4 21 35 12 9 100000 100000 32 8 33
47 29 23 100000 55 5 83 23 79 16 84 72 41 56 49 59 87 23 84 58 4
48 37 69 25 103 87 7 90 12 35 106 64 57 76 14 86 37 34 104 14 20
49 13 8 31 100000 9 100000 16 31 4 34 36 11 100000 25 100000 14 10 31 33 6
50 70 197 145 154 30 95 112 139 100000 97 78 170 149 100000 9 189 99 191 16 87
51 217 222 138 625 100000 586 268 27 151 463 508 404 190 534 371 547 112 73 131 100000
52 72 85 167 100000 25 104 87 50 5 48 100000 139 38 100000 205 102 55 179 100000 100
53 85 184 37 171 146 42 62 247 202 141 82 95 136 108 39 184 105 192 72 247
54 43 14 100000 100000 59 47 120 57 20 14 59 70 100000 105 100000 117 115 129 80 68
55 97 248 94 129 120 36 100000 143 132 103 100000 100000 219 245 108 97 143 204 187 279
56 37 100000 100000 38 100000 40 57 78 44 64 45 100000 51 101 100000 100000 95 102 58 103
57 13 7 24 100000 28 37 34 20 33 33 4 12 20 31 35 6 31 37 39 12
58 35 29 79 29 21 100000 71 70 100000 19 45 60 87 84 10 22 99 6 22 75
59 217 508 599 424 177 606 125 248 287 40 320 612 320 573 547 216 100000 100000 359 632
60 72 81 5 66 160 100000 106 158 85 205 100 76 207 126 31 44 25 87 10 147
61 85 108 207 100000 186 161 77 143 92 237 6 123 123 100000 21 141 92 105 120 164
62 25 58 69 18 23 66 100000 17 33 25 22 4 100000 5 25 70 63 9 59 31
63 37 66 78 33 19 58 100000 63 74 101 103 82 69 31 98 70 81 16 55 57
64 37 99 84 71 32 92 38 71 100000 100000 81 29 107 19 107 89 100000 38 51 100000
65 103 100000 306 300 250 133 300 60 100000 235 78 297 140 244 100000 96 66 269 7 93
66 140 240 378 100000 35 100000 395 106 407 72 100000 211 298 315 361 9 282 194 370 361
67 49 27 147 39 100 96 56 77 100000 97 93 121 100000 45 36 146 26 127 116 100000
68 35 94 65 104 58 45 6 65 58 90 100 104 93 80 5 101 99 100000 34 41
69 51 34 95 100000 101 145 12 113 16 88 72 65 132 118 100000 100000 22 33 86 144
70 88 235 19 248 117 9 25 164 204 125 46 100000 72 64 77 146 27 101 17 238
71 53 58 55 44 100000 129 10 83 93 113 59 121 93 18 151 100000 100000 148 80 47
72 144 113 264 281 303 402 40 100000 428 100 66 10 152 100000 83 5 204 27 410 285
73 337 849 940 173 100000 627 759 100000 122 950 254 496 254 31 486 100000 910 254 627 203
74 107 190 151 155 142 315 113 68 100000 59 212 30 260 199 209 78 33 100000 59 36
75 371 34 657 368 746 68 779 535 779 168 1046 68 301 746 100000 257 346 868 546 1046
76 97 236 163 224 169 7 279 74 175 265 97 47 224 71 282 114 204 210 230 175
77 166 36 304 190 443 175 205 145 125 125 56 100000 100000 190 31 150 339 269 170 66
78 92 34 265 62 240 216 144 26 56 128 62 128 67 139 86 92 23 139 45 249
79 92 257 235 100000 163 75 216 84 31 177 64 268 108 207 262 114 100000 67 172 147
80 106 106 58 261 80 198 286 58 213 207 308 147 270 106 99 312 191 296 236 223
81 49 102 42 64 21 4 75 89 86 2 100000 144 116 67 56 19 100000 90 140 10
82 92 95 92 114 100000 48 37 273 86 100000 177 100 92 139 70 100000 108 100000 196 202
83 371 768 635 980 646 368 100000 446 513 268 635 746 446 1024 100000 891 390 535 524 223
84 87 222 100000 11 147 144 100 82 206 82 100000 74 186 84 245 19 170 100000 131 240
85 162 156 16 263 297 30 30 239 234 100000 108 273 282 185 176 171 156 350 113 132
86 96 139 231 110 44 58 162 124 262 38 279 12 231 231 271 21 153 236 7 64
87 79 150 3 86 100000 145 95 98 100000 36 119 100000 100000 100000 228 32 235 121 100000 209
88 96 110 44 30 110 274 282 100000 176 101 116 162 190 256 265 159 139 93 76 142
89 42 20 25 25 24 44 112 66 55 84 82 30 51 89 6 80 45 101 122 60
90 88 59 246 51 51 209 154 100000 246 17 230 30 30 100000 98 88 154 72 56 100000
91 90 100000 100000 31 160 33 100000 109 152 82 265 76 111 125 39 60 47 262 79 100000
92 97 288 16 103 166 100000 265 169 242 114 120 134 248 100000 137 248 100 175 166 71
93 270 575 583 236 100000 268 100000 794 503 25 260 770 139 17 810 624 98 100000 600 195
94 452 100000 100000 164 1207 1248 1180 489 313 977 895 1315 516 313 1044 340 137 340 100000 1058
95 48 144 81 8 123 100000 85 137 80 34 143 2 115 113 48 100000 74 64 100000 90
96 338 842 862 345 335 629 305 264 244 923 426 447 589 730 680 548 801 224 275 183
97 34 86 34 83 100000 81 81 80 86 59 60 81 58 18 77 12 22 99 39 87
98 65 18 137 100000 9 86 121 100000 57 100000 63 79 24 114 189 82 30 100000 7 94
99 50 99 44 128 38 87 5 149 140 5 16 34 147 78 40 80 34 146 137 120
100 112 51 132 115 212 303 108 303 58 35 162 158 299 182 323 313 303 28 162 8
101 48 110 113 135 137 27 67 110 88 134 125 5 83 97 51 93 88 127 78 100000
102 117 123 316 100000 162 274 82 169 169 100000 351 299 15 257 341 187 61 8 148 145
103 50 17 64 144 140 100000 61 55 87 128 93 40 140 96 43 2 135 147 144 58
104 68 62 100000 111 52 141 145 88 172 159 100000 107 76 141 3 72 135 186 100000 5
105 232 606 168 100000 578 216 487 529 335 606 668 216 467 647 196 64 98 362 100000 84
106 122 78 359 136 74 100000 132 78 118 100 271 267 282 173 264 202 16 267 315 246
107 151 372 277 105 114 132 51 73 55 100000 430 335 439 100000 299 363 263 114 100000 222
108 31 41 24 73 86 60 7 28 39 13 81 67 9 70 43 72 74 84 74 13
109 97 129 100000 123 233 42 192 239 27 100000 100000 285 45 100000 27 30 279 256 21 134
110 308 84 389 684 306 869 721 859 250 564 546 776 333 490 813 619 259 379 546 712
111 116 22 22 233 306 206 100000 126 310 15 327 188 317 275 185 98 185 233 53 22
112 312 100000 525 693 440 151 525 712 123 57 637 674 469 656 100000 244 843 693 100000 29
113 34 100000 100000 40 26 81 70 69 31 18 11 57 81 54 21 64 88 12 21 79
114 128 104 78 284 100000 261 246 124 100000 284 100000 139 55 70 143 269 43 81 261 311
115 54 125 6 46 162 156 12 15 49 149 100000 110 72 53 80 91 115 73 99 38
116 175 326 190 467 184 232 410 100000 69 116 263 100000 389 373 441 48 211 410 294 6
117 55 26 150 22 19 100000 142 98 132 100000 100000 39 31 145 57 60 100000 100000 27 100000
118 306 863 285 597 414 74 588 212 478 524 771 780 872 450 203 100000 65 725 863 100000
119 59 78 52 29 112 85 144 91 114 59 96 107 138 100000 61 96 41 112 27 161
120 59 70 93 70 129 50 168 66 15 52 117 75 101 152 133 117 24 10 47 45
121 66 170 143 62 11 147 92 174 72 174 180 100000 44 44 161 161 90 131 111 78
122 66 137 88 176 72 11 151 40 76 76 174 50 100000 101 82 74 100000 176 5 196
123 23 40 57 35 29 53 100000 48 15 2 100000 30 100000 62 3 15 47 55 25 64
124 244 447 191 549 586 600 100000 100000 630 176 8 345 695 440 220 184 440 81 586 454
125 54 35 130 9 107 152 83 160 109 149 107 46 62 56 33 62 127 11 148 69
126 294 318 512 706 397 759 829 785 100000 662 239 100000 54 116 662 71 556 627 715 697
127 84 197 101 144 29 6 100000 61 167 199 84 177 36 100000 187 247 217 100000 106 100000
128 61 163 165 100000 30 54 136 127 77 116 139 77 183 52 65 14 168 100000 136 105
129 57 100000 62 103 105 10 163 89 100000 88 115 164 60 13 60 96 54 37 95 125
130 38 98 10 83 94 68 19 70 35 72 100000 100 22 99 112 65 56 109 4 100000
131 944 284 2294 1558 1785 1643 709 1926 1530 1445 511 1133 1954 2322 114 1756 100000 100000 2634 822
132 511 100000 721 100000 798 369 660 767 890 507 752 170 890 798 93 100000 93 1211 997 100000
133 625 395 95 1388 975 100000 1200 1332 1013 100000 901 1763 694 1069 807 657 38 1725 100000 1332
134 445 94 921 308 214 1295 1295 1295 1322 134 241 348 895 935 921 1055 161 841 1335 100000
135 68 172 169 100000 190 48 44 66 88 103 100000 204 115 143 80 107 180 88 172 90
136 53 47 120 100000 135 100000 100000 132 99 53 37 56 129 18 154 56 18 97 134 10
137 49 73 30 86 87 124 52 109 21 11 115 52 35 147 100000 135 109 97 109 131
138 92 229 100 141 34 243 100000 73 150 9 257 100000 155 111 56 150 125 262 158 23
139 236 199 418 284 439 43 100000 114 192 149 637 404 312 79 602 475 15 355 192 100
140 116 216 50 157 272 237 84 324 334 105 240 306 286 247 258 334 265 84 4 119
141 265 100000 287 604 136 795 779 192 620 446 100000 215 779 100000 374 100000 9 716 581 422
142 149 117 99 438 144 322 121 273 55 144 304 55 242 389 162 242 81 95 179 349
143 74 191 100000 50 173 222 120 100000 136 189 213 100000 81 67 58 67 89 89 52 21
144 332 130 767 956 518 628 260 100000 578 916 857 946 100000 707 369 926 489 996 897 817
145 324 642 100000 535 253 108 380 205 100000 302 720 283 100000 642 681 846 59 564 467 720
146 104 73 91 163 35 284 38 116 129 141 247 23 206 197 7 104 20 29 73 309
147 51 60 126 62 63 34 53 123 56 135 51 75 63 126 100000 124 136 104 88 69
148 58 100000 91 138 108 82 89 51 141 100000 82 157 82 75 100000 146 100000 138 51 132
149 67 185 100000 115 11 95 201 121 155 57 105 41 159 145 100000 75 100000 145 71 187
150 49 122 23 100000 116 49 10 128 80 87 100000 89 147 100000 35 71 58 121 71 35
151 107 142 302 65 116 139 110 132 251 260 113 100000 212 238 43 260 180 206 100000 126
152 38 83 32 44 37 9 59 91 71 38 87 12 29 106 42 2 108 82 13 26
153 27 9 53 53 46 52 29 50 39 28 20 55 75 66 50 3 15 5 71 40
154 68 44 68 90 15 56 125 137 188 23 178 100 9 50 100000 50 78 161 13 60
155 207 162 553 137 540 75 181 342 280 119 311 199 100000 7 354 100000 447 20 596 615
156 202 104 100000 25 600 267 346 219 304 346 100000 74 370 13 449 152 291 370 100000 412
157 83 88 207 31 43 135 108 100000 58 108 224 85 120 21 239 68 83 93 123 6
158 35 24 83 36 97 74 71 104 59 72 15 28 15 83 77 100000 94 39 6 33
159 58 8 145 120 82 86 56 36 84 100000 82 107 152 98 51 11 148 63 157 70
160 42 97 74 16 111 111 24 49 87 86 42 100000 19 64 60 120 6 65 9 5
161 68 123 167 38 76 100000 133 143 155 178 131 121 133 198 68 100000 31 44 27 100000
162 68 135 143 159 151 36 113 5 21 105 54 178 176 96 25 100000 176 163 137 155
163 68 198 169 94 111 200 167 82 3 188 88 113 103 172 42 50 100000 100000 100000 38
164 103 137 23 60 158 84 100000 263 201 32 281 115 100000 121 250 198 16 44 220 124
165 103 4 75 263 100000 109 7 90 257 291 158 16 183 103 238 161 26 266 198 78
166 103 29 161 38 4 19 93 29 23 118 146 81 235 254 26 278 241 300 229 100000
167 103 235 69 158 100000 303 44 127 100000 210 112 257 201 87 100000 297 143 241 149 127
168 103 103 127 217 69 96 275 186 281 13 210 127 112 137 284 137 260 137 235 250
169 68 100000 29 165 100000 133 123 80 54 115 137 172 100000 127 137 180 11 31 172 190
170 103 306 84 137 195 112 84 47 158 7 7 100000 183 287 183 210 180 60 244 38
171 68 92 161 141 42 159 100000 190 165 125 161 145 141 31 84 155 111 3 96 163
172 103 152 244 87 170 247 100000 19 247 23 167 180 220 238 143 118 204 60 109 93
173 103 121 220 186 47 32 195 124 155 204 44 100000 232 84 47 38 100 272 161 250
174 68 80 58 27 141 111 90 123 100000 84 86 15 204 133 180 72 60 200 172 94
175 103 50 309 44 137 75 100000 287 192 10 124 124 278 232 173 244 35 229 300 281
176 103 16 115 4 100000 207 29 66 247 220 257 158 217 204 183 38 38 192 84 164
177 10 9 4 2 2 1 19 10 22 25 28 14 100000 100000 2 9 9 2 5 10
178 187 315 527 432 68 348 516 466 186 85 343 35 236 18 91 337 264 404 100000 163
179 134 81 49 262 153 100000 197 234 338 338 49 294 246 378 165 33 290 202 81 100000
180 89 60 198 100000 150 100000 201 230 44 17 22 115 100000 100000 46 12 153 161 102 100000
181 58 158 110 153 100000 81 49 100000 124 115 134 25 29 100000 81 10 107 62 51 13
182 49 116 45 86 134 83 43 100000 61 137 103 17 109 106 112 59 103 144 77 24
183 134 85 69 338 41 17 390 100000 137 121 298 270 25 338 394 378 29 270 85 346
184 53 94 153 100000 100000 36 50 50 26 63 102 153 18 159 105 127 148 29 143 69
185 334 301 932 642 972 221 251 121 11 100000 1002 632 532 381 441 872 411 151 181 231
186 24 10 56 49 64 37 50 37 68 23 17 100000 21 15 35 33 43 54 22 30
187 76 183 187 187 119 187 12 100000 146 62 174 24 3 128 142 226 144 126 15 176
188 76 94 24 69 208 171 100000 26 155 67 223 192 8 46 228 90 17 100000 192 187
189 192 358 392 100000 289 145 93 444 214 248 100000 41 530 467 340 53 542 496 570 455
190 98 19 282 33 86 100000 221 42 145 71 33 221 180 145 104 273 215 27 253 127
191 258 100000 704 78 697 349 326 163 100000 720 248 78 674 395 627 596 643 473 210 434
192 165 169 372 283 213 16 347 362 100000 6 441 327 129 100000 149 90 411 455 238 50
193 38 34 100000 35 12 89 32 100 74 100 102 36 24 67 97 16 24 79 90 45
194 115 180 8 342 335 100000 180 235 63 262 228 283 256 132 104 77 190 176 228 118
195 83 194 187 192 192 85 100000 110 33 83 209 41 137 100000 41 229 61 100000 36 209
196 56 131 140 74 39 4 33 91 100000 66 14 166 113 81 16 34 126 8 100000 83
197 29 76 10 100000 50 86 51 86 100000 29 83 27 100000 100000 37 56 61 100000 76 13
198 303 264 764 746 364 727 800 800 28 19 100000 891 219 28 100000 864 119 255 655 709
199 18 4 51 49 52 18 31 28 23 37 49 50 46 100000 23 43 30 8 12 45
200 29 100000 42 37 25 7 61 10 100000 45 10 100000 23 25 49 75 23 57 100000 73
201 154 162 453 100000 139 107 56 149 218 291 245 42 208 236 185 52 333 176 411 208
202 90 160 170 100000 205 100000 254 157 25 33 154 130 4 248 243 270 146 211 265 98
203 93 20 210 240 18 243 40 196 260 229 176 104 100000 235 260 140 112 210 123 154
204 94 46 100000 150 254 15 108 158 94 189 4 217 231 268 170 127 240 203 226 82
205 165 26 367 169 100000 426 125 36 105 55 416 11 436 416 100000 50 376 60 110 218
<task directions>
1 E
2 E
3 R
4 L
5 E
6 E
7 R
8 R
9 R
10 R
11 R
12 R
13 L
14 L
15 L
16 L
17 L
18 L
19 E
20 E
21 E
22 E
23 E
24 E
25 R
26 L
27 R
28 R
29 R
30 R
31 R
32 R
33 R
34 L
35 E
36 E
37 L
38 L
39 L
40 E
41 E
42 E
43 L
44 L
45 L
46 L
47 L
48 L
49 L
50 L
51 L
52 L
53 L
54 R
55 R
56 R
57 R
58 R
59 R
60 R
61 R
62 E
63 E
64 E
65 E
66 E
67 E
68 E
69 E
70 E
71 E
72 E
73 E
74 E
75 E
76 E
77 E
78 L
79 R
80 E
81 E
82 E
83 E
84 E
85 E
86 E
87 E
88 E
89 E
90 R
91 R
92 R
93 R
94 E
95 R
96 E
97 E
98 E
99 E
100 E
101 E
102 E
103 E
104 R
105 L
106 L
107 E
108 L
109 E
110 R
111 L
112 R
113 E
114 L
115 E
116 R
117 E
118 E
119 E
120 E
121 E
122 E
123 E
124 E
125 E
126 R
127 E
128 E
129 E
130 R
131 E
132 R
133 R
134 R
135 L
136 L
137 E
138 E
139 E
140 L
141 L
142 L
143 L
144 E
145 E
146 L
147 L
148 R
149 R
150 R
151 E
152 L
153 L
154 E
155 E
156 E
157 E
158 R
159 R
160 E
161 R
162 R
163 R
164 R
165 R
166 R
167 R
168 R
169 L
170 L
171 L
172 L
173 L
174 L
175 L
176 L
177 E
178 E
179 L
180 L
181 L
182 L
183 L
184 L
185 E
186 R
187 R
188 L
189 E
190 E
191 R
192 E
193 R
194 E
195 L
196 R
197 R
198 R
199 R
200 R
201 L
202 L
203 L
204 E
205 E
<precedence relations>
1,36
2,3
2,4
3,5
4,5
5,7
5,13
6,36
7,8
8,9
9,10
10,11
11,12
12,36
13,14
14,15
15,16
16,17
17,18
18,36
19,36
20,22
21,22
22,23
23,24
23,34
24,26
24,27
24,28
25,28
26,35
27,35
28,29
29,30
29,33
30,31
30,32
31,35
32,35
33,35
34,35
35,36
36,37
36,40
36,41
36,42
36,62
36,69
36,72
36,75
36,83
36,110
36,111
36,112
37,38
38,39
39,45
40,43
40,54
41,92
42,43
42,54
43,44
44,45
45,46
45,48
45,51
45,53
46,47
47,92
48,49
49,50
50,92
51,52
52,92
53,92
54,55
55,56
55,59
55,61
56,57
57,58
58,92
59,60
60,92
61,92
62,63
63,64
64,65
64,68
65,66
66,67
67,80
68,80
69,70
70,71
71,73
72,73
73,74
74,76
75,92
76,77
76,78
76,79
77,80
77,82
78,80
79,80
80,81
81,84
82,92
83,92
84,85
85,86
85,88
85,90
86,87
87,92
88,89
89,92
90,91
91,92
92,93
92,94
92,95
92,96
92,97
92,98
92,99
93,135
94,135
95,113
96,113
97,100
98,100
99,100
100,101
100,103
100,105
100,109
100,130
100,131
100,134
101,102
102,113
103,104
104,113
105,106
105,107
106,108
107,108
108,113
109,113
110,113
111,113
112,113
113,114
113,115
113,116
113,117
113,118
113,119
113,120
113,121
113,122
113,123
113,124
113,161
113,162
113,163
113,169
113,171
113,174
113,203
113,204
113,205
114,160
115,160
116,160
117,160
118,126
119,126
120,126
121,126
122,126
123,126
124,125
125,126
126,127
126,128
126,129
127,135
128,135
129,135
130,136
131,132
132,133
133,189
134,189
135,136
135,137
135,138
135,139
135,140
135,141
135,142
135,144
135,145
135,147
135,148
135,149
135,150
135,151
135,152
135,153
135,158
136,189
137,160
138,160
139,160
140,143
141,143
142,143
143,160
144,160
145,146
146,160
147,160
148,160
149,160
150,160
151,160
152,160
153,154
154,155
155,156
156,157
157,189
158,159
159,189
160,164
160,170
160,178
160,179
160,184
161,167
162,165
163,164
164,165
165,166
166,167
167,168
168,177
169,170
170,172
171,172
172,173
173,175
174,175
175,176
176,177
177,185
177,186
177,187
177,188
177,194
177,195
178,180
179,180
180,181
180,183
181,182
185,189
186,189
187,189
188,189
189,190
189,191
189,193
191,192
194,197
195,196
196,197
197,198
197,199
197,201
199,200
201,202
<end>