<number of tasks>
205
<number of mated-station>
11
<number of workers>
22
<task times>
1 692 49 100000 277 519 100000 222 512 49 595 112 243 118 554 56 630 319 100000 388 512 49 637
2 42 24 5 17 32 40 10 12 35 10 8 36 38 100000 2 15 100000 32 15 23 38 36
3 261 180 232 27 139 136 48 212 100000 53 191 19 69 37 217 113 84 100000 48 82 43 6
4 261 100000 118 225 43 4 105 35 134 214 105 95 162 97 100 71 74 167 74 191 139 43
5 157 71 140 130 95 32 137 88 68 148 129 137 13 46 138 85 4 124 24 52 67 35
6 90 54 4 2 66 15 70 79 29 39 22 9 4 75 70 9 100000 63 37 23 56 80
7 54 41 14 25 5 100000 39 25 22 100000 37 100000 52 100000 11 17 32 37 13 12 50 16
8 67 8 23 100000 51 54 8 30 61 38 49 13 100000 21 12 21 46 19 19 100000 51 11
9 30 14 6 26 18 25 22 2 27 100000 27 27 100000 100000 27 4 24 100000 100000 12 2 15
10 106 80 58 100000 15 100000 100000 104 68 5 97 20 59 29 100000 57 59 29 13 100000 87 9
11 32 2 7 7 29 4 3 23 25 18 3 4 19 14 26 21 17 28 100000 31 31 5
12 62 42 14 57 22 33 12 19 100000 20 16 4 40 27 21 43 30 49 100000 26 58 49
13 54 35 43 52 28 7 5 17 20 100000 100000 32 29 9 50 100000 37 51 50 24 22 20
14 67 13 21 46 2 51 9 31 8 12 45 42 19 29 64 39 66 23 10 27 58 66
15 30 24 21 27 13 20 12 21 2 20 12 17 17 18 22 30 2 10 24 8 18 17
16 106 21 99 8 43 46 94 56 89 35 65 24 9 96 54 40 22 81 50 12 100000 24
17 32 12 7 8 23 19 3 2 5 100000 4 15 31 13 21 13 21 100000 21 7 8 14
18 62 16 100000 50 39 36 15 100000 22 55 19 41 21 17 50 10 6 55 100000 35 14 26
19 56 56 40 38 32 19 24 50 38 45 15 44 11 8 25 24 31 25 56 26 13 100000
20 67 52 18 61 43 44 7 28 100000 15 31 12 60 10 43 100000 12 100000 51 43 47 64
21 86 19 17 100000 27 74 27 55 84 72 100000 49 68 79 74 20 26 45 28 54 3 50
22 37 5 33 29 27 18 30 5 21 14 33 13 36 31 30 7 17 31 22 16 100000 19
23 41 22 16 38 22 2 9 23 36 100000 25 39 25 34 26 6 22 26 29 13 33 39
24 72 39 34 29 41 50 35 12 46 100000 46 56 53 66 21 18 12 68 7 56 19 69
25 86 100000 24 72 10 48 38 44 68 15 100000 72 39 100000 50 70 100000 100000 100000 7 55 80
26 16 4 15 6 10 5 2 9 14 9 16 2 9 100000 3 11 12 10 4 10 7 10
27 51 14 50 42 4 7 2 17 51 15 19 100000 6 37 26 11 15 18 23 35 34 50
28 66 34 100000 56 39 34 18 28 7 35 21 3 62 4 57 35 54 34 23 45 27 29
29 41 2 31 17 21 23 20 22 12 33 10 39 31 22 31 39 1 21 21 13 40 3
30 72 56 38 54 17 62 71 22 29 100000 44 100000 71 50 56 61 62 3 22 22 49 35
31 51 35 14 41 31 32 48 43 100000 100000 43 18 35 17 17 47 100000 2 26 40 51 100000
32 16 1 3 3 11 11 16 100000 14 100000 4 100000 4 5 14 2 9 6 4 15 10 100000
33 15 14 6 100000 1 14 6 3 100000 5 9 2 3 2 5 3 6 13 8 5 1 3
34 15 15 12 6 7 4 100000 12 3 8 13 100000 6 9 3 3 5 15 6 14 100000 6
35 85 38 28 56 43 30 25 100000 39 100000 4 18 100000 54 72 42 63 73 45 38 67 61
36 59 57 53 14 3 8 100000 49 32 30 35 100000 7 46 6 100000 48 38 14 100000 2 20
37 23 100000 7 20 9 22 100000 15 5 2 18 11 7 17 14 13 3 16 7 1 11 19
38 13 5 12 2 5 4 10 8 12 8 6 8 9 7 8 2 12 6 7 2 12 11
39 19 5 8 17 19 12 6 15 16 12 5 12 16 6 4 100000 18 100000 13 5 17 18
40 108 25 36 18 100000 71 27 100000 5 103 49 100000 107 53 10 81 104 99 3 8 67 30
41 214 100000 12 159 35 201 100000 31 195 100000 10 27 39 199 156 48 191 118 20 24 131 163
42 80 12 55 61 100000 77 10 36 49 33 100000 23 6 7 32 48 29 20 37 49 52 57
43 37 31 31 1 22 17 100000 36 6 37 17 25 34 33 36 5 100000 19 19 100000 37 33
44 84 75 35 4 52 35 80 52 16 48 40 64 25 100000 9 24 23 61 36 64 23 75
45 18 11 7 14 15 3 9 3 100000 9 10 4 18 11 17 15 7 18 13 11 14 3
46 12 4 4 8 4 10 7 9 6 8 1 7 8 6 6 2 8 5 5 12 12 4
47 29 17 7 15 10 24 19 21 100000 100000 26 11 6 16 11 100000 28 100000 9 12 24 25
48 37 33 8 7 4 15 24 15 35 100000 14 22 16 16 22 28 21 32 16 27 27 34
49 13 2 12 8 5 12 3 9 5 6 11 8 100000 11 2 9 100000 6 5 4 11 9
50 70 54 27 34 100000 46 26 44 59 45 17 11 18 30 55 57 62 29 15 9 39 2
51 217 202 53 206 213 144 178 87 172 148 191 217 70 18 115 12 85 213 131 206 180 100000
52 72 54 100000 33 59 100000 13 65 100000 4 7 26 65 72 36 20 30 25 100000 100000 60 40
53 85 24 100000 19 62 29 40 22 13 80 43 73 54 73 33 46 59 100000 100000 79 77 35
54 43 26 21 35 38 42 23 38 22 25 100000 38 100000 42 28 14 6 3 4 43 100000 36
55 97 15 55 87 100000 23 24 85 45 100000 100000 90 39 89 91 81 95 16 7 59 53 85
56 37 19 36 13 5 21 33 16 37 5 14 4 22 25 14 100000 2 21 14 31 100000 35
57 13 11 100000 3 8 100000 100000 2 8 2 6 100000 11 10 100000 13 11 7 3 10 12 100000
58 35 35 3 12 7 15 11 17 15 34 20 21 100000 5 3 28 16 22 20 11 11 11
59 217 150 139 172 90 100000 206 23 167 81 46 131 7 23 152 150 49 74 204 61 100000 198
60 72 29 38 52 67 54 30 3 11 19 26 100000 36 2 10 63 37 59 18 51 15 70
61 85 80 56 100000 30 73 69 27 50 47 72 14 77 72 43 100000 19 62 13 35 10 13
62 25 22 25 12 23 14 9 19 24 20 19 11 3 14 7 100000 14 15 24 2 24 14
63 37 13 14 5 21 5 24 21 15 10 34 23 20 16 10 6 29 24 19 28 27 25
64 37 9 33 100000 100000 14 100000 19 32 7 37 24 6 27 20 23 100000 21 9 22 11 28
65 103 29 32 59 73 96 54 36 76 88 3 7 100000 56 100000 42 60 100000 42 5 16 68
66 140 22 16 134 57 41 15 54 58 100000 68 133 71 9 79 109 100000 23 11 32 33 76
67 49 36 4 36 43 45 30 45 16 36 14 39 27 9 12 100000 13 26 39 28 34 48
68 35 30 21 21 17 100000 6 30 17 25 2 22 100000 12 6 25 15 26 23 17 20 33
69 51 34 18 13 23 37 10 46 20 48 12 43 9 29 41 45 32 48 36 49 43 44
70 88 17 58 45 23 66 51 46 30 33 47 17 47 43 52 88 38 78 100000 18 17 40
71 53 37 24 51 46 14 41 41 20 51 30 38 50 50 29 8 34 6 20 100000 22 100000
72 144 28 15 68 120 20 67 100 110 121 101 51 100000 100000 2 64 51 37 100000 105 38 143
73 337 100000 119 303 273 290 287 337 176 100000 317 270 169 300 100000 100000 100000 98 162 139 75 85
74 107 83 12 22 16 81 58 26 53 66 8 50 16 100 54 20 77 49 42 19 39 32
75 371 45 356 16 156 345 142 138 49 253 94 242 100000 179 338 312 301 97 182 260 179 100000
76 97 75 86 100000 13 100000 37 33 69 92 29 37 61 52 85 43 61 100000 87 81 13 46
77 166 100000 31 100000 107 151 24 159 6 8 135 153 100000 116 98 75 128 75 156 140 80 97
78 92 70 100000 88 45 87 68 20 100000 90 62 86 83 70 76 84 5 89 78 26 48 13
79 92 81 44 21 5 87 83 74 10 45 43 100000 74 88 100000 7 70 100000 26 26 64 82
80 106 103 86 100000 96 105 93 80 23 46 87 105 42 19 31 66 102 99 23 69 70 57
81 49 29 35 32 46 37 40 27 19 46 27 35 25 20 4 6 25 37 48 21 43 3
82 92 4 17 55 38 38 89 59 48 52 30 100000 31 21 41 66 57 48 2 100000 33 100000
83 371 323 341 197 267 249 234 34 371 279 134 57 138 127 323 230 100000 193 286 223 5 23
84 87 31 50 19 100000 10 17 74 82 25 33 16 47 7 3 73 55 51 31 34 100000 33
85 162 120 100000 100000 138 149 110 62 53 100000 25 36 128 93 93 30 117 75 75 90 22 96
86 96 64 93 32 59 100000 73 100000 37 94 16 10 57 100000 66 68 53 27 64 56 10 35
87 79 100000 48 52 42 54 49 42 56 24 43 77 61 71 73 54 48 56 19 69 64 21
88 96 100000 23 60 64 75 10 25 83 30 16 15 7 40 92 76 100000 100000 14 31 24 20
89 42 19 39 33 39 38 11 4 16 41 100000 100000 10 12 2 11 27 39 11 33 23 25
90 88 38 100000 21 2 32 66 100000 10 74 86 42 41 13 43 39 47 38 88 15 100000 45
91 90 100000 44 36 22 71 22 73 100000 70 44 54 46 2 87 54 32 6 54 67 13 89
92 97 13 100000 82 76 56 69 90 12 64 34 60 69 24 4 94 17 97 43 43 100000 40
93 270 227 149 160 33 248 165 122 154 12 146 127 100000 4 20 114 100000 205 211 192 100000 106
94 452 299 276 100000 249 281 249 51 42 294 10 105 190 37 429 51 168 69 100 204 389 281
95 48 40 35 19 16 15 36 15 28 18 21 16 23 47 20 38 29 17 45 6 45 3
96 338 153 234 100000 100000 100000 180 274 100000 220 291 237 331 100000 314 62 72 186 100000 325 163 45
97 34 18 16 28 34 100000 15 24 10 8 9 5 31 10 31 23 25 20 29 19 24 28
98 65 57 65 100000 34 39 18 61 8 30 57 55 30 53 21 50 15 40 32 11 50 100000
99 50 7 21 16 34 36 25 28 48 23 35 3 22 40 100000 100000 48 17 33 31 32 29
100 112 70 58 94 66 28 66 100000 100 64 47 100000 41 79 104 21 58 100000 62 79 35 111
101 48 28 39 10 45 30 100000 9 41 44 31 6 28 14 39 4 29 2 31 14 15 5
102 117 97 27 52 10 87 65 107 88 62 91 13 96 58 94 102 83 76 74 33 80 40
103 50 35 3 14 9 43 7 15 47 42 28 38 33 34 6 49 13 36 19 16 5 22
104 68 23 3 22 59 67 47 67 5 51 42 100000 46 32 40 7 5 19 4 15 21 100000
105 232 38 209 227 52 223 202 190 202 211 107 36 84 31 38 149 82 114 216 36 190 188
106 122 52 122 5 25 112 120 32 72 57 94 100000 43 52 107 110 82 117 29 84 6 64
107 151 7 100000 48 100000 91 114 145 58 49 34 139 100000 100000 144 117 82 127 100000 121 60 66
108 31 11 3 19 100000 30 22 5 30 21 22 20 2 9 100000 13 100000 16 100000 22 23 19
109 97 100000 34 47 40 40 54 51 11 83 71 85 97 21 29 87 31 100000 94 77 21 8
110 308 253 84 136 277 204 90 26 170 161 127 22 253 277 72 222 247 130 302 65 133 78
111 116 14 21 100000 116 100000 48 116 4 82 34 56 94 31 19 50 72 100000 39 18 33 34
112 312 35 107 94 191 76 194 116 275 219 253 100000 222 38 135 290 253 256 129 293 197 234
113 34 21 23 16 33 21 6 100000 20 20 100000 28 32 31 34 28 30 13 3 3 28 24
114 128 91 11 11 76 101 100000 2 100 2 89 7 10 110 77 15 25 77 18 28 128 33
115 54 13 20 33 22 100000 8 35 46 32 20 53 43 32 3 29 33 2 51 22 3 35
116 175 51 170 57 58 118 88 10 135 173 41 137 132 83 45 163 15 100000 6 137 163 109
117 55 100000 54 26 53 5 30 2 37 46 22 22 44 47 100000 9 54 20 54 100000 3 15
118 306 59 22 208 138 181 279 129 199 120 291 22 100000 218 114 248 47 154 169 19 276 199
119 59 46 100000 8 20 59 10 32 49 33 56 10 50 45 36 14 17 50 100000 20 19 13
120 59 7 42 49 6 46 14 17 9 42 7 31 28 43 22 100000 51 44 13 36 48 43
121 66 56 44 41 32 14 47 19 49 100000 100000 34 26 50 15 42 32 37 7 100000 13 58
122 66 52 100000 100000 27 37 20 23 54 13 100000 52 100000 61 48 65 51 41 17 37 100000 51
123 23 100000 9 12 19 4 9 14 20 13 6 18 3 8 23 18 2 20 100000 12 5 16
124 244 91 35 16 208 67 132 100000 125 30 69 208 242 59 100000 59 244 217 8 237 100000 6
125 54 6 52 10 37 6 44 11 6 2 34 40 52 100000 100000 15 31 48 100000 34 46 50
126 294 247 100000 183 100000 150 186 230 100000 127 54 256 232 51 247 186 273 33 100000 148 33 127
127 84 6 54 100000 55 3 47 47 63 6 27 38 16 62 39 24 100000 100000 82 11 67 11
128 61 42 34 22 47 18 22 47 58 52 14 44 17 46 54 41 18 50 56 5 45 100000
129 57 23 100000 11 12 4 25 53 38 50 38 42 46 5 33 19 2 100000 38 11 47 51
130 38 7 100000 100000 100000 100000 31 100000 8 3 14 34 17 100000 5 10 20 34 19 37 38 1
131 944 284 86 180 100000 793 199 406 199 86 510 529 755 491 444 100000 812 727 916 142 821 699
132 511 57 215 414 180 414 394 100000 327 358 378 261 108 404 455 113 100000 399 419 460 424 129
133 625 319 606 288 469 338 244 457 194 100000 51 457 107 257 613 531 438 76 538 556 432 145
134 445 236 321 100000 334 347 125 214 179 414 100000 94 165 174 276 152 312 334 201 10 338 63
135 68 100000 14 67 4 2 40 67 43 100000 59 4 47 32 12 5 51 44 16 53 54 52
136 53 41 26 45 35 10 21 28 23 100000 9 6 45 48 7 46 13 42 40 52 35 31
137 49 100000 100000 29 41 36 100000 36 45 41 40 22 18 46 21 5 1 21 20 42 13 17
138 92 100000 9 8 23 52 45 79 5 37 2 68 67 16 92 90 100000 100000 100000 48 77 77
139 236 100000 67 53 135 182 25 177 48 175 100000 15 76 109 201 100000 20 205 83 10 69 22
140 116 100000 25 76 107 116 60 93 15 95 87 34 59 100000 100000 13 64 109 114 65 92 65
141 265 62 175 239 88 49 115 88 93 33 191 49 252 6 100000 117 257 136 4 51 167 85
142 149 5 100000 7 16 8 111 57 100000 96 109 100000 16 84 100000 131 74 16 130 47 146 118
143 74 49 46 62 36 2 19 27 47 73 61 100000 60 13 32 3 51 73 100000 100000 100000 27
144 332 100000 100000 24 236 104 100000 213 183 276 239 160 123 292 256 325 243 302 100 259 64 31
145 324 285 59 305 79 272 98 266 298 100000 234 56 179 185 288 46 269 130 20 100000 230 292
146 104 20 73 76 100000 45 100000 86 31 56 9 86 63 39 59 3 76 5 72 3 103 100000
147 51 42 4 21 9 100000 38 100000 44 50 8 26 45 17 39 5 51 21 16 31 4 47
148 58 23 27 47 39 49 56 55 37 51 24 36 43 100000 11 44 18 40 7 44 100000 30
149 67 51 39 54 10 22 2 49 33 45 26 56 39 29 33 25 2 61 35 13 26 19
150 49 49 10 27 40 8 21 48 15 11 24 31 33 1 45 49 5 7 15 10 25 14
151 107 73 40 36 79 102 46 53 56 67 100 104 6 7 106 12 43 65 40 67 71 62
152 38 19 4 30 25 28 4 31 23 17 21 100000 29 31 6 31 21 2 26 32 31 100000
153 27 2 9 20 3 9 100000 11 10 5 7 7 14 3 25 12 13 5 9 16 6 15
154 68 43 100000 54 28 28 28 100000 100000 61 3 19 53 5 25 15 35 14 7 18 8 14
155 207 201 166 205 153 85 137 197 164 48 30 36 100000 92 100000 48 151 207 102 143 199 28
156 202 118 15 77 100000 91 108 91 152 184 43 128 27 156 102 168 192 85 120 188 35 148
157 83 70 4 54 35 40 64 74 17 7 100000 39 55 46 32 74 100000 5 32 46 53 67
158 35 16 28 22 16 4 18 16 17 29 24 18 20 19 18 29 22 100000 3 28 18 32
159 58 100000 5 16 39 19 35 38 28 48 25 100000 18 44 31 50 47 100000 6 7 49 26
160 42 19 1 34 22 2 21 38 12 100000 21 5 18 30 15 41 12 3 22 6 3 24
161 68 20 55 19 100000 64 24 30 14 2 62 51 49 26 47 41 14 61 24 29 63 62
162 68 18 10 21 39 19 11 49 3 57 55 28 57 64 55 33 66 18 12 67 37 14
163 68 68 100000 29 20 47 50 20 60 51 26 54 18 41 27 37 54 12 13 18 49 58
164 103 50 56 30 22 73 8 96 75 51 69 18 57 38 96 94 65 48 88 58 103 100000
165 103 86 44 100000 17 22 73 44 46 19 35 51 79 60 91 94 65 20 61 91 13 65
166 103 100000 76 94 62 83 4 85 42 93 68 43 45 56 37 101 4 12 100000 103 33 89
167 103 5 99 90 17 96 66 100000 69 28 61 75 100000 90 28 16 27 62 51 15 42 17
168 103 48 6 100 92 42 21 70 36 18 57 98 103 19 67 41 47 94 51 100000 45 100000
169 68 57 39 51 4 100000 45 7 6 18 39 45 21 43 38 22 52 37 20 28 6 60
170 103 80 100000 70 27 96 8 96 40 95 80 46 84 34 100000 100000 100000 95 44 34 29 34
171 68 61 22 67 62 43 9 40 34 18 10 47 6 100000 43 5 67 100000 37 100000 58 56
172 103 65 3 100000 13 22 74 70 44 7 67 51 18 100000 100000 100000 41 32 38 60 38 97
173 103 101 42 90 99 56 57 75 100000 70 82 47 92 28 2 9 55 84 18 100000 38 16
174 68 26 66 11 39 6 47 100000 33 100000 20 67 16 2 55 52 100000 66 32 37 53 24
175 103 92 31 100000 50 27 42 8 72 27 100000 100000 98 44 96 16 86 31 100000 98 33 89
176 103 38 67 101 20 79 100000 67 41 33 45 74 20 38 100000 86 78 99 63 73 99 82
177 10 8 9 100000 5 10 100000 2 9 6 7 4 7 4 100000 7 100000 10 2 2 5 100000
178 187 38 48 100000 18 49 137 167 139 100000 23 135 72 183 100000 57 70 163 85 79 42 176
179 134 100000 130 100000 41 32 42 133 78 17 79 79 74 95 87 110 103 20 33 40 24 134
180 89 100000 34 63 41 44 100000 61 17 52 24 55 64 20 100000 23 41 100000 11 34 33 100000
181 58 35 31 100000 48 30 26 53 14 15 36 26 15 29 100000 54 100000 6 45 3 28 100000
182 49 7 22 100000 100000 16 32 46 44 35 100000 31 7 8 42 38 25 18 44 37 18 100000
183 134 6 32 119 122 5 103 66 103 61 57 66 60 101 100000 100000 100000 133 106 60 100000 14
184 53 24 25 33 14 52 41 100000 23 2 100000 46 25 4 52 38 27 52 19 47 33 32
185 334 100000 184 227 84 294 321 78 304 171 21 151 8 34 121 204 194 100000 101 194 124 4
186 24 7 14 20 4 8 21 4 5 14 23 17 14 2 2 2 16 19 4 18 15 24
187 76 67 62 51 7 49 10 29 56 32 60 57 60 6 12 42 100000 65 100000 5 51 100000
188 76 30 36 11 73 22 43 55 76 8 51 34 11 42 69 9 5 36 60 18 100000 17
189 192 127 49 30 102 100000 165 129 77 72 39 16 152 75 100000 139 154 156 100000 100000 186 129
190 98 82 20 92 44 52 52 61 9 87 71 25 71 41 3 4 19 73 64 86 100000 87
191 258 101 40 100000 248 58 199 100000 16 78 124 243 76 140 209 117 100000 222 119 147 100000 258
192 165 142 114 39 163 127 12 3 100000 163 155 68 26 81 9 27 98 150 52 49 47 147
193 38 13 1 7 37 22 14 12 6 100000 5 100000 10 28 36 24 14 10 22 29 17 25
194 115 7 14 31 79 48 101 65 100000 2 51 52 76 45 96 17 82 112 41 50 53 102
195 83 26 100000 51 61 62 62 46 4 33 40 61 48 60 100000 52 67 61 32 31 74 74
196 56 47 21 100000 40 51 17 21 50 47 3 44 100000 16 13 36 27 53 40 3 46 23
197 29 11 29 14 28 4 20 29 100000 25 7 12 15 19 5 21 23 28 23 19 5 11
198 303 73 10 31 215 173 215 31 25 146 104 228 67 37 285 152 182 28 209 158 261 122
199 18 16 4 17 5 5 3 8 14 8 18 4 2 17 14 15 7 4 14 5 12 12
200 29 21 20 21 25 4 25 18 25 16 7 14 100000 13 100000 5 12 19 17 5 29 10
201 154 90 32 123 114 19 137 41 90 38 36 35 51 74 117 94 128 61 33 59 42 100
202 90 70 100000 27 70 65 4 100000 88 45 65 33 16 55 45 12 55 20 13 100000 83 27
203 93 82 41 100000 87 79 72 41 93 25 50 100000 33 100000 62 63 41 100000 100000 28 62 44
204 94 10 86 40 35 70 58 88 16 47 91 81 32 36 43 26 50 77 66 64 31 27
205 165 119 147 113 47 27 157 100000 68 29 91 139 44 114 6 127 26 162 75 94 93 16
<task directions>
1 E
2 E
3 R
4 L
5 E
6 E
7 R
8 R
9 R
10 R
11 R
12 R
13 L
14 L
15 L
16 L
17 L
18 L
19 E
20 E
21 E
22 E
23 E
24 E
25 R
26 L
27 R
28 R
29 R
30 R
31 R
32 R
33 R
34 L
35 E
36 E
37 L
38 L
39 L
40 E
41 E
42 E
43 L
44 L
45 L
46 L
47 L
48 L
49 L
50 L
51 L
52 L
53 L
54 R
55 R
56 R
57 R
58 R
59 R
60 R
61 R
62 E
63 E
64 E
65 E
66 E
67 E
68 E
69 E
70 E
71 E
72 E
73 E
74 E
75 E
76 E
77 E
78 L
79 R
80 E
81 E
82 E
83 E
84 E
85 E
86 E
87 E
88 E
89 E
90 R
91 R
92 R
93 R
94 E
95 R
96 E
97 E
98 E
99 E
100 E
101 E
102 E
103 E
104 R
105 L
106 L
107 E
108 L
109 E
110 R
111 L
112 R
113 E
114 L
115 E
116 R
117 E
118 E
119 E
120 E
121 E
122 E
123 E
124 E
125 E
126 R
127 E
128 E
129 E
130 R
131 E
132 R
133 R
134 R
135 L
136 L
137 E
138 E
139 E
140 L
141 L
142 L
143 L
144 E
145 E
146 L
147 L
148 R
149 R
150 R
151 E
152 L
153 L
154 E
155 E
156 E
157 E
158 R
159 R
160 E
161 R
162 R
163 R
164 R
165 R
166 R
167 R
168 R
169 L
170 L
171 L
172 L
173 L
174 L
175 L
176 L
177 E
178 E
179 L
180 L
181 L
182 L
183 L
184 L
185 E
186 R
187 R
188 L
189 E
190 E
191 R
192 E
193 R
194 E
195 L
196 R
197 R
198 R
199 R
200 R
201 L
202 L
203 L
204 E
205 E
<precedence relations>
1,36
2,3
2,4
3,5
4,5
5,7
5,13
6,36
7,8
8,9
9,10
10,11
11,12
12,36
13,14
14,15
15,16
16,17
17,18
18,36
19,36
20,22
21,22
22,23
23,24
23,34
24,26
24,27
24,28
25,28
26,35
27,35
28,29
29,30
29,33
30,31
30,32
31,35
32,35
33,35
34,35
35,36
36,37
36,40
36,41
36,42
36,62
36,69
36,72
36,75
36,83
36,110
36,111
36,112
37,38
38,39
39,45
40,43
40,54
41,92
42,43
42,54
43,44
44,45
45,46
45,48
45,51
45,53
46,47
47,92
48,49
49,50
50,92
51,52
52,92
53,92
54,55
55,56
55,59
55,61
56,57
57,58
58,92
59,60
60,92
61,92
62,63
63,64
64,65
64,68
65,66
66,67
67,80
68,80
69,70
70,71
71,73
72,73
73,74
74,76
75,92
76,77
76,78
76,79
77,80
77,82
78,80
79,80
80,81
81,84
82,92
83,92
84,85
85,86
85,88
85,90
86,87
87,92
88,89
89,92
90,91
91,92
92,93
92,94
92,95
92,96
92,97
92,98
92,99
93,135
94,135
95,113
96,113
97,100
98,100
99,100
100,101
100,103
100,105
100,109
100,130
100,131
100,134
101,102
102,113
103,104
104,113
105,106
105,107
106,108
107,108
108,113
109,113
110,113
111,113
112,113
113,114
113,115
113,116
113,117
113,118
113,119
113,120
113,121
113,122
113,123
113,124
113,161
113,162
113,163
113,169
113,171
113,174
113,203
113,204
113,205
114,160
115,160
116,160
117,160
118,126
119,126
120,126
121,126
122,126
123,126
124,125
125,126
126,127
126,128
126,129
127,135
128,135
129,135
130,136
131,132
132,133
133,189
134,189
135,136
135,137
135,138
135,139
135,140
135,141
135,142
135,144
135,145
135,147
135,148
135,149
135,150
135,151
135,152
135,153
135,158
136,189
137,160
138,160
139,160
140,143
141,143
142,143
143,160
144,160
145,146
146,160
147,160
148,160
149,160
150,160
151,160
152,160
153,154
154,155
155,156
156,157
157,189
158,159
159,189
160,164
160,170
160,178
160,179
160,184
161,167
162,165
163,164
164,165
165,166
166,167
167,168
168,177
169,170
170,172
171,172
172,173
173,175
174,175
175,176
176,177
177,185
177,186
177,187
177,188
177,194
177,195
178,180
179,180
180,181
180,183
181,182
185,189
186,189
187,189
188,189
189,190
189,191
189,193
191,192
194,197
195,196
196,197
197,198
197,199
197,201
199,200
201,202
<end>