<number of tasks>
205
<number of mated-station>
6
<number of workers>
12
<task times>
1 692 727 100000 100000 1267 1080 1557 686 100000 624 1661 1246
2 42 112 125 100000 26 40 12 50 112 14 25 20
3 261 228 634 564 736 322 100000 134 517 100000 251 720
4 261 713 212 556 100000 100000 603 100000 100000 611 588 728
5 157 217 401 100000 100000 123 335 264 325 100 462 283
6 90 9 76 254 100000 114 165 184 17 100000 265 14
7 54 156 100000 14 64 19 100000 115 159 70 96 78
8 67 143 105 85 153 45 100000 189 159 77 87 21
9 30 53 13 35 53 56 85 16 29 49 100000 100000
10 106 264 115 100000 185 58 100000 226 283 64 217 99
11 32 12 37 100000 69 95 94 86 9 50 20 48
12 62 182 166 156 101 42 127 86 171 16 73 100000
13 54 99 149 102 100000 102 107 146 88 100000 138 128
14 67 131 73 33 135 100000 100000 37 101 100000 100000 43
15 30 2 56 88 72 13 77 44 82 19 46 100000
16 106 39 71 80 100000 194 264 302 207 100000 100000 153
17 32 48 60 48 54 57 2 49 88 32 76 23
18 62 42 38 164 100000 31 18 100000 58 182 119 44
19 56 76 165 96 13 74 100000 100000 140 168 155 73
20 67 100000 201 17 113 13 69 99 49 37 125 127
21 86 165 100000 137 196 100000 91 217 104 9 219 88
22 37 100000 100000 45 100000 54 101 59 73 41 100000 67
23 41 117 103 102 100000 100000 100000 101 5 112 80 7
24 72 20 78 93 100000 100000 192 100000 25 100000 100000 143
25 86 42 199 88 63 6 42 32 45 230 19 6
26 16 100000 23 10 48 42 100000 100000 100000 23 26 19
27 51 94 100000 60 107 45 47 6 82 101 74 129
28 66 31 52 100000 198 100000 131 34 159 161 3 94
29 41 13 100000 100000 100000 52 122 29 25 63 38 12
30 72 115 100000 100000 72 89 29 16 100000 173 100000 184
31 51 39 153 79 100000 120 107 153 100000 3 13 110
32 16 30 42 100000 100000 26 6 44 8 100000 10 17
33 15 12 2 3 22 11 5 100000 11 100000 100000 100000
34 15 19 100000 33 39 100000 38 18 18 25 2 100000
35 85 100000 100 169 110 179 158 44 217 87 44 98
36 59 6 100 140 73 137 144 100000 170 87 100000 41
37 23 69 100000 36 40 55 9 30 16 55 52 51
38 13 100000 26 35 27 100000 16 100000 28 33 100000 25
39 19 20 8 38 2 100000 29 17 11 37 32 55
40 108 237 204 100000 24 179 27 305 24 127 100000 100000
41 214 302 123 379 591 482 65 347 392 168 193 257
42 80 92 152 230 89 226 128 100000 49 118 99 180
43 37 110 40 69 75 59 100000 100000 100000 81 78 42
44 84 129 239 54 71 39 89 100000 14 66 139 179
45 18 14 12 50 100000 41 31 100000 100000 27 100000 7
46 12 1 11 100000 14 36 100000 28 100000 4 27 15
47 29 29 76 19 11 69 41 63 59 16 19 87
48 37 57 100000 71 78 10 31 100000 100000 73 26 11
49 13 100000 37 37 28 39 32 21 17 35 27 100000
50 70 100000 168 55 172 202 100000 158 100000 14 100000 11
51 217 378 469 99 645 100000 100000 371 482 593 404 404
52 72 70 61 207 38 201 162 91 169 130 152 57
53 85 100000 100000 100000 65 199 181 75 181 39 100 189
54 43 126 38 100000 56 50 102 66 83 100000 28 119
55 97 259 56 140 33 88 100000 227 100000 4 100000 10
56 37 41 91 67 68 29 77 111 74 10 64 103
57 13 4 17 28 100000 27 25 32 26 3 22 100000
58 35 89 97 41 13 100000 100000 73 88 28 100000 100000
59 217 554 398 60 489 521 378 248 573 144 100000 112
60 72 132 104 3 212 203 197 68 78 179 100000 27
61 85 16 9 171 186 245 67 59 11 133 227 212
62 25 100000 65 100000 53 42 100000 62 31 27 45 100000
63 37 110 100000 100000 14 24 5 100000 51 100000 2 100000
64 37 55 99 80 107 88 95 102 101 42 100000 52
65 103 130 100000 29 19 56 309 297 247 207 100000 167
66 140 100000 100000 328 231 227 100000 407 100000 5 332 127
67 49 128 5 100000 128 100000 59 43 111 49 27 59
68 35 67 39 55 25 81 55 6 41 97 33 18
69 51 18 124 59 62 100000 130 103 132 100000 37 148
70 88 259 100000 48 193 38 100000 246 100000 259 100000 100000
71 53 100000 134 105 37 135 101 39 107 131 145 91
72 144 100000 251 23 389 402 79 182 79 100000 100 303
73 337 809 466 536 759 100000 647 678 1001 950 466 748
74 107 52 36 33 292 100000 199 180 59 132 148 270
75 371 568 100000 924 902 824 902 835 100000 100000 390 335
76 97 65 178 227 100000 100000 100000 74 277 178 68 105
77 166 155 125 100000 448 46 130 81 150 394 46 46
78 92 240 86 42 205 257 100000 199 155 265 100000 100000
79 92 106 100000 180 15 273 70 265 56 210 155 29
80 106 296 220 226 100000 93 277 299 42 100000 299 220
81 49 58 100000 132 35 11 100000 39 74 100000 81 71
82 92 199 158 26 100000 169 240 34 183 100000 100000 29
83 371 957 100000 968 335 646 45 57 346 290 490 312
84 87 14 243 76 97 100000 209 76 160 256 222 32
85 162 374 214 100000 379 20 100000 45 287 100000 100000 341
86 96 61 100000 100000 18 268 90 199 12 199 100000 139
87 79 152 8 88 100000 159 62 133 161 211 176 100000
88 96 96 100000 262 162 277 147 156 100000 24 61 268
89 42 39 100000 85 100000 116 77 80 52 112 70 100000
90 88 64 100000 161 100000 251 214 80 188 51 100000 100000
91 90 219 100000 49 17 230 152 232 41 251 262 127
92 97 152 137 123 146 155 53 256 169 221 100 204
93 270 82 100000 114 98 163 50 656 672 802 648 608
94 452 204 100000 706 922 814 100000 100000 100000 100000 949 895
95 48 130 100000 97 47 44 98 50 101 121 98 100000
96 338 1004 100000 345 42 801 1004 892 396 173 528 100000
97 34 81 100000 30 71 91 74 19 29 4 28 102
98 65 53 88 100000 102 51 131 100 46 106 100000 98
99 50 100000 96 29 100000 100000 98 11 7 32 43 96
100 112 81 165 38 256 125 100000 162 45 100000 100000 276
101 48 100000 100000 123 61 18 18 114 70 40 55 140
102 117 71 100000 50 225 43 274 15 278 100000 8 173
103 50 10 70 95 100000 13 100000 38 64 99 149 100000
104 68 13 100000 23 100000 84 92 36 92 194 58 100000
105 232 100000 633 432 536 342 307 100000 265 100000 133 112
106 122 359 184 100000 100000 165 59 96 271 129 271 191
107 151 6 308 51 137 100000 100000 100000 119 100000 28 100000
108 31 4 47 54 100000 81 87 13 68 100000 47 81
109 97 210 166 76 227 85 100 82 111 114 100000 97
110 308 463 296 93 38 675 100000 749 684 100000 463 619
111 116 237 227 296 244 150 100000 268 313 272 286 348
112 312 394 469 730 300 100000 534 712 721 38 100000 730
113 34 20 80 66 20 24 90 100000 100000 25 100000 83
114 128 100000 300 100000 70 100000 100000 100000 250 265 108 100000
115 54 7 24 100000 57 139 72 144 131 96 93 51
116 175 394 158 384 100000 509 137 17 258 305 48 200
117 55 53 44 55 58 99 100000 106 100000 40 100000 132
118 306 100000 359 368 386 432 872 606 100000 285 698 38
119 59 107 89 100000 115 114 100000 112 8 154 64 17
120 59 82 119 100000 100000 151 115 43 36 165 34 103
121 66 159 107 58 17 174 46 166 52 48 100000 50
122 66 157 74 190 192 111 100000 145 100000 100000 68 94
123 23 42 100000 36 100000 21 56 100000 39 64 34 100000
124 244 133 535 374 666 491 100000 491 100000 100000 100000 100000
125 54 19 100000 93 131 73 100000 4 38 100000 4 100000
126 294 327 723 63 486 100000 100000 100000 459 723 100000 697
127 84 121 106 129 197 34 149 242 101 232 74 59
128 61 181 30 63 100000 170 132 100000 100000 100000 26 72
129 57 100000 100000 44 100000 100000 135 142 95 154 100000 130
130 38 100000 12 100000 88 19 100000 9 105 21 53 100000
131 944 1615 100000 100000 114 2492 2804 454 171 1332 100000 100000
132 511 1487 1426 553 215 1119 100000 997 100000 100000 1012 100000
133 625 1688 488 76 1613 100000 1407 100000 113 100000 1519 100000
134 445 100000 495 855 1295 761 375 228 294 1135 708 548
135 68 100000 100000 121 50 157 100000 29 157 98 23 100000
136 53 100000 66 17 113 100000 146 151 156 97 100000 45
137 49 26 141 19 49 118 51 78 97 100000 67 89
138 92 51 166 202 100000 238 37 42 7 29 188 205
139 236 107 100000 100000 411 128 15 432 425 100 637 15
140 116 100000 268 63 100000 143 331 100000 100000 244 100000 296
141 265 88 612 17 525 100000 462 96 327 100000 366 100000
142 149 162 367 269 331 362 425 50 367 371 184 148
143 74 76 167 100000 100000 204 41 39 218 127 100000 100000
144 332 339 608 688 658 538 956 419 459 240 966 369
145 324 30 100000 661 100000 399 496 846 100000 185 253 380
146 104 100000 219 153 100000 281 82 163 122 153 26 104
147 51 100000 121 100000 100000 4 10 100000 7 100000 41 75
148 58 53 98 89 49 100000 77 127 117 155 171 86
149 67 167 113 175 167 91 41 11 135 197 53 189
150 49 131 97 71 100000 49 80 39 5 118 2 108
151 107 87 23 164 100000 267 97 177 81 100000 91 100000
152 38 35 20 104 53 100000 33 100000 62 52 100000 65
153 27 3 69 100000 39 53 12 36 37 26 100000 47
154 68 143 100000 21 66 153 149 123 115 50 111 100000
155 207 100000 57 255 305 32 144 615 516 144 615 125
156 202 176 412 279 358 110 122 116 134 400 346 100000
157 83 100 36 127 202 100000 63 65 135 204 85 217
158 35 53 45 58 69 30 52 76 60 64 100000 104
159 58 8 41 67 23 75 112 18 23 98 105 81
160 42 100000 40 24 62 100000 15 81 96 125 124 10
161 68 186 9 155 100000 52 100000 133 129 145 182 90
162 68 29 84 96 129 198 196 15 111 25 36 100000
163 68 100000 72 100000 153 44 48 36 100000 100000 169 137
164 103 100000 164 100 272 100000 109 177 241 100000 287 100000
165 103 278 100000 269 93 100000 66 306 241 100000 235 232
166 103 96 100000 63 7 244 41 56 10 103 297 275
167 103 100000 100000 238 100000 32 297 195 100000 232 257 198
168 103 100000 180 300 133 29 266 56 63 66 149 250
169 68 38 100000 159 50 33 115 178 74 58 109 100000
170 103 207 100000 214 100000 100000 100000 226 244 170 158 173
171 68 100000 139 60 17 100000 27 27 17 86 127 190
172 103 41 60 50 155 275 93 189 100000 100000 133 100000
173 103 10 297 238 100000 23 263 4 47 146 235 78
174 68 86 151 137 64 46 149 21 29 78 100000 56
175 103 287 250 84 143 287 204 100 100000 19 109 204
176 103 217 207 143 164 100000 189 112 247 198 100000 100000
177 10 26 30 100000 7 7 18 16 13 100000 100000 5
178 187 57 35 471 7 18 135 354 100000 100000 483 415
179 134 262 226 100000 350 9 306 100000 258 100000 177 100000
180 89 86 145 147 137 195 46 100000 83 78 6 142
181 58 113 49 63 27 100000 115 79 70 100000 100000 100000
182 49 86 100000 135 39 96 38 118 124 10 132 5
183 134 101 330 113 9 390 141 100000 100000 45 105 274
184 53 132 127 85 156 3 100000 59 99 153 104 142
185 334 762 181 632 100000 100000 582 732 11 291 522 100000
186 24 28 100000 37 67 5 51 72 63 24 9 29
187 76 205 100000 171 46 180 100000 37 144 100000 100000 115
188 76 110 74 100000 100000 78 151 226 35 83 223 44
189 192 266 174 513 427 570 128 30 179 162 576 277
190 98 95 16 60 183 100000 227 209 150 183 71 101
191 258 100000 442 558 194 63 32 100000 210 403 100000 100000
192 165 391 55 357 307 21 485 100000 189 386 100000 273
193 38 109 63 68 90 58 102 100000 76 47 26 24
194 115 63 204 221 115 324 321 338 321 328 142 280
195 83 232 100000 68 3 135 58 110 234 197 95 113
196 56 26 26 100000 26 58 100000 100000 41 100000 101 100000
197 29 4 53 52 100000 31 87 37 85 4 53 71
198 303 328 755 210 155 637 509 100000 100000 827 419 419
199 18 14 52 100000 15 50 30 15 48 100000 26 29
200 29 11 6 18 100000 53 7 72 6 29 32 100000
201 154 218 100000 361 61 208 328 421 100000 176 15 172
202 90 100000 49 66 23 95 251 100000 100000 267 79 246
203 93 193 100000 123 48 168 148 129 76 100000 20 32
204 94 206 212 226 195 189 100000 119 102 85 80 100000
205 165 6 263 228 100000 381 100000 204 80 204 362 391
<task directions>
1 E
2 E
3 R
4 L
5 E
6 E
7 R
8 R
9 R
10 R
11 R
12 R
13 L
14 L
15 L
16 L
17 L
18 L
19 E
20 E
21 E
22 E
23 E
24 E
25 R
26 L
27 R
28 R
29 R
30 R
31 R
32 R
33 R
34 L
35 E
36 E
37 L
38 L
39 L
40 E
41 E
42 E
43 L
44 L
45 L
46 L
47 L
48 L
49 L
50 L
51 L
52 L
53 L
54 R
55 R
56 R
57 R
58 R
59 R
60 R
61 R
62 E
63 E
64 E
65 E
66 E
67 E
68 E
69 E
70 E
71 E
72 E
73 E
74 E
75 E
76 E
77 E
78 L
79 R
80 E
81 E
82 E
83 E
84 E
85 E
86 E
87 E
88 E
89 E
90 R
91 R
92 R
93 R
94 E
95 R
96 E
97 E
98 E
99 E
100 E
101 E
102 E
103 E
104 R
105 L
106 L
107 E
108 L
109 E
110 R
111 L
112 R
113 E
114 L
115 E
116 R
117 E
118 E
119 E
120 E
121 E
122 E
123 E
124 E
125 E
126 R
127 E
128 E
129 E
130 R
131 E
132 R
133 R
134 R
135 L
136 L
137 E
138 E
139 E
140 L
141 L
142 L
143 L
144 E
145 E
146 L
147 L
148 R
149 R
150 R
151 E
152 L
153 L
154 E
155 E
156 E
157 E
158 R
159 R
160 E
161 R
162 R
163 R
164 R
165 R
166 R
167 R
168 R
169 L
170 L
171 L
172 L
173 L
174 L
175 L
176 L
177 E
178 E
179 L
180 L
181 L
182 L
183 L
184 L
185 E
186 R
187 R
188 L
189 E
190 E
191 R
192 E
193 R
194 E
195 L
196 R
197 R
198 R
199 R
200 R
201 L
202 L
203 L
204 E
205 E
<precedence relations>
1,36
2,3
2,4
3,5
4,5
5,7
5,13
6,36
7,8
8,9
9,10
10,11
11,12
12,36
13,14
14,15
15,16
16,17
17,18
18,36
19,36
20,22
21,22
22,23
23,24
23,34
24,26
24,27
24,28
25,28
26,35
27,35
28,29
29,30
29,33
30,31
30,32
31,35
32,35
33,35
34,35
35,36
36,37
36,40
36,41
36,42
36,62
36,69
36,72
36,75
36,83
36,110
36,111
36,112
37,38
38,39
39,45
40,43
40,54
41,92
42,43
42,54
43,44
44,45
45,46
45,48
45,51
45,53
46,47
47,92
48,49
49,50
50,92
51,52
52,92
53,92
54,55
55,56
55,59
55,61
56,57
57,58
58,92
59,60
60,92
61,92
62,63
63,64
64,65
64,68
65,66
66,67
67,80
68,80
69,70
70,71
71,73
72,73
73,74
74,76
75,92
76,77
76,78
76,79
77,80
77,82
78,80
79,80
80,81
81,84
82,92
83,92
84,85
85,86
85,88
85,90
86,87
87,92
88,89
89,92
90,91
91,92
92,93
92,94
92,95
92,96
92,97
92,98
92,99
93,135
94,135
95,113
96,113
97,100
98,100
99,100
100,101
100,103
100,105
100,109
100,130
100,131
100,134
101,102
102,113
103,104
104,113
105,106
105,107
106,108
107,108
108,113
109,113
110,113
111,113
112,113
113,114
113,115
113,116
113,117
113,118
113,119
113,120
113,121
113,122
113,123
113,124
113,161
113,162
113,163
113,169
113,171
113,174
113,203
113,204
113,205
114,160
115,160
116,160
117,160
118,126
119,126
120,126
121,126
122,126
123,126
124,125
125,126
126,127
126,128
126,129
127,135
128,135
129,135
130,136
131,132
132,133
133,189
134,189
135,136
135,137
135,138
135,139
135,140
135,141
135,142
135,144
135,145
135,147
135,148
135,149
135,150
135,151
135,152
135,153
135,158
136,189
137,160
138,160
139,160
140,143
141,143
142,143
143,160
144,160
145,146
146,160
147,160
148,160
149,160
150,160
151,160
152,160
153,154
154,155
155,156
156,157
157,189
158,159
159,189
160,164
160,170
160,178
160,179
160,184
161,167
162,165
163,164
164,165
165,166
166,167
167,168
168,177
169,170
170,172
171,172
172,173
173,175
174,175
175,176
176,177
177,185
177,186
177,187
177,188
177,194
177,195
178,180
179,180
180,181
180,183
181,182
185,189
186,189
187,189
188,189
189,190
189,191
189,193
191,192
194,197
195,196
196,197
197,198
197,199
197,201
199,200
201,202
<end>