<number of tasks>
205
<number of mated-station>
7
<number of workers>
14
<task times>
1 692 1205 1848 603 499 100000 499 1018 1142 2055 1972 100000 1495 375
2 42 119 100000 125 121 100000 70 25 100000 100000 86 66 71 100000
3 261 306 470 100000 103 541 650 541 189 376 728 24 681 157
4 261 100000 100000 150 64 541 259 462 697 376 494 173 697 439
5 157 429 250 325 128 321 72 368 81 401 386 166 198 119
6 90 55 195 39 111 114 203 84 262 262 9 100000 240 211
7 54 100000 138 100000 28 148 141 77 127 20 162 157 146 75
8 67 143 155 85 47 33 57 85 187 159 197 5 5 147
9 30 86 75 100000 52 90 28 81 45 12 52 78 19 13
10 106 100000 20 14 134 182 36 80 100000 175 160 286 80 144
11 32 43 82 4 49 44 19 100000 90 66 42 83 6 20
12 62 3 151 100000 100000 84 95 129 27 71 18 114 71 38
13 54 77 86 123 61 131 120 80 112 98 30 4 11 120
14 67 55 57 159 101 107 73 100000 59 109 155 13 15 87
15 30 89 20 62 28 25 74 29 72 100000 31 52 29 45
16 106 232 7 7 305 100000 305 74 23 112 179 267 14 80
17 32 75 70 56 87 71 55 75 72 42 55 100000 79 48
18 62 94 90 162 153 3 105 45 186 179 32 16 92 164
19 56 41 140 100000 66 100000 106 43 9 128 86 18 16 166
20 67 101 13 89 63 13 75 100000 169 129 9 171 65 100000
21 86 140 55 4 176 142 181 235 52 45 132 22 212 63
22 37 48 42 103 3 68 41 100000 102 46 11 23 95 9
23 41 39 41 89 33 72 107 28 52 90 51 105 44 91
24 72 96 83 201 100000 100000 147 50 111 89 96 72 27 40
25 86 100000 29 22 217 4 163 132 9 78 243 29 165 158
26 16 23 43 10 47 23 42 9 100000 43 14 29 25 9
27 51 47 60 83 77 142 41 91 12 9 47 45 103 65
28 66 80 127 66 48 190 17 17 111 157 100000 42 52 143
29 41 93 75 75 83 100000 72 30 117 122 101 113 18 112
30 72 173 109 212 100000 152 61 50 104 182 195 100000 162 40
31 51 107 69 138 79 92 100000 98 47 63 13 41 104 63
32 16 13 10 44 20 27 25 24 4 18 46 21 100000 41
33 15 18 23 21 100000 40 8 18 100000 3 22 100000 1 9
34 15 26 28 45 100000 100000 42 9 41 100000 12 21 100000 34
35 85 100000 227 14 128 151 39 181 158 138 214 67 57 87
36 59 71 57 129 43 108 173 78 108 100000 100000 52 131 152
37 23 69 25 50 40 15 24 100000 54 62 14 56 32 11
38 13 38 4 2 6 18 26 20 2 4 29 31 10 34
39 19 46 8 44 14 28 12 30 30 29 53 100000 40 32
40 108 100000 159 298 250 33 72 27 172 256 100000 188 40 75
41 214 116 552 597 533 366 100000 100000 501 341 559 424 488 200
42 80 100000 233 18 147 54 130 100000 230 142 68 66 197 233
43 37 54 12 19 85 100000 100000 15 96 100000 62 60 32 99
44 84 124 189 11 147 114 100000 147 81 109 232 79 137 222
45 18 39 24 6 5 50 13 100000 44 39 13 46 13 39
46 12 25 23 27 7 27 16 33 6 100000 8 2 100000 19
47 29 30 100000 27 64 77 38 36 100000 24 12 36 5 59
48 37 22 42 99 26 99 44 4 100000 26 59 100000 62 24
49 13 7 7 19 19 12 20 4 100000 12 25 100000 9 37
50 70 120 32 181 141 100000 101 112 49 7 160 83 160 3
51 217 580 255 222 593 515 586 100000 164 157 100000 21 313 190
52 72 100000 149 212 23 175 50 179 199 48 40 59 100000 179
53 85 4 67 95 105 100000 105 118 100000 110 153 100000 72 118
54 43 87 19 80 100000 71 56 100000 101 110 100 68 105 75
55 97 230 256 204 158 53 117 140 33 129 36 204 65 105
56 37 74 71 56 76 89 106 65 100000 15 100000 95 82 13
57 13 100000 18 24 34 14 20 24 7 29 9 22 1 36
58 35 49 7 100000 100000 99 24 77 15 16 21 34 89 79
59 217 573 567 547 651 100000 222 203 34 320 424 157 21 638
60 72 76 199 192 100000 66 100000 38 205 29 182 59 190 50
61 85 105 186 87 92 57 100000 158 49 179 189 110 237 120
62 25 45 37 68 100000 6 16 42 14 28 42 66 100000 27
63 37 100000 73 26 29 90 74 97 100000 95 35 15 22 43
64 37 75 103 81 99 10 100000 108 109 66 95 48 27 96
65 103 35 100000 149 26 81 100000 281 173 173 244 272 32 260
66 140 194 357 240 143 349 156 278 206 97 290 97 18 206
67 49 80 132 128 7 39 124 52 100000 71 116 55 27 100
68 35 54 100000 56 4 30 75 9 78 3 5 100000 41 18
69 51 48 100000 92 117 86 80 142 48 74 41 30 79 132
70 88 248 201 264 135 164 40 114 27 64 119 222 43 133
71 53 52 58 67 45 126 100000 14 71 39 17 132 15 61
72 144 18 337 100000 195 419 402 311 238 92 281 277 18 410
73 337 940 981 516 698 183 385 940 163 254 476 375 314 748
74 107 132 219 238 62 100000 20 100000 171 49 193 84 123 158
75 371 568 735 879 368 357 100000 157 424 713 100000 991 980 735
76 97 250 53 216 24 79 59 187 216 233 161 230 210 42
77 166 150 389 71 190 334 399 448 195 100000 41 314 299 51
78 92 196 251 64 100000 144 31 42 26 100000 84 257 95 59
79 92 172 100000 180 59 221 249 130 67 100000 100 62 97 216
80 106 296 80 93 153 100000 213 236 302 137 204 160 137 198
81 49 52 140 108 33 122 96 43 36 102 26 59 100000 62
82 92 260 29 224 100000 51 48 53 122 86 161 276 202 75
83 371 357 868 1091 946 991 724 335 190 312 335 768 100000 1035
84 87 230 258 100 149 82 154 261 238 97 225 225 45 235
85 162 384 88 142 147 244 282 345 113 100000 408 200 147 100000
86 96 100000 100000 193 222 35 110 165 100000 265 58 145 100000 179
87 79 51 100000 209 218 79 197 119 211 100000 121 197 223 187
88 96 145 67 279 205 100000 73 93 113 21 211 100000 100000 58
89 42 92 66 29 125 96 59 49 65 121 5 110 94 102
90 88 114 122 51 264 135 154 83 167 9 12 51 182 54
91 90 173 79 111 133 100000 14 25 168 20 160 181 240 100000
92 97 24 181 288 187 137 250 213 100000 100000 143 10 10 79
93 270 100000 729 100000 228 341 308 786 100000 414 373 770 454 100000
94 452 584 448 502 1112 28 82 800 828 868 909 1071 137 570
95 48 52 8 35 137 48 100000 2 131 54 38 123 100000 48
96 338 700 100000 264 589 335 437 801 1004 680 102 518 497 680
97 34 100000 26 52 58 12 57 101 98 100 90 79 75 43
98 65 7 191 150 53 160 178 32 189 42 7 88 13 127
99 50 102 123 117 46 78 140 2 34 93 73 83 90 96
100 112 219 219 235 246 249 205 309 38 105 35 41 105 4
101 48 88 103 38 127 7 100000 124 128 140 100 20 10 48
102 117 334 148 148 309 281 123 215 40 127 288 295 204 260
103 50 50 90 126 132 111 117 46 53 29 62 4 43 52
104 68 204 46 86 76 121 127 107 109 155 186 44 109 21
105 232 362 216 77 508 175 460 550 508 244 100000 550 529 467
106 122 92 271 92 70 100000 238 78 140 297 114 70 271 366
107 151 299 444 100000 128 64 232 259 64 448 345 114 177 367
108 31 55 6 79 92 67 82 84 18 24 89 100000 38 3
109 97 190 163 242 233 94 236 105 18 85 56 50 262 117
110 308 601 29 416 66 472 481 832 426 352 841 536 149 100000
111 116 32 100000 286 195 100000 100000 306 254 133 98 175 213 67
112 312 571 487 100000 100000 749 132 338 646 123 197 20 225 646
113 34 100000 29 35 85 37 45 15 36 54 76 5 100000 11
114 128 100000 177 212 369 127 100000 265 281 97 231 100000 143 315
115 54 100000 7 90 122 159 85 144 159 100000 6 100000 114 162
116 175 373 27 169 326 142 48 446 457 111 158 100000 100000 106
117 55 14 19 135 152 155 111 29 32 6 121 135 109 99
118 306 670 515 100000 331 890 184 100000 100000 129 386 313 100000 680
119 59 147 142 100000 121 100000 128 26 94 100000 144 100000 75 77
120 59 31 177 98 12 100000 3 117 100000 159 147 84 100000 137
121 66 151 119 170 188 78 42 44 170 46 82 139 56 82
122 66 29 13 184 36 17 180 7 27 5 101 94 115 139
123 23 57 5 28 47 64 18 49 57 100000 100000 17 51 18
124 244 491 542 74 198 557 513 100000 191 100000 549 96 308 155
125 54 82 117 30 156 122 100000 128 51 100000 93 131 41 83
126 294 248 63 309 812 116 688 89 829 688 10 856 882 776
127 84 214 154 227 207 232 29 100000 132 49 124 106 9 247
128 61 100000 39 112 19 36 163 158 156 61 65 174 158 92
129 57 93 129 120 129 16 100000 76 132 98 157 127 93 156
130 38 12 17 25 63 95 24 24 112 11 42 6 100000 79
131 944 100000 2634 171 1728 2294 86 1247 284 2775 2237 2351 1926 850
132 511 1181 1364 828 997 78 1043 1043 690 78 307 813 100000 170
133 625 507 100000 1800 1294 95 1275 1519 100000 619 1631 95 1257 1069
134 445 881 100000 100000 161 908 348 214 415 415 855 1255 1015 1175
135 68 64 113 27 42 68 80 13 117 15 186 98 117 36
136 53 56 91 58 88 58 107 34 112 42 121 36 100000 58
137 49 38 73 16 4 19 64 46 61 103 17 2 135 127
138 92 183 81 84 31 188 20 64 161 185 100000 92 23 183
139 236 100000 432 496 100000 298 609 149 142 100000 659 545 93 397
140 116 317 88 171 70 157 116 199 286 70 175 320 247 100000
141 265 509 100000 652 342 739 319 128 406 422 604 454 176 652
142 149 402 349 349 90 193 41 264 5 100000 144 264 402 175
143 74 100000 70 145 125 169 171 169 182 180 58 56 72 136
144 332 757 61 906 568 489 479 528 140 797 41 220 31 449
145 324 487 545 156 943 59 166 914 642 79 156 100000 467 419
146 104 278 41 63 181 306 26 234 216 4 212 100000 54 122
147 51 77 77 91 121 39 100000 101 56 33 59 101 74 57
148 58 93 89 27 100000 146 152 18 29 81 100000 44 171 91
149 67 79 87 147 77 171 129 107 11 99 153 111 95 175
150 49 90 61 86 93 93 138 81 87 62 105 103 100000 116
151 107 270 199 260 164 123 110 148 203 254 103 235 180 100000
152 38 65 46 68 26 100000 44 100000 18 21 29 24 93 35
153 27 12 34 52 47 24 26 9 73 30 100000 72 55 31
154 68 100000 98 176 103 174 153 40 33 86 159 5 107 90
155 207 478 392 472 565 286 509 38 553 63 367 305 578 330
156 202 170 328 334 100000 116 116 219 100000 382 588 455 570 449
157 83 125 207 26 100000 11 46 212 145 189 100000 83 100000 227
158 35 100000 20 81 100000 34 97 28 98 39 30 19 104 70
159 58 115 100000 96 160 65 41 129 100000 100000 55 17 3 6
160 42 54 100000 124 41 82 80 51 37 34 7 106 24 5
161 68 133 176 100000 13 151 70 11 9 121 131 9 153 74
162 68 100000 115 141 100000 143 70 25 204 125 100000 11 100000 38
163 68 80 42 113 143 29 103 127 5 100000 204 84 178 133
164 103 281 158 38 161 137 118 195 149 100000 183 204 195 106
165 103 140 87 281 100000 66 133 195 133 177 137 146 281 183
166 103 195 189 220 115 186 214 143 158 207 220 84 19 32
167 103 19 69 106 23 149 229 100000 260 112 81 78 50 84
168 103 220 78 250 56 183 161 217 306 137 66 229 100000 75
169 68 159 98 3 151 176 100000 121 96 80 198 48 115 121
170 103 287 100000 149 100000 100000 81 19 201 100000 26 23 140 189
171 68 64 58 94 100000 178 182 82 141 7 111 80 172 60
172 103 167 100000 232 78 254 118 93 133 56 309 183 309 100000
173 103 210 100000 235 87 192 241 158 189 69 44 303 158 7
174 68 113 147 100000 17 36 157 145 178 196 149 163 40 29
175 103 220 257 254 50 84 96 90 115 115 254 19 106 10
176 103 81 300 287 100000 204 266 303 133 177 260 121 287 44
177 10 18 10 29 2 12 13 21 19 17 24 8 26 12
178 187 505 354 315 511 309 191 387 253 100000 18 100000 365 214
179 134 346 286 193 314 29 294 169 346 9 97 157 326 17
180 89 100000 100000 20 17 166 100000 9 105 70 216 121 137 68
181 58 172 160 138 4 122 112 107 113 100 37 165 39 72
182 49 100000 52 140 100000 20 48 105 62 21 17 129 100 137
183 134 366 25 57 169 89 41 100000 334 117 330 133 278 93
184 53 123 143 78 113 83 113 52 123 26 140 18 115 135
185 334 51 902 992 11 982 892 100000 191 722 151 532 752 151
186 24 11 100000 37 63 7 14 59 100000 62 30 44 22 42
187 76 44 96 35 149 42 51 37 96 135 31 228 205 74
188 76 203 100000 144 146 174 169 100000 15 40 164 189 194 210
189 192 162 100000 24 473 444 110 87 128 248 415 100000 306 248
190 98 256 136 98 212 162 279 288 250 100000 98 100000 256 189
191 258 100000 210 650 388 712 712 163 287 94 171 333 40 302
192 165 297 159 100000 480 100000 120 100000 411 189 421 421 376 100000
193 38 71 67 81 67 100000 8 39 54 35 47 50 76 50
194 115 100000 259 173 225 280 4 245 317 63 335 287 35 300
195 83 135 70 68 83 234 182 135 53 100000 162 100000 31 16
196 56 13 46 145 98 151 123 96 19 8 91 128 85 166
197 29 23 19 100000 73 83 5 69 36 11 100000 41 100000 79
198 303 100000 491 855 491 100000 736 282 491 273 500 718 864 391
199 18 49 43 34 35 6 14 100000 28 41 16 20 53 32
200 29 76 55 83 19 44 14 17 5 100000 19 46 45 48
201 154 144 425 33 47 264 6 172 439 176 222 397 185 172
202 90 100000 28 238 57 84 189 230 195 122 49 251 4 248
203 93 240 157 96 9 118 279 168 132 20 96 57 45 82
204 94 212 147 212 195 223 203 94 192 251 282 100000 265 142
205 165 80 149 120 55 233 312 31 357 100000 100000 327 480 312
<task directions>
1 E
2 E
3 R
4 L
5 E
6 E
7 R
8 R
9 R
10 R
11 R
12 R
13 L
14 L
15 L
16 L
17 L
18 L
19 E
20 E
21 E
22 E
23 E
24 E
25 R
26 L
27 R
28 R
29 R
30 R
31 R
32 R
33 R
34 L
35 E
36 E
37 L
38 L
39 L
40 E
41 E
42 E
43 L
44 L
45 L
46 L
47 L
48 L
49 L
50 L
51 L
52 L
53 L
54 R
55 R
56 R
57 R
58 R
59 R
60 R
61 R
62 E
63 E
64 E
65 E
66 E
67 E
68 E
69 E
70 E
71 E
72 E
73 E
74 E
75 E
76 E
77 E
78 L
79 R
80 E
81 E
82 E
83 E
84 E
85 E
86 E
87 E
88 E
89 E
90 R
91 R
92 R
93 R
94 E
95 R
96 E
97 E
98 E
99 E
100 E
101 E
102 E
103 E
104 R
105 L
106 L
107 E
108 L
109 E
110 R
111 L
112 R
113 E
114 L
115 E
116 R
117 E
118 E
119 E
120 E
121 E
122 E
123 E
124 E
125 E
126 R
127 E
128 E
129 E
130 R
131 E
132 R
133 R
134 R
135 L
136 L
137 E
138 E
139 E
140 L
141 L
142 L
143 L
144 E
145 E
146 L
147 L
148 R
149 R
150 R
151 E
152 L
153 L
154 E
155 E
156 E
157 E
158 R
159 R
160 E
161 R
162 R
163 R
164 R
165 R
166 R
167 R
168 R
169 L
170 L
171 L
172 L
173 L
174 L
175 L
176 L
177 E
178 E
179 L
180 L
181 L
182 L
183 L
184 L
185 E
186 R
187 R
188 L
189 E
190 E
191 R
192 E
193 R
194 E
195 L
196 R
197 R
198 R
199 R
200 R
201 L
202 L
203 L
204 E
205 E
<precedence relations>
1,36
2,3
2,4
3,5
4,5
5,7
5,13
6,36
7,8
8,9
9,10
10,11
11,12
12,36
13,14
14,15
15,16
16,17
17,18
18,36
19,36
20,22
21,22
22,23
23,24
23,34
24,26
24,27
24,28
25,28
26,35
27,35
28,29
29,30
29,33
30,31
30,32
31,35
32,35
33,35
34,35
35,36
36,37
36,40
36,41
36,42
36,62
36,69
36,72
36,75
36,83
36,110
36,111
36,112
37,38
38,39
39,45
40,43
40,54
41,92
42,43
42,54
43,44
44,45
45,46
45,48
45,51
45,53
46,47
47,92
48,49
49,50
50,92
51,52
52,92
53,92
54,55
55,56
55,59
55,61
56,57
57,58
58,92
59,60
60,92
61,92
62,63
63,64
64,65
64,68
65,66
66,67
67,80
68,80
69,70
70,71
71,73
72,73
73,74
74,76
75,92
76,77
76,78
76,79
77,80
77,82
78,80
79,80
80,81
81,84
82,92
83,92
84,85
85,86
85,88
85,90
86,87
87,92
88,89
89,92
90,91
91,92
92,93
92,94
92,95
92,96
92,97
92,98
92,99
93,135
94,135
95,113
96,113
97,100
98,100
99,100
100,101
100,103
100,105
100,109
100,130
100,131
100,134
101,102
102,113
103,104
104,113
105,106
105,107
106,108
107,108
108,113
109,113
110,113
111,113
112,113
113,114
113,115
113,116
113,117
113,118
113,119
113,120
113,121
113,122
113,123
113,124
113,161
113,162
113,163
113,169
113,171
113,174
113,203
113,204
113,205
114,160
115,160
116,160
117,160
118,126
119,126
120,126
121,126
122,126
123,126
124,125
125,126
126,127
126,128
126,129
127,135
128,135
129,135
130,136
131,132
132,133
133,189
134,189
135,136
135,137
135,138
135,139
135,140
135,141
135,142
135,144
135,145
135,147
135,148
135,149
135,150
135,151
135,152
135,153
135,158
136,189
137,160
138,160
139,160
140,143
141,143
142,143
143,160
144,160
145,146
146,160
147,160
148,160
149,160
150,160
151,160
152,160
153,154
154,155
155,156
156,157
157,189
158,159
159,189
160,164
160,170
160,178
160,179
160,184
161,167
162,165
163,164
164,165
165,166
166,167
167,168
168,177
169,170
170,172
171,172
172,173
173,175
174,175
175,176
176,177
177,185
177,186
177,187
177,188
177,194
177,195
178,180
179,180
180,181
180,183
181,182
185,189
186,189
187,189
188,189
189,190
189,191
189,193
191,192
194,197
195,196
196,197
197,198
197,199
197,201
199,200
201,202
<end>