<number of tasks>
205
<number of mated-station>
8
<number of workers>
16
<task times>
1 692 100000 1039 873 1931 1122 686 437 790 686 1661 561 1723 2076 644 1329
2 42 56 11 16 100000 90 57 84 126 96 82 20 54 51 82 117
3 261 267 204 267 619 110 681 118 173 752 243 767 666 56 619 713
4 261 24 173 259 100000 142 259 376 431 634 767 650 462 64 611 611
5 157 123 100000 100000 245 166 100000 137 457 330 433 100 29 330 119 396
6 90 82 109 248 84 109 117 270 63 168 146 92 125 197 60 101
7 54 80 114 64 33 33 100000 24 9 157 91 91 100000 96 67 101
8 67 49 153 81 93 55 183 100000 153 129 73 175 191 100000 177 100000
9 30 70 54 13 40 100000 19 23 27 45 57 100000 62 48 24 31
10 106 255 100000 128 11 191 30 20 232 236 45 207 217 289 201 96
11 32 95 90 68 43 67 27 100000 54 67 5 34 87 100000 29 58
12 62 12 42 10 100000 184 62 16 100000 58 23 100000 149 16 100000 45
13 54 141 12 100000 122 131 102 22 30 7 100000 28 56 44 38 102
14 67 123 109 137 97 185 135 100000 51 79 25 47 59 11 187 7
15 30 5 37 28 64 38 100000 18 42 62 25 100000 51 12 34 8
16 106 289 100000 220 239 100000 20 160 248 100000 156 198 261 144 17 87
17 32 54 26 47 26 100000 20 68 57 52 26 81 7 89 59 42
18 62 136 47 100000 8 186 169 153 86 129 82 116 177 179 42 53
19 56 21 100000 69 100000 141 133 143 100 120 131 83 13 31 24 143
20 67 139 59 5 201 29 71 93 191 15 149 149 61 177 173 39
21 86 100000 27 160 100000 91 155 24 78 207 147 176 163 100000 145 243
22 37 11 7 78 21 60 92 100000 104 4 101 100 3 73 95 62
23 41 2 63 100000 22 36 116 105 45 121 69 17 61 121 107 63
24 72 173 100000 113 188 14 106 177 207 164 130 121 171 38 171 100000
25 86 47 137 100000 27 135 173 58 19 235 70 58 171 63 255 91
26 16 16 26 4 4 15 36 26 10 17 38 17 4 37 14 30
27 51 37 16 91 74 136 56 60 118 106 16 113 34 132 100000 100000
28 66 29 139 42 147 105 46 5 149 3 64 40 190 68 159 100000
29 41 90 61 117 116 41 107 38 32 58 28 100000 107 123 96 101
30 72 78 63 214 130 216 106 169 121 100000 68 126 14 182 109 29
31 51 117 10 91 86 127 42 30 100000 112 24 138 65 85 9 10
32 16 4 6 22 43 9 10 29 28 38 32 43 100000 36 43 17
33 15 27 10 6 26 22 29 5 37 43 3 39 29 30 17 2
34 15 12 19 26 42 31 15 3 30 5 8 25 27 22 32 38
35 85 9 136 219 9 176 77 29 171 230 186 29 202 230 186 67
36 59 145 96 50 131 142 33 89 100000 100000 82 61 147 40 52 27
37 23 45 100000 100000 46 51 6 32 15 28 23 47 19 34 42 22
38 13 2 20 3 14 20 12 26 14 37 34 23 19 36 100000 100000
39 19 3 56 9 33 37 7 13 56 5 38 10 32 6 36 34
40 108 124 253 100000 17 17 269 314 100000 159 124 100000 56 43 124 237
41 214 642 616 629 584 97 148 584 334 386 187 520 328 341 59 296
42 80 171 207 46 23 230 77 58 218 175 39 113 3 58 137 77
43 37 99 30 100000 58 29 76 11 33 63 13 84 18 11 71 100000
44 84 100000 154 100000 177 242 100000 167 101 199 144 182 46 159 164 132
45 18 17 13 22 6 26 14 12 43 47 47 8 18 39 10 44
46 12 13 100000 4 7 36 100000 30 13 16 14 8 6 22 27 26
47 29 70 41 81 100000 68 24 100000 23 21 21 77 66 70 34 59
48 37 70 23 49 32 47 14 63 44 84 34 76 82 95 23 35
49 13 6 5 20 30 39 15 26 38 12 14 100000 1 25 32 31
50 70 34 49 85 177 5 181 126 74 172 210 197 210 164 72 101
51 217 359 307 40 632 242 60 502 268 424 287 430 424 79 196 86
52 72 72 48 167 102 55 10 100000 16 42 18 66 167 14 44 61
53 85 227 62 141 100 37 67 209 100 24 6 54 207 98 21 161
54 43 27 6 100000 92 4 101 32 2 9 4 23 16 16 11 79
55 97 288 100000 201 94 201 236 50 76 65 233 274 137 172 265 123
56 37 62 84 98 36 74 29 55 100000 66 78 8 99 20 76 32
57 13 34 3 23 33 6 100000 9 8 39 2 35 11 23 18 31
58 35 27 15 30 76 11 32 74 2 86 15 101 5 104 76 22
59 217 100000 157 99 313 371 638 66 404 391 651 560 612 105 606 131
60 72 10 156 89 55 130 85 115 188 154 76 42 203 100000 124 72
61 85 217 174 100000 232 105 174 113 100 24 85 39 100000 100 232 217
62 25 14 44 36 68 58 16 56 69 71 30 57 5 5 24 24
63 37 41 100000 13 100000 45 45 70 27 100000 44 103 81 42 48 77
64 37 100000 18 43 100 15 92 57 89 22 111 78 100000 104 71 56
65 103 100000 177 161 100000 140 214 96 275 217 106 100000 152 56 195 100000
66 140 135 294 18 244 319 282 311 403 139 156 60 100000 100000 100000 185
67 49 51 42 108 144 5 13 38 55 86 48 54 10 17 38 71
68 35 29 35 37 8 33 100000 62 31 51 9 56 91 67 60 89
69 51 83 75 31 135 9 91 113 13 123 13 100000 15 94 18 41
70 88 201 100000 67 130 251 114 98 243 248 100000 19 201 25 104 119
71 53 156 77 74 153 69 154 100000 28 100000 80 25 138 82 25 110
72 144 57 14 303 415 398 5 333 31 380 148 191 294 199 27 311
73 337 405 304 284 425 223 100000 536 738 678 536 100000 466 233 243 799
74 107 289 238 276 113 279 174 100000 100000 110 100000 222 113 46 145 219
75 371 1080 146 702 424 68 323 490 346 246 168 157 457 679 346 101
76 97 184 103 178 239 282 158 268 68 42 97 248 97 24 137 250
77 166 443 319 349 26 344 51 95 46 100000 115 100000 170 409 31 66
78 92 56 70 210 12 103 196 273 254 273 100000 235 119 73 227 202
79 92 216 108 100000 70 81 150 251 100000 260 139 122 276 199 169 62
80 106 175 207 93 96 100000 4 20 20 188 140 42 134 166 147 106
81 49 4 81 138 40 92 89 143 124 8 115 93 20 27 144 112
82 92 221 100000 210 103 40 161 210 260 254 53 15 100000 100000 4 174
83 371 524 879 357 835 100000 57 235 1013 100000 524 635 835 68 190 100000
84 87 100000 50 136 248 108 157 102 222 100000 82 92 217 123 186 89
85 162 137 100000 69 214 447 360 471 379 408 93 282 234 307 83 394
86 96 245 100000 147 147 188 67 33 4 12 153 259 162 153 100000 107
87 79 223 20 10 3 10 187 100000 164 15 171 100000 60 185 152 36
88 96 242 159 44 41 256 254 50 285 248 70 179 122 35 47 139
89 42 25 46 99 100000 34 107 100000 32 32 115 91 111 39 112 101
90 88 30 6 256 100000 188 125 193 46 17 135 167 151 38 164 96
91 90 25 146 100000 119 117 100000 109 270 84 100000 230 84 117 216 106
92 97 108 213 100000 79 242 100000 204 100000 50 195 42 47 27 76 21
93 270 616 325 664 187 100000 41 66 381 422 721 260 33 567 600 389
94 452 1342 529 367 990 1058 1302 638 394 286 1261 69 1044 1356 123 15
95 48 47 50 91 68 123 14 100000 67 27 81 77 34 98 81 123
96 338 102 100000 416 558 862 100000 518 730 923 224 680 791 204 538 963
97 34 18 94 18 100000 35 58 93 82 17 93 96 29 88 97 54
98 65 119 77 100000 176 152 125 110 100000 174 181 131 133 172 117 137
99 50 98 113 17 34 105 93 43 134 46 95 81 37 34 150 100000
100 112 185 105 65 276 303 165 138 215 239 266 65 100000 309 158 172
101 48 123 85 8 141 24 2 95 51 70 78 113 61 100000 141 100
102 117 278 100000 134 64 306 155 288 113 148 22 176 15 330 92 100000
103 50 78 99 98 61 71 41 55 67 13 35 108 131 125 89 104
104 68 119 200 119 19 113 94 180 90 119 9 60 200 36 9 100000
105 232 126 50 237 307 100000 543 91 481 481 446 633 592 100000 383 161
106 122 184 5 176 333 121 351 5 114 45 359 85 176 100 253 242
107 151 100000 281 182 381 177 177 100000 354 6 209 236 82 430 100000 109
108 31 56 30 22 45 100000 82 33 100000 76 27 19 89 100000 100000 48
109 97 91 178 219 100000 192 248 262 143 274 68 236 143 100000 100000 253
110 308 656 407 472 758 204 241 66 813 100000 730 370 906 841 758 850
111 116 324 4 265 98 84 100000 327 240 331 100000 213 188 345 289 175
112 312 169 814 656 693 356 282 235 95 100000 188 100000 571 833 160 805
113 34 62 50 99 63 102 49 61 70 11 100000 65 27 83 39 62
114 128 39 35 28 193 100000 120 9 231 100000 101 43 307 150 330 32
115 54 149 20 57 73 157 20 123 157 117 149 41 75 7 100000 156
116 175 100000 100000 499 100000 467 100000 478 253 258 100000 394 399 420 142 100000
117 55 100000 145 126 127 17 24 65 9 73 37 63 100000 152 58 94
118 306 735 377 56 100000 65 111 771 799 249 102 817 38 377 588 725
119 59 147 33 93 166 100000 84 49 122 147 175 6 71 54 91 57
120 59 8 107 94 100000 57 105 131 101 43 41 100000 66 31 107 63
121 66 84 100000 38 74 19 44 174 188 78 76 141 84 42 94 38
122 66 166 58 17 196 149 153 50 151 68 19 182 198 186 48 80
123 23 52 52 20 2 57 53 66 4 100000 2 100000 100000 23 59 58
124 244 410 330 337 674 491 483 293 16 286 549 622 396 557 337 89
125 54 36 24 99 148 46 67 128 80 107 67 159 56 123 67 162
126 294 653 256 186 406 212 459 100000 353 424 697 635 741 100000 186 100000
127 84 19 100000 184 157 101 86 111 6 187 164 219 44 100000 76 229
128 61 139 12 136 61 54 159 34 57 130 156 138 105 50 36 136
129 57 74 60 164 6 169 108 79 154 164 59 74 113 79 59 55
130 38 113 100000 64 42 2 17 94 77 47 2 103 71 67 71 100000
131 944 964 100000 29 1954 879 2153 100000 794 2181 2804 100000 100000 567 2209 171
132 511 185 629 1058 1073 936 1303 369 445 1380 200 292 1073 1257 690 629
133 625 100000 263 413 100000 826 488 100000 1200 170 1294 263 170 113 100000 1650
134 445 94 1255 100000 481 14 695 335 335 348 948 1095 668 415 1108 895
135 68 131 31 9 33 172 105 64 103 157 33 141 38 5 100000 9
136 53 47 148 20 140 142 97 100000 140 34 4 61 156 104 34 132
137 49 132 56 43 100000 8 100000 100000 96 35 36 75 68 27 27 11
138 92 15 67 48 95 276 103 59 100000 188 29 70 232 172 183 42
139 236 538 418 227 644 164 50 609 234 333 538 277 100000 157 298 72
140 116 140 206 140 213 240 303 244 209 261 60 100000 310 247 296 178
141 265 493 100000 565 72 652 390 628 327 200 100000 311 636 779 422 589
142 149 224 63 398 304 336 269 184 117 260 77 327 313 148 278 81
143 74 149 103 145 74 114 23 67 134 78 63 105 140 195 100000 100000
144 332 787 100000 240 926 339 449 727 250 81 429 986 727 230 966 100000
145 324 100000 496 40 962 622 467 195 69 438 118 652 448 331 244 100000
146 104 100000 312 101 100000 284 216 209 206 100000 262 97 23 147 100000 116
147 51 12 100000 113 59 44 101 120 37 53 88 129 16 101 71 45
148 58 93 127 115 124 150 67 39 91 18 46 65 100000 32 62 100000
149 67 165 121 195 100000 31 71 73 189 165 93 79 87 61 149 95
150 49 26 36 137 80 7 5 140 4 78 70 68 119 144 78 73
151 107 289 11 107 167 30 222 148 286 238 244 27 203 311 283 215
152 38 2 89 47 73 112 100000 27 52 32 79 33 39 85 80 39
153 27 15 39 6 21 3 22 58 56 81 100000 15 100000 71 47 4
154 68 196 76 74 88 56 72 100000 70 131 11 129 127 76 141 153
155 207 162 57 187 509 621 280 100000 199 367 460 280 131 100000 323 156
156 202 92 497 243 418 582 80 388 467 388 588 382 400 80 527 98
157 83 125 142 68 100000 189 63 199 155 33 48 242 115 8 100000 61
158 35 58 80 15 23 85 56 2 91 7 87 46 26 10 95 17
159 58 100000 91 86 77 171 3 39 15 75 49 39 84 18 84 27
160 42 25 92 57 69 19 24 51 112 76 76 75 17 17 45 111
161 68 15 38 72 82 48 100000 113 127 133 153 29 167 38 100000 21
162 68 46 117 176 82 66 100000 11 100000 82 127 157 7 186 119 17
163 68 64 174 48 23 125 167 52 198 180 202 202 129 141 115 74
164 103 69 63 137 112 244 201 56 93 10 275 112 244 195 109 257
165 103 87 309 106 75 164 13 100000 56 291 223 297 241 291 47 146
166 103 90 204 100000 272 214 100000 177 87 226 269 103 13 306 266 226
167 103 100000 223 244 66 60 100000 201 106 121 72 158 294 29 44 214
168 103 195 90 100000 100000 281 133 81 100000 29 100 164 100000 78 152 38
169 68 100000 62 21 100000 66 180 176 178 100000 62 133 70 72 182 100000
170 103 241 100000 198 109 198 100000 272 177 149 229 96 78 195 13 173
171 68 129 129 84 13 52 38 155 188 165 11 68 74 36 107 196
172 103 10 143 100000 44 226 266 103 100 226 75 254 241 100000 75 161
173 103 7 173 281 100000 189 284 72 16 124 235 130 204 281 220 192
174 68 60 3 194 17 159 86 62 100000 180 161 54 56 100000 19 143
175 103 303 100000 35 241 72 195 109 124 109 133 90 87 100000 204 192
176 103 183 238 100 32 47 244 100000 186 100000 13 250 275 173 281 93
177 10 20 16 21 2 9 24 27 13 20 5 16 25 14 15 16
178 187 208 100000 107 175 438 488 303 287 169 35 100000 96 438 100000 527
179 134 274 169 398 100000 53 100000 149 374 65 294 366 346 286 100000 250
180 89 201 73 100000 121 214 97 68 6 49 190 100000 100000 129 33 166
181 58 29 39 93 30 15 113 20 100000 117 70 4 84 100000 51 103
182 49 74 32 116 59 131 135 137 62 30 77 73 132 59 16 124
183 134 378 185 402 129 366 270 9 165 306 69 57 153 37 197 189
184 53 100000 59 102 82 93 75 127 39 10 66 153 3 138 58 80
185 334 962 361 742 121 952 902 892 632 822 21 351 441 772 952 441
186 24 59 100000 40 61 4 39 37 56 34 100000 28 68 13 61 26
187 76 65 53 69 49 33 24 51 55 19 164 17 223 162 149 42
188 76 100000 37 74 142 160 228 201 78 76 55 105 194 221 198 100000
189 192 100000 133 565 570 346 18 7 289 352 260 409 231 530 421 220
190 98 118 100000 288 145 19 71 30 171 218 148 227 294 10 171 63
191 258 140 78 480 125 542 712 372 187 179 94 132 643 326 480 264
192 165 11 391 31 100000 26 36 372 381 302 362 322 100000 465 11 100000
193 38 20 20 17 21 80 67 6 8 83 71 42 34 64 47 34
194 115 249 100000 283 70 104 307 100000 252 170 176 108 97 56 214 100000
195 83 234 150 140 100 160 16 41 224 98 33 70 132 63 108 85
196 56 101 79 81 11 34 126 46 120 4 156 115 100000 116 100000 100000
197 29 54 100000 37 24 53 9 48 34 27 42 50 13 37 5 48
198 303 410 292 800 337 292 301 455 827 709 882 55 237 192 110 546
199 18 46 16 8 33 10 42 47 13 5 43 36 17 100000 28 31
200 29 59 55 100000 72 100000 75 12 71 31 46 17 22 83 10 68
201 154 402 416 379 176 384 47 167 42 227 100000 112 98 42 125 457
202 90 98 144 267 257 157 100000 84 20 154 243 165 100000 122 219 100000
203 93 276 57 93 271 71 171 162 26 100000 18 235 251 237 20 34
204 94 100000 71 243 150 153 167 60 127 229 102 139 100000 260 52 88
205 165 263 100000 159 100000 273 55 90 199 278 120 208 31 327 367 253
<task directions>
1 E
2 E
3 R
4 L
5 E
6 E
7 R
8 R
9 R
10 R
11 R
12 R
13 L
14 L
15 L
16 L
17 L
18 L
19 E
20 E
21 E
22 E
23 E
24 E
25 R
26 L
27 R
28 R
29 R
30 R
31 R
32 R
33 R
34 L
35 E
36 E
37 L
38 L
39 L
40 E
41 E
42 E
43 L
44 L
45 L
46 L
47 L
48 L
49 L
50 L
51 L
52 L
53 L
54 R
55 R
56 R
57 R
58 R
59 R
60 R
61 R
62 E
63 E
64 E
65 E
66 E
67 E
68 E
69 E
70 E
71 E
72 E
73 E
74 E
75 E
76 E
77 E
78 L
79 R
80 E
81 E
82 E
83 E
84 E
85 E
86 E
87 E
88 E
89 E
90 R
91 R
92 R
93 R
94 E
95 R
96 E
97 E
98 E
99 E
100 E
101 E
102 E
103 E
104 R
105 L
106 L
107 E
108 L
109 E
110 R
111 L
112 R
113 E
114 L
115 E
116 R
117 E
118 E
119 E
120 E
121 E
122 E
123 E
124 E
125 E
126 R
127 E
128 E
129 E
130 R
131 E
132 R
133 R
134 R
135 L
136 L
137 E
138 E
139 E
140 L
141 L
142 L
143 L
144 E
145 E
146 L
147 L
148 R
149 R
150 R
151 E
152 L
153 L
154 E
155 E
156 E
157 E
158 R
159 R
160 E
161 R
162 R
163 R
164 R
165 R
166 R
167 R
168 R
169 L
170 L
171 L
172 L
173 L
174 L
175 L
176 L
177 E
178 E
179 L
180 L
181 L
182 L
183 L
184 L
185 E
186 R
187 R
188 L
189 E
190 E
191 R
192 E
193 R
194 E
195 L
196 R
197 R
198 R
199 R
200 R
201 L
202 L
203 L
204 E
205 E
<precedence relations>
1,36
2,3
2,4
3,5
4,5
5,7
5,13
6,36
7,8
8,9
9,10
10,11
11,12
12,36
13,14
14,15
15,16
16,17
17,18
18,36
19,36
20,22
21,22
22,23
23,24
23,34
24,26
24,27
24,28
25,28
26,35
27,35
28,29
29,30
29,33
30,31
30,32
31,35
32,35
33,35
34,35
35,36
36,37
36,40
36,41
36,42
36,62
36,69
36,72
36,75
36,83
36,110
36,111
36,112
37,38
38,39
39,45
40,43
40,54
41,92
42,43
42,54
43,44
44,45
45,46
45,48
45,51
45,53
46,47
47,92
48,49
49,50
50,92
51,52
52,92
53,92
54,55
55,56
55,59
55,61
56,57
57,58
58,92
59,60
60,92
61,92
62,63
63,64
64,65
64,68
65,66
66,67
67,80
68,80
69,70
70,71
71,73
72,73
73,74
74,76
75,92
76,77
76,78
76,79
77,80
77,82
78,80
79,80
80,81
81,84
82,92
83,92
84,85
85,86
85,88
85,90
86,87
87,92
88,89
89,92
90,91
91,92
92,93
92,94
92,95
92,96
92,97
92,98
92,99
93,135
94,135
95,113
96,113
97,100
98,100
99,100
100,101
100,103
100,105
100,109
100,130
100,131
100,134
101,102
102,113
103,104
104,113
105,106
105,107
106,108
107,108
108,113
109,113
110,113
111,113
112,113
113,114
113,115
113,116
113,117
113,118
113,119
113,120
113,121
113,122
113,123
113,124
113,161
113,162
113,163
113,169
113,171
113,174
113,203
113,204
113,205
114,160
115,160
116,160
117,160
118,126
119,126
120,126
121,126
122,126
123,126
124,125
125,126
126,127
126,128
126,129
127,135
128,135
129,135
130,136
131,132
132,133
133,189
134,189
135,136
135,137
135,138
135,139
135,140
135,141
135,142
135,144
135,145
135,147
135,148
135,149
135,150
135,151
135,152
135,153
135,158
136,189
137,160
138,160
139,160
140,143
141,143
142,143
143,160
144,160
145,146
146,160
147,160
148,160
149,160
150,160
151,160
152,160
153,154
154,155
155,156
156,157
157,189
158,159
159,189
160,164
160,170
160,178
160,179
160,184
161,167
162,165
163,164
164,165
165,166
166,167
167,168
168,177
169,170
170,172
171,172
172,173
173,175
174,175
175,176
176,177
177,185
177,186
177,187
177,188
177,194
177,195
178,180
179,180
180,181
180,183
181,182
185,189
186,189
187,189
188,189
189,190
189,191
189,193
191,192
194,197
195,196
196,197
197,198
197,199
197,201
199,200
201,202
<end>