<number of tasks>
205
<number of mated-station>
5
<number of workers>
10
<task times>
1 692 333 457 49 450 395 554 208 208 333
2 42 4 10 15 25 26 31 34 100000 41
3 261 136 165 243 230 102 204 245 61 19
4 261 219 66 245 235 100000 201 53 144 204
5 157 100000 28 70 37 3 73 123 146 82
6 90 100000 47 46 81 57 25 81 58 50
7 54 100000 41 23 15 5 41 13 12 35
8 67 27 34 32 5 6 7 32 29 54
9 30 100000 2 100000 6 8 26 16 16 22
10 106 50 70 102 77 52 69 14 93 15
11 32 7 100000 30 14 100000 24 100000 18 13
12 62 26 41 23 46 100000 38 60 42 25
13 54 43 54 31 31 3 29 16 8 46
14 67 27 29 42 37 32 14 37 49 52
15 30 21 4 5 4 16 22 100000 14 16
16 106 10 5 102 105 103 106 81 8 30
17 32 12 32 100000 100000 30 2 20 17 3
18 62 49 30 25 43 21 36 24 100000 42
19 56 33 48 15 42 2 22 53 56 36
20 67 58 17 47 12 100000 31 23 4 100000
21 86 100000 42 8 100000 42 64 39 25 100000
22 37 33 24 21 100000 9 25 100000 100000 37
23 41 40 14 31 27 6 8 24 22 23
24 72 28 71 19 7 100000 100000 100000 7 12
25 86 9 61 21 35 29 11 100000 47 57
26 16 14 7 3 3 11 4 100000 6 15
27 51 39 26 10 47 4 50 25 19 15
28 66 54 30 100000 33 61 43 41 15 56
29 41 100000 9 4 34 19 40 1 41 7
30 72 8 100000 7 54 27 38 10 7 19
31 51 42 37 40 29 6 15 40 23 30
32 16 3 8 13 3 100000 14 100000 5 10
33 15 6 13 6 5 8 6 8 3 12
34 15 1 10 2 7 12 100000 12 12 5
35 85 3 100000 4 18 14 16 4 56 77
36 59 7 43 4 51 7 54 4 48 24
37 23 9 16 17 7 8 16 9 4 1
38 13 10 6 4 11 9 7 8 3 11
39 19 5 100000 11 100000 9 10 13 19 100000
40 108 30 2 63 74 35 34 104 77 25
41 214 139 5 150 118 165 93 10 208 24
42 80 100000 78 76 46 43 69 42 35 76
43 37 28 37 100000 7 13 2 18 14 4
44 84 100000 76 35 38 77 9 63 80 16
45 18 11 12 8 4 4 17 12 3 4
46 12 7 7 5 4 2 100000 11 4 4
47 29 21 5 22 3 100000 26 21 3 18
48 37 22 4 34 15 37 23 19 27 28
49 13 10 100000 11 11 6 11 3 10 2
50 70 15 2 47 5 100000 29 100000 69 100000
51 217 14 100000 176 126 83 211 90 103 51
52 72 39 57 43 100000 59 6 49 58 35
53 85 32 51 80 81 71 40 58 79 40
54 43 28 36 27 38 22 28 22 33 28
55 97 60 36 29 68 46 9 94 29 8
56 37 11 32 13 100000 25 34 7 15 2
57 13 5 7 2 5 6 6 8 10 5
58 35 10 21 35 26 7 26 100000 29 14
59 217 128 16 187 169 150 180 20 94 61
60 72 24 17 38 26 70 49 100000 27 100000
61 85 61 84 12 82 23 100000 100000 61 64
62 25 9 20 8 15 14 16 8 100000 7
63 37 7 32 27 36 21 5 100000 2 36
64 37 100000 16 2 28 24 2 37 6 34
65 103 101 97 6 55 34 49 13 79 70
66 140 37 133 111 121 101 100000 105 100000 100000
67 49 39 100000 28 32 38 20 29 25 37
68 35 17 100000 100000 18 2 26 33 16 21
69 51 45 26 40 18 28 31 31 19 100000
70 88 7 48 31 50 5 87 20 80 44
71 53 48 49 5 51 52 16 50 11 18
72 144 141 100000 111 144 90 7 15 25 93
73 337 300 229 122 8 263 172 266 100000 219
74 107 93 62 105 5 35 14 101 102 86
75 371 160 297 219 190 64 149 27 341 212
76 97 43 7 21 50 56 100000 37 29 12
77 166 100000 131 72 100000 100000 79 107 118 161
78 92 5 86 16 55 89 52 19 56 3
79 92 51 88 61 59 54 29 100000 100000 51
80 106 100000 94 10 100000 43 80 56 91 90
81 49 28 31 48 12 26 3 33 45 15
82 92 36 3 85 90 49 80 100000 73 13
83 371 253 205 57 100000 230 71 171 100000 367
84 87 81 35 52 32 42 4 84 13 85
85 162 148 152 109 90 6 77 20 117 100000
86 96 74 63 73 9 76 18 90 9 87
87 79 70 78 59 70 32 40 56 100000 31
88 96 72 100000 68 31 8 53 48 70 45
89 42 13 23 12 6 4 33 40 16 19
90 88 58 71 69 7 44 4 100000 38 86
91 90 35 15 17 64 100000 100000 65 4 82
92 97 57 100000 91 59 43 39 8 72 81
93 270 173 87 103 49 160 205 66 262 251
94 452 118 60 263 100000 411 132 100000 339 141
95 48 13 45 42 25 11 47 100000 18 43
96 338 119 100000 116 170 277 72 89 4 294
97 34 28 28 19 28 20 17 30 9 21
98 65 2 32 22 100000 8 36 38 16 30
99 50 26 38 100000 40 39 29 27 25 100000
100 112 28 104 100000 60 34 27 68 14 98
101 48 19 16 4 100000 10 32 43 21 8
102 117 24 44 100000 32 109 100000 101 38 46
103 50 34 16 16 100000 19 20 32 44 42
104 68 26 46 26 32 20 31 49 56 59
105 232 47 230 100000 218 135 165 232 144 172
106 122 75 60 42 106 16 17 70 105 100
107 151 91 123 124 115 100 100000 127 57 126
108 31 100000 10 28 22 100000 17 20 25 4
109 97 87 47 79 100000 100000 26 51 36 100000
110 308 78 124 216 240 50 121 191 253 259
111 116 79 27 113 80 113 61 100000 56 95
112 312 240 153 240 100000 247 100000 240 100000 76
113 34 100000 26 22 8 8 100000 33 17 28
114 128 86 43 4 82 99 9 66 65 118
115 54 24 6 100000 21 28 32 53 7 21
116 175 163 156 58 15 130 126 46 100000 145
117 55 100000 33 19 54 32 51 18 53 26
118 306 150 288 245 100000 233 102 257 215 7
119 59 22 24 21 100000 11 46 20 49 35
120 59 11 100000 46 34 100000 47 17 7 12
121 66 15 33 2 48 14 21 100000 18 36
122 66 19 9 63 22 19 42 43 25 23
123 23 3 20 19 18 15 5 20 12 14
124 244 186 181 84 54 130 45 64 42 225
125 54 52 44 22 100000 12 49 11 20 2
126 294 191 191 203 148 100000 112 57 288 100000
127 84 24 19 46 63 26 47 79 76 75
128 61 41 17 29 100000 27 35 44 3 32
129 57 46 50 32 17 34 100000 18 23 8
130 38 8 14 27 7 24 100000 27 22 10
131 944 491 935 925 539 58 605 718 605 331
132 511 62 287 435 312 6 460 225 440 470
133 625 407 531 400 263 425 606 481 338 100000
134 445 276 192 285 37 192 285 85 245 50
135 68 35 31 16 100000 55 100000 14 8 17
136 53 21 12 16 52 50 16 100000 33 42
137 49 36 22 18 37 11 21 47 34 100000
138 92 100000 100000 36 26 88 91 77 38 54
139 236 20 100000 231 50 97 6 135 229 154
140 116 36 103 2 24 100000 85 21 98 19
141 265 165 225 4 162 239 130 72 194 62
142 149 25 63 71 113 62 22 124 78 100000
143 74 2 58 30 74 19 53 8 29 37
144 332 120 253 312 216 180 170 61 259 74
145 324 130 85 49 100000 43 192 298 95 104
146 104 48 99 22 57 61 100000 34 48 47
147 51 41 22 35 16 25 46 20 7 22
148 58 7 52 100000 100000 34 28 36 55 15
149 67 37 12 3 19 100000 58 41 47 67
150 49 31 40 16 36 46 35 35 45 11
151 107 99 2 85 84 14 101 5 100000 53
152 38 13 29 17 22 100000 100000 12 17 30
153 27 2 9 18 100000 3 7 8 11 20
154 68 4 46 63 24 41 67 8 5 6
155 207 166 7 178 129 158 44 176 32 207
156 202 102 97 83 180 7 108 43 15 41
157 83 57 38 60 51 25 52 100000 6 4
158 35 28 25 26 19 17 1 100000 26 4
159 58 23 58 5 20 16 32 11 22 3
160 42 1 32 33 9 4 100000 3 8 100000
161 68 37 47 54 38 55 6 100000 65 22
162 68 50 18 20 59 45 66 58 12 47
163 68 46 56 8 67 22 10 23 4 4
164 103 56 52 11 61 58 63 68 3 20
165 103 57 48 76 8 7 82 99 74 27
166 103 9 87 39 21 59 97 100000 83 7
167 103 8 66 36 49 80 100000 97 13 10
168 103 86 50 55 73 40 93 83 98 67
169 68 100000 52 55 100000 7 37 43 46 12
170 103 54 21 11 60 71 86 100000 71 61
171 68 36 68 14 16 30 35 25 34 67
172 103 48 30 73 28 38 100000 52 66 100000
173 103 44 100000 71 2 20 75 2 93 10
174 68 60 39 4 100000 26 39 33 28 100000
175 103 81 100000 59 80 56 100000 32 38 67
176 103 59 58 2 38 78 103 86 96 75
177 10 100000 3 3 10 3 10 100000 8 3
178 187 122 27 16 100000 83 120 90 100000 29
179 134 121 25 125 93 87 98 8 58 29
180 89 58 57 33 52 22 6 47 2 78
181 58 47 36 100000 48 19 4 11 14 16
182 49 8 43 31 31 13 32 26 38 15
183 134 102 109 2 99 22 46 30 106 69
184 53 40 48 6 8 9 11 33 100000 100000
185 334 311 78 234 214 304 281 184 281 174
186 24 100000 20 7 7 18 4 19 1 13
187 76 75 67 72 23 21 19 73 53 13
188 76 27 66 35 36 24 8 22 100000 34
189 192 12 85 91 72 95 79 41 100000 49
190 98 33 3 12 37 2 27 49 24 64
191 258 196 196 225 209 189 65 52 112 55
192 165 149 100000 85 29 12 124 17 52 11
193 38 16 13 2 5 100000 31 22 5 100000
194 115 2 35 18 6 81 40 81 52 19
195 83 27 60 40 29 27 49 2 66 15
196 56 54 40 100000 55 10 15 10 30 5
197 29 100000 2 6 1 6 100000 25 14 3
198 303 52 297 64 270 40 170 279 261 176
199 18 5 14 13 100000 2 11 3 100000 16
200 29 7 19 29 26 27 12 5 19 24
201 154 15 85 51 133 61 70 74 108 94
202 90 77 75 67 76 86 64 69 5 56
203 93 73 70 16 55 54 41 47 2 30
204 94 66 74 59 12 72 82 100000 87 15
205 165 76 162 106 100000 76 94 132 127 73
<task directions>
1 E
2 E
3 R
4 L
5 E
6 E
7 R
8 R
9 R
10 R
11 R
12 R
13 L
14 L
15 L
16 L
17 L
18 L
19 E
20 E
21 E
22 E
23 E
24 E
25 R
26 L
27 R
28 R
29 R
30 R
31 R
32 R
33 R
34 L
35 E
36 E
37 L
38 L
39 L
40 E
41 E
42 E
43 L
44 L
45 L
46 L
47 L
48 L
49 L
50 L
51 L
52 L
53 L
54 R
55 R
56 R
57 R
58 R
59 R
60 R
61 R
62 E
63 E
64 E
65 E
66 E
67 E
68 E
69 E
70 E
71 E
72 E
73 E
74 E
75 E
76 E
77 E
78 L
79 R
80 E
81 E
82 E
83 E
84 E
85 E
86 E
87 E
88 E
89 E
90 R
91 R
92 R
93 R
94 E
95 R
96 E
97 E
98 E
99 E
100 E
101 E
102 E
103 E
104 R
105 L
106 L
107 E
108 L
109 E
110 R
111 L
112 R
113 E
114 L
115 E
116 R
117 E
118 E
119 E
120 E
121 E
122 E
123 E
124 E
125 E
126 R
127 E
128 E
129 E
130 R
131 E
132 R
133 R
134 R
135 L
136 L
137 E
138 E
139 E
140 L
141 L
142 L
143 L
144 E
145 E
146 L
147 L
148 R
149 R
150 R
151 E
152 L
153 L
154 E
155 E
156 E
157 E
158 R
159 R
160 E
161 R
162 R
163 R
164 R
165 R
166 R
167 R
168 R
169 L
170 L
171 L
172 L
173 L
174 L
175 L
176 L
177 E
178 E
179 L
180 L
181 L
182 L
183 L
184 L
185 E
186 R
187 R
188 L
189 E
190 E
191 R
192 E
193 R
194 E
195 L
196 R
197 R
198 R
199 R
200 R
201 L
202 L
203 L
204 E
205 E
<precedence relations>
1,36
2,3
2,4
3,5
4,5
5,7
5,13
6,36
7,8
8,9
9,10
10,11
11,12
12,36
13,14
14,15
15,16
16,17
17,18
18,36
19,36
20,22
21,22
22,23
23,24
23,34
24,26
24,27
24,28
25,28
26,35
27,35
28,29
29,30
29,33
30,31
30,32
31,35
32,35
33,35
34,35
35,36
36,37
36,40
36,41
36,42
36,62
36,69
36,72
36,75
36,83
36,110
36,111
36,112
37,38
38,39
39,45
40,43
40,54
41,92
42,43
42,54
43,44
44,45
45,46
45,48
45,51
45,53
46,47
47,92
48,49
49,50
50,92
51,52
52,92
53,92
54,55
55,56
55,59
55,61
56,57
57,58
58,92
59,60
60,92
61,92
62,63
63,64
64,65
64,68
65,66
66,67
67,80
68,80
69,70
70,71
71,73
72,73
73,74
74,76
75,92
76,77
76,78
76,79
77,80
77,82
78,80
79,80
80,81
81,84
82,92
83,92
84,85
85,86
85,88
85,90
86,87
87,92
88,89
89,92
90,91
91,92
92,93
92,94
92,95
92,96
92,97
92,98
92,99
93,135
94,135
95,113
96,113
97,100
98,100
99,100
100,101
100,103
100,105
100,109
100,130
100,131
100,134
101,102
102,113
103,104
104,113
105,106
105,107
106,108
107,108
108,113
109,113
110,113
111,113
112,113
113,114
113,115
113,116
113,117
113,118
113,119
113,120
113,121
113,122
113,123
113,124
113,161
113,162
113,163
113,169
113,171
113,174
113,203
113,204
113,205
114,160
115,160
116,160
117,160
118,126
119,126
120,126
121,126
122,126
123,126
124,125
125,126
126,127
126,128
126,129
127,135
128,135
129,135
130,136
131,132
132,133
133,189
134,189
135,136
135,137
135,138
135,139
135,140
135,141
135,142
135,144
135,145
135,147
135,148
135,149
135,150
135,151
135,152
135,153
135,158
136,189
137,160
138,160
139,160
140,143
141,143
142,143
143,160
144,160
145,146
146,160
147,160
148,160
149,160
150,160
151,160
152,160
153,154
154,155
155,156
156,157
157,189
158,159
159,189
160,164
160,170
160,178
160,179
160,184
161,167
162,165
163,164
164,165
165,166
166,167
167,168
168,177
169,170
170,172
171,172
172,173
173,175
174,175
175,176
176,177
177,185
177,186
177,187
177,188
177,194
177,195
178,180
179,180
180,181
180,183
181,182
185,189
186,189
187,189
188,189
189,190
189,191
189,193
191,192
194,197
195,196
196,197
197,198
197,199
197,201
199,200
201,202
<end>