<number of tasks>
205
<number of mated-station>
6
<number of workers>
12
<task times>
1 692 105 1537 105 167 167 1350 1640 1225 2076 1101 624
2 42 124 100000 84 15 81 64 71 116 9 85 86
3 261 681 455 541 100000 361 134 100000 204 666 408 87
4 261 517 87 251 564 275 306 64 353 306 220 541
5 157 349 62 166 325 15 156 166 147 255 466 184
6 90 184 181 68 117 184 23 100000 119 36 254 257
7 54 94 99 43 146 24 135 57 94 120 125 110
8 67 71 165 91 171 185 181 149 35 111 75 131
9 30 28 100000 66 5 14 18 60 5 63 25 66
10 106 185 115 232 100000 42 198 90 140 102 100000 315
11 32 23 49 82 79 88 66 85 51 96 49 21
12 62 153 101 103 186 44 100000 62 71 100000 114 40
13 54 109 148 19 32 99 4 102 53 12 72 9
14 67 100000 29 49 9 155 157 9 163 100000 9 173
15 30 58 56 77 71 70 2 46 23 33 100000 17
16 106 242 261 87 137 296 71 204 172 131 198 14
17 32 36 6 35 46 3 16 33 52 55 5 58
18 62 103 32 162 3 106 162 16 64 132 47 18
19 56 123 53 90 91 111 131 100000 108 23 161 125
20 67 25 159 73 101 161 5 193 119 173 143 105
21 86 212 119 22 94 243 119 250 34 117 100000 100000
22 37 9 62 65 111 103 45 53 100000 78 53 20
23 41 75 53 100000 14 80 6 16 90 113 22 10
24 72 158 100000 117 70 81 68 160 199 48 53 147
25 86 58 243 235 34 100000 119 109 100000 4 91 119
26 16 17 9 47 11 12 42 46 12 26 37 18
27 51 142 109 94 100000 10 12 100000 45 135 6 126
28 66 129 145 155 172 100000 176 7 184 42 52 74
29 41 23 64 90 39 56 100 49 49 100000 55 23
30 72 167 100000 96 182 7 128 100000 44 100000 132 35
31 51 126 129 118 115 112 59 72 27 100000 127 148
32 16 11 20 39 32 43 38 11 8 22 36 15
33 15 40 100000 100000 5 37 28 45 100000 31 29 35
34 15 38 14 31 37 100000 19 40 38 36 44 28
35 85 52 16 255 197 133 230 100 138 24 100000 11
36 59 77 100000 57 115 73 101 177 100000 142 170 119
37 23 100000 39 21 21 53 29 68 14 32 35 36
38 13 20 11 13 100000 100000 7 37 18 35 3 17
39 19 100000 30 30 37 42 6 21 19 5 20 33
40 108 75 95 7 17 143 114 49 114 82 104 20
41 214 200 328 322 100000 309 475 405 100000 347 116 14
42 80 142 77 100000 51 63 218 230 80 202 137 94
43 37 98 102 69 57 60 11 102 49 22 25 84
44 84 167 26 167 116 124 41 61 91 172 232 99
45 18 30 48 18 46 12 53 100000 38 30 46 34
46 12 17 22 27 8 14 36 10 26 27 12 6
47 29 23 76 6 16 8 72 24 63 47 100000 100000
48 37 77 63 37 95 100 75 76 100000 24 92 29
49 13 17 100000 9 20 39 14 29 18 100000 7 100000
50 70 137 93 141 70 116 37 60 158 124 30 189
51 217 190 100000 547 100000 515 469 567 417 417 638 404
52 72 3 59 100000 100000 124 35 102 83 152 152 158
53 85 240 250 161 75 9 237 222 158 110 146 110
54 43 60 100000 100000 65 100000 110 10 105 100000 41 61
55 97 213 184 123 82 100000 47 18 178 253 169 277
56 37 15 57 82 102 110 30 55 60 99 53 84
57 13 2 28 100000 28 7 20 13 19 17 5 22
58 35 100000 100000 62 80 62 27 77 65 53 33 70
59 217 21 534 144 100000 118 34 593 449 411 463 320
60 72 167 100000 81 57 179 134 203 10 184 100000 154
61 85 189 219 131 192 227 29 14 166 222 118 153
62 25 74 65 22 75 43 62 44 10 59 8 5
63 37 11 37 45 47 46 16 26 62 78 104 100
64 37 107 40 33 40 54 100000 81 67 33 88 69
65 103 173 235 100000 192 278 140 84 143 232 183 96
66 140 100000 93 106 185 100000 72 60 181 100000 395 139
67 49 94 134 2 7 134 71 24 23 113 86 13
68 35 100000 33 65 6 100000 6 48 56 94 21 96
69 51 63 121 83 100 83 118 153 28 71 12 74
70 88 14 133 198 238 109 227 154 156 9 59 6
71 53 52 12 100000 66 135 100000 131 100000 48 127 6
72 144 273 208 100000 406 290 264 169 109 74 5 100000
73 337 405 557 536 971 476 153 233 415 405 678 173
74 107 132 215 279 177 100000 311 241 302 244 126 263
75 371 257 1102 257 335 290 513 624 1113 1024 757 957
76 97 248 181 100000 137 42 239 82 68 100000 233 4
77 166 155 26 250 210 339 374 418 289 81 250 483
78 92 15 268 262 67 9 4 100000 12 64 202 51
79 92 227 106 150 34 199 238 235 139 268 4 111
80 106 182 112 100000 204 213 7 296 156 7 7 213
81 49 59 144 147 97 4 11 19 21 11 129 35
82 92 12 59 100 161 221 20 147 9 45 106 188
83 371 757 702 346 1035 335 312 601 223 1024 857 991
84 87 235 110 48 128 230 157 76 4 50 108 173
85 162 147 239 355 11 307 100000 476 83 50 457 132
86 96 279 277 30 113 196 205 90 150 228 100000 176
87 79 34 95 77 100000 150 15 121 169 43 84 79
88 96 100000 100000 100000 142 202 100000 53 277 56 167 142
89 42 100000 116 72 60 60 120 71 70 107 46 100000
90 88 30 104 22 90 198 100000 100000 61 100000 222 100000
91 90 227 92 9 130 87 92 9 95 14 222 165
92 97 146 242 210 181 126 248 4 161 114 108 100000
93 270 179 470 753 308 632 697 100000 300 373 753 438
94 452 100000 1248 529 733 1356 353 1085 340 1071 990 1044
95 48 30 130 30 31 17 17 71 52 143 57 21
96 338 295 720 52 639 933 913 416 224 100000 548 913
97 34 60 42 37 36 100000 100000 22 91 60 66 87
98 65 168 92 42 154 34 135 73 108 100000 174 77
99 50 93 114 56 147 76 134 13 100000 23 128 13
100 112 209 316 125 105 112 148 225 303 252 205 105
101 48 120 22 67 37 58 17 45 124 22 65 100000
102 117 341 320 103 85 166 152 117 152 344 299 337
103 50 86 29 53 83 28 28 132 131 83 99 29
104 68 159 19 184 96 192 202 127 100000 13 11 153
105 232 258 100000 696 71 647 460 404 189 29 411 599
106 122 194 304 202 205 304 271 333 344 114 89 100000
107 151 363 349 254 259 69 295 236 182 317 372 146
108 31 62 100000 2 74 11 30 19 7 54 39 100000
109 97 233 103 230 24 245 79 161 47 265 163 253
110 308 924 453 869 619 186 749 38 481 647 38 564
111 116 95 70 244 8 244 313 109 348 100000 247 112
112 312 356 291 235 151 319 777 824 85 291 291 100000
113 34 100000 88 55 38 46 88 101 80 93 89 40
114 128 100000 166 292 100000 58 223 330 246 254 319 284
115 54 70 100000 100000 53 156 78 148 148 96 148 125
116 175 69 499 59 473 431 111 100000 237 336 336 373
117 55 100000 72 132 58 9 93 34 16 96 111 100000
118 306 579 100000 65 670 404 808 414 890 414 175 597
119 59 78 5 61 71 61 154 73 100000 77 87 172
120 59 105 49 68 122 126 24 10 41 100000 49 135
121 66 129 82 40 137 60 111 115 141 100000 33 180
122 66 176 3 100000 40 147 72 163 36 196 153 13
123 23 100000 100000 55 53 68 27 36 4 16 23 34
124 244 100000 345 96 96 323 359 81 100000 125 176 571
125 54 100000 20 109 82 101 3 41 109 101 54 117
126 294 715 71 468 424 406 239 27 688 477 160 776
127 84 100000 100000 116 69 69 121 159 41 44 100000 134
128 61 100000 181 112 77 45 23 138 61 43 70 174
129 57 110 117 156 21 161 49 110 91 100000 10 45
130 38 26 100000 97 43 38 12 111 12 41 100000 33
131 944 1728 100000 1077 879 1247 1671 2634 454 2464 2606 29
132 511 338 100000 323 690 782 476 767 736 721 1349 767
133 625 1575 882 207 938 807 113 1631 100000 1706 395 826
134 445 601 455 161 1335 575 1335 841 100000 100000 1055 1055
135 68 117 100 202 100000 21 5 100000 100 100000 103 100000
136 53 22 48 69 97 71 26 39 80 26 3 75
137 49 78 100000 46 99 5 102 127 36 83 70 62
138 92 232 221 100000 243 20 218 119 273 9 163 9
139 236 510 29 602 128 284 383 524 581 121 644 340
140 116 286 161 15 67 143 43 129 8 216 178 25
141 265 779 485 692 787 763 104 100000 49 477 72 414
142 149 380 309 220 100000 100000 46 184 77 157 90 55
143 74 215 54 191 78 209 158 39 167 204 204 65
144 332 170 300 240 797 877 329 51 110 120 419 300
145 324 292 224 923 652 283 671 758 962 953 826 700
146 104 104 4 138 191 197 188 200 197 300 132 100000
147 51 53 147 100000 60 147 60 41 51 117 142 113
148 58 107 141 86 39 145 15 157 8 172 56 63
149 67 3 109 123 189 75 155 100000 100000 133 113 199
150 49 94 103 30 129 14 92 92 100000 26 137 35
151 107 206 177 244 17 100000 247 36 238 190 142 292
152 38 56 100000 100 83 80 100000 87 86 112 15 7
153 27 100000 24 62 43 100000 18 63 79 13 46 32
154 68 48 90 145 115 38 76 115 98 68 74 100000
155 207 509 88 69 51 441 100000 478 206 88 243 429
156 202 100000 207 509 86 606 485 425 19 213 382 255
157 83 150 33 16 219 165 16 63 28 110 157 123
158 35 63 95 57 44 28 100000 84 29 75 55 7
159 58 150 100000 100000 115 143 141 25 113 115 105 89
160 42 112 21 84 2 42 36 100000 24 32 32 49
161 68 38 167 100000 165 36 100000 72 76 123 157 58
162 68 192 5 188 60 204 137 200 200 109 48 9
163 68 155 153 100000 68 127 100000 100000 42 72 86 107
164 103 161 210 38 195 297 244 60 103 306 198 56
165 103 287 100000 100000 297 112 121 257 16 250 90 69
166 103 16 26 232 195 241 7 189 149 238 214 41
167 103 278 78 241 87 235 309 81 260 100000 75 35
168 103 284 257 269 198 198 287 32 173 47 192 257
169 68 109 60 33 5 100000 153 40 145 54 88 161
170 103 291 195 195 100000 66 7 226 29 229 7 226
171 68 135 143 86 121 46 44 100000 100000 147 19 153
172 103 257 100000 100000 155 220 100000 10 183 306 41 235
173 103 75 272 223 180 109 100000 260 291 309 272 109
174 68 153 196 107 139 7 141 82 38 125 169 9
175 103 272 109 140 284 103 275 29 306 100000 133 96
176 103 238 75 100000 26 100000 143 260 72 100000 16 66
177 10 11 28 18 100000 16 20 100000 20 18 4 100000
178 187 550 180 516 100000 225 18 555 100000 46 180 236
179 134 290 97 250 250 262 234 246 121 234 37 17
180 89 46 153 166 9 100000 100000 193 65 235 49 60
181 58 122 100000 152 107 100000 110 141 158 115 162 36
182 49 26 21 93 52 100000 4 45 59 100000 100000 140
183 134 189 246 250 145 61 100000 177 226 314 61 9
184 53 44 25 71 115 4 66 14 100000 91 108 108
185 334 532 481 652 171 441 962 361 872 141 632 642
186 24 37 19 71 22 41 61 100000 31 61 58 71
187 76 169 35 117 219 17 137 80 24 78 58 100000
188 76 83 203 67 217 33 24 126 83 6 162 24
189 192 93 100000 197 565 87 398 524 100000 162 133 576
190 98 227 80 100000 165 136 183 100000 4 100000 42 139
191 258 100000 550 751 302 86 333 689 40 100000 279 132
192 165 41 223 159 11 21 381 342 322 41 100 312
193 38 114 26 100000 100000 111 95 76 103 76 62 51
194 115 331 317 170 256 290 29 35 293 35 104 118
195 83 204 147 53 53 222 31 98 162 140 214 98
196 56 145 168 146 100000 63 41 148 3 105 59 66
197 29 100000 66 53 52 100000 77 32 22 35 63 45
198 303 237 827 219 727 219 446 491 673 600 92 110
199 18 21 49 11 18 46 13 13 16 12 19 7
200 29 16 41 20 4 39 26 41 5 43 53 75
201 154 176 181 93 259 287 47 100000 402 379 61 411
202 90 82 68 101 49 254 133 138 141 265 243 100000
203 93 182 20 109 201 176 237 100000 23 100000 140 118
204 94 66 257 130 100000 198 108 105 172 88 274 220
205 165 283 223 218 391 41 31 134 208 169 357 159
<task directions>
1 E
2 E
3 R
4 L
5 E
6 E
7 R
8 R
9 R
10 R
11 R
12 R
13 L
14 L
15 L
16 L
17 L
18 L
19 E
20 E
21 E
22 E
23 E
24 E
25 R
26 L
27 R
28 R
29 R
30 R
31 R
32 R
33 R
34 L
35 E
36 E
37 L
38 L
39 L
40 E
41 E
42 E
43 L
44 L
45 L
46 L
47 L
48 L
49 L
50 L
51 L
52 L
53 L
54 R
55 R
56 R
57 R
58 R
59 R
60 R
61 R
62 E
63 E
64 E
65 E
66 E
67 E
68 E
69 E
70 E
71 E
72 E
73 E
74 E
75 E
76 E
77 E
78 L
79 R
80 E
81 E
82 E
83 E
84 E
85 E
86 E
87 E
88 E
89 E
90 R
91 R
92 R
93 R
94 E
95 R
96 E
97 E
98 E
99 E
100 E
101 E
102 E
103 E
104 R
105 L
106 L
107 E
108 L
109 E
110 R
111 L
112 R
113 E
114 L
115 E
116 R
117 E
118 E
119 E
120 E
121 E
122 E
123 E
124 E
125 E
126 R
127 E
128 E
129 E
130 R
131 E
132 R
133 R
134 R
135 L
136 L
137 E
138 E
139 E
140 L
141 L
142 L
143 L
144 E
145 E
146 L
147 L
148 R
149 R
150 R
151 E
152 L
153 L
154 E
155 E
156 E
157 E
158 R
159 R
160 E
161 R
162 R
163 R
164 R
165 R
166 R
167 R
168 R
169 L
170 L
171 L
172 L
173 L
174 L
175 L
176 L
177 E
178 E
179 L
180 L
181 L
182 L
183 L
184 L
185 E
186 R
187 R
188 L
189 E
190 E
191 R
192 E
193 R
194 E
195 L
196 R
197 R
198 R
199 R
200 R
201 L
202 L
203 L
204 E
205 E
<precedence relations>
1,36
2,3
2,4
3,5
4,5
5,7
5,13
6,36
7,8
8,9
9,10
10,11
11,12
12,36
13,14
14,15
15,16
16,17
17,18
18,36
19,36
20,22
21,22
22,23
23,24
23,34
24,26
24,27
24,28
25,28
26,35
27,35
28,29
29,30
29,33
30,31
30,32
31,35
32,35
33,35
34,35
35,36
36,37
36,40
36,41
36,42
36,62
36,69
36,72
36,75
36,83
36,110
36,111
36,112
37,38
38,39
39,45
40,43
40,54
41,92
42,43
42,54
43,44
44,45
45,46
45,48
45,51
45,53
46,47
47,92
48,49
49,50
50,92
51,52
52,92
53,92
54,55
55,56
55,59
55,61
56,57
57,58
58,92
59,60
60,92
61,92
62,63
63,64
64,65
64,68
65,66
66,67
67,80
68,80
69,70
70,71
71,73
72,73
73,74
74,76
75,92
76,77
76,78
76,79
77,80
77,82
78,80
79,80
80,81
81,84
82,92
83,92
84,85
85,86
85,88
85,90
86,87
87,92
88,89
89,92
90,91
91,92
92,93
92,94
92,95
92,96
92,97
92,98
92,99
93,135
94,135
95,113
96,113
97,100
98,100
99,100
100,101
100,103
100,105
100,109
100,130
100,131
100,134
101,102
102,113
103,104
104,113
105,106
105,107
106,108
107,108
108,113
109,113
110,113
111,113
112,113
113,114
113,115
113,116
113,117
113,118
113,119
113,120
113,121
113,122
113,123
113,124
113,161
113,162
113,163
113,169
113,171
113,174
113,203
113,204
113,205
114,160
115,160
116,160
117,160
118,126
119,126
120,126
121,126
122,126
123,126
124,125
125,126
126,127
126,128
126,129
127,135
128,135
129,135
130,136
131,132
132,133
133,189
134,189
135,136
135,137
135,138
135,139
135,140
135,141
135,142
135,144
135,145
135,147
135,148
135,149
135,150
135,151
135,152
135,153
135,158
136,189
137,160
138,160
139,160
140,143
141,143
142,143
143,160
144,160
145,146
146,160
147,160
148,160
149,160
150,160
151,160
152,160
153,154
154,155
155,156
156,157
157,189
158,159
159,189
160,164
160,170
160,178
160,179
160,184
161,167
162,165
163,164
164,165
165,166
166,167
167,168
168,177
169,170
170,172
171,172
172,173
173,175
174,175
175,176
176,177
177,185
177,186
177,187
177,188
177,194
177,195
178,180
179,180
180,181
180,183
181,182
185,189
186,189
187,189
188,189
189,190
189,191
189,193
191,192
194,197
195,196
196,197
197,198
197,199
197,201
199,200
201,202
<end>