<number of tasks>
205
<number of mated-station>
4
<number of workers>
8
<task times>
1 692 100000 748 1640 1225 1142 100000 1142
2 42 111 100000 100000 11 29 119 120
3 261 525 556 157 100000 189 713 486
4 261 705 100000 100000 100000 71 165 87
5 157 424 391 100000 142 382 156 396
6 90 173 230 68 60 23 243 82
7 54 136 148 139 100000 117 90 82
8 67 69 85 115 17 195 81 100000
9 30 78 100000 28 22 64 2 24
10 106 87 121 52 71 20 217 144
11 32 87 64 100000 7 22 61 87
12 62 7 127 166 71 99 97 32
13 54 19 144 46 156 56 3 133
14 67 125 181 149 3 45 21 43
15 30 9 16 42 79 58 28 89
16 106 140 201 302 201 308 52 26
17 32 60 38 3 76 73 3 33
18 62 97 99 66 114 86 18 20
19 56 135 146 108 19 6 100000 63
20 67 107 95 165 107 11 21 41
21 86 94 219 78 63 122 6 99
22 37 26 7 99 82 80 97 91
23 41 33 7 83 53 3 44 40
24 72 201 100000 29 98 195 100000 14
25 86 258 94 232 52 176 227 168
26 16 45 100000 43 34 13 31 13
27 51 24 7 115 133 24 79 27
28 66 107 50 121 100000 113 44 149
29 41 19 61 69 78 62 16 71
30 72 74 78 154 100000 184 53 53
31 51 110 89 127 110 79 100000 60
32 16 100000 25 39 1 23 25 8
33 15 100000 35 37 37 12 19 10
34 15 30 10 12 19 25 2 31
35 85 204 100000 158 85 156 24 16
36 59 13 135 100000 133 177 100000 112
37 23 36 25 51 6 60 57 49
38 13 25 100000 100000 100000 36 14 18
39 19 13 45 35 10 100000 100000 49
40 108 324 121 246 91 104 100000 33
41 214 180 168 46 309 360 225 200
42 80 13 154 56 94 164 230 168
43 37 84 13 59 98 34 100000 16
44 84 100000 104 100000 11 59 100000 184
45 18 28 50 100000 17 54 40 21
46 12 15 10 21 1 33 34 5
47 29 100000 26 44 43 55 20 43
48 37 53 100000 100000 5 23 23 100000
49 13 24 39 38 15 17 20 16
50 70 14 128 100000 100000 154 66 64
51 217 528 586 482 100000 560 359 430
52 72 59 78 98 205 35 179 156
53 85 131 100000 250 31 214 120 100000
54 43 100000 82 13 10 74 69 117
55 97 100000 117 201 16 114 62 282
56 37 55 63 54 103 54 2 29
57 13 26 17 16 20 4 100000 12
58 35 71 74 86 57 62 71 12
59 217 86 100000 365 248 92 352 521
60 72 5 214 66 42 48 38 83
61 85 87 82 186 235 39 252 11
62 25 14 5 54 73 100000 22 72
63 37 45 100000 20 81 89 19 38
64 37 78 3 100000 26 101 106 104
65 103 149 214 26 23 303 183 100000
66 140 26 311 290 143 194 114 30
67 49 10 92 131 129 45 67 111
68 35 74 96 41 9 18 97 61
69 51 100000 15 100000 112 103 101 4
70 88 106 204 259 180 264 19 122
71 53 131 102 151 97 29 100000 7
72 144 195 204 359 117 61 294 100000
73 337 100000 476 173 890 100000 100000 971
74 107 49 7 7 100000 62 212 206
75 371 100000 179 12 23 590 1013 679
76 97 76 117 71 16 62 82 123
77 166 85 6 56 404 185 51 85
78 92 122 133 268 34 166 238 232
79 92 158 108 216 100000 235 268 216
80 106 163 125 30 17 318 131 318
81 49 89 49 74 23 65 55 94
82 92 103 37 103 119 34 100000 161
83 371 212 100000 100000 100000 624 100000 100000
84 87 14 206 66 61 79 121 188
85 162 122 297 442 316 137 45 311
86 96 236 139 236 116 50 136 87
87 79 176 98 98 22 213 39 190
88 96 53 100000 136 251 216 96 277
89 42 74 45 37 126 2 7 84
90 88 38 243 100000 240 30 111 154
91 90 136 243 160 52 222 262 179
92 97 288 213 62 166 42 36 190
93 270 100000 333 308 74 100000 244 478
94 452 1031 1180 638 100000 258 489 100000
95 48 94 67 115 115 94 58 32
96 338 112 335 100000 670 771 761 538
97 34 12 7 33 85 46 2 100000
98 65 57 141 131 73 5 46 112
99 50 8 100000 104 100000 7 78 77
100 112 292 259 91 100000 199 24 61
101 48 143 65 10 77 94 100000 100000
102 117 100000 250 316 100000 100000 215 169
103 50 7 73 5 120 98 64 119
104 68 64 188 167 13 100000 111 105
105 232 474 460 230 571 453 390 460
106 122 70 100000 125 100000 198 34 100000
107 151 159 227 430 19 326 412 335
108 31 100000 26 69 9 87 76 66
109 97 100000 100000 190 155 39 268 245
110 308 121 896 832 915 490 195 730
111 116 251 29 81 100000 8 306 116
112 312 777 263 487 936 627 786 889
113 34 59 48 4 4 38 44 64
114 128 89 204 181 9 70 100000 238
115 54 91 133 141 20 136 85 41
116 175 69 289 101 431 384 410 373
117 55 145 165 73 139 100000 85 160
118 306 478 854 450 386 47 625 10
119 59 96 36 121 77 84 105 177
120 59 52 175 38 131 19 166 47
121 66 166 170 192 180 90 5 60
122 66 82 90 86 56 34 78 100000
123 23 100000 34 14 11 54 13 37
124 244 162 100000 52 557 89 264 703
125 54 110 122 100000 123 98 64 138
126 294 538 679 415 160 776 309 283
127 84 212 46 59 49 199 139 132
128 61 147 59 8 167 48 132 61
129 57 159 86 125 95 122 74 146
130 38 30 50 2 53 64 22 33
131 944 86 171 454 86 1332 2011 1530
132 511 537 1027 170 1150 828 936 1472
133 625 1200 544 451 713 526 863 1425
134 445 561 214 615 94 100000 961 281
135 68 68 149 86 82 100000 68 105
136 53 100000 25 146 48 83 39 29
137 49 100000 84 121 27 17 100000 62
138 92 67 51 194 100000 53 240 139
139 236 623 496 701 277 100000 164 651
140 116 345 15 233 178 22 157 126
141 265 100000 517 112 100000 541 644 80
142 149 175 130 251 353 184 95 331
143 74 131 100000 100000 54 138 10 67
144 332 309 767 91 100000 499 319 648
145 324 894 516 224 399 419 758 894
146 104 256 212 234 116 240 100000 281
147 51 16 107 98 47 118 124 63
148 58 67 77 100000 11 84 58 164
149 67 155 129 17 131 23 193 105
150 49 13 64 32 78 96 113 127
151 107 289 174 129 222 100000 27 116
152 38 43 63 70 100000 89 70 16
153 27 65 55 29 2 5 62 47
154 68 105 36 145 42 125 167 105
155 207 385 547 323 38 280 100000 447
156 202 570 485 279 100000 170 164 170
157 83 6 234 100000 209 123 75 73
158 35 101 73 58 46 37 33 91
159 58 172 139 3 65 30 37 100000
160 42 64 67 97 95 59 19 100000
161 68 29 117 100000 127 100000 100000 23
162 68 98 143 40 98 5 13 7
163 68 54 52 133 3 66 159 155
164 103 177 4 220 47 229 130 115
165 103 201 100000 106 300 7 78 100000
166 103 103 100000 19 226 100000 229 106
167 103 284 118 32 152 263 257 100000
168 103 100000 7 13 300 96 278 155
169 68 186 192 60 143 155 5 165
170 103 241 235 143 121 155 287 121
171 68 125 27 143 145 184 167 33
172 103 81 106 254 23 100000 170 69
173 103 130 254 260 75 121 183 214
174 68 31 58 100000 139 155 137 153
175 103 257 53 38 186 84 100000 260
176 103 306 72 177 63 47 238 281
177 10 20 9 19 13 27 27 4
178 187 46 471 100000 68 382 527 326
179 134 326 374 334 145 97 390 173
180 89 75 121 62 73 185 17 49
181 58 37 122 43 32 110 100000 148
182 49 125 23 103 65 100000 49 137
183 134 214 113 9 362 100000 326 181
184 53 93 22 113 53 52 15 10
185 334 762 141 471 100000 522 552 211
186 24 61 29 62 12 7 13 29
187 76 178 153 112 196 71 203 126
188 76 26 144 126 51 149 205 10
189 192 174 461 294 484 139 501 455
190 98 42 100000 83 212 100000 100000 250
191 258 163 295 55 187 140 40 171
192 165 41 100000 204 100000 189 80 223
193 38 44 91 35 114 79 73 104
194 115 238 252 214 314 197 163 221
195 83 31 100000 63 147 135 229 41
196 56 73 113 33 23 100000 49 156
197 29 44 84 69 15 85 58 56
198 303 55 137 237 618 773 891 664
199 18 33 37 22 16 18 22 31
200 29 50 43 21 51 42 100000 16
201 154 70 135 434 310 268 116 10
202 90 195 66 138 149 248 168 76
203 93 221 71 4 100000 112 237 265
204 94 203 46 133 71 161 234 186
205 165 332 174 189 100000 95 223 100000
<task directions>
1 E
2 E
3 R
4 L
5 E
6 E
7 R
8 R
9 R
10 R
11 R
12 R
13 L
14 L
15 L
16 L
17 L
18 L
19 E
20 E
21 E
22 E
23 E
24 E
25 R
26 L
27 R
28 R
29 R
30 R
31 R
32 R
33 R
34 L
35 E
36 E
37 L
38 L
39 L
40 E
41 E
42 E
43 L
44 L
45 L
46 L
47 L
48 L
49 L
50 L
51 L
52 L
53 L
54 R
55 R
56 R
57 R
58 R
59 R
60 R
61 R
62 E
63 E
64 E
65 E
66 E
67 E
68 E
69 E
70 E
71 E
72 E
73 E
74 E
75 E
76 E
77 E
78 L
79 R
80 E
81 E
82 E
83 E
84 E
85 E
86 E
87 E
88 E
89 E
90 R
91 R
92 R
93 R
94 E
95 R
96 E
97 E
98 E
99 E
100 E
101 E
102 E
103 E
104 R
105 L
106 L
107 E
108 L
109 E
110 R
111 L
112 R
113 E
114 L
115 E
116 R
117 E
118 E
119 E
120 E
121 E
122 E
123 E
124 E
125 E
126 R
127 E
128 E
129 E
130 R
131 E
132 R
133 R
134 R
135 L
136 L
137 E
138 E
139 E
140 L
141 L
142 L
143 L
144 E
145 E
146 L
147 L
148 R
149 R
150 R
151 E
152 L
153 L
154 E
155 E
156 E
157 E
158 R
159 R
160 E
161 R
162 R
163 R
164 R
165 R
166 R
167 R
168 R
169 L
170 L
171 L
172 L
173 L
174 L
175 L
176 L
177 E
178 E
179 L
180 L
181 L
182 L
183 L
184 L
185 E
186 R
187 R
188 L
189 E
190 E
191 R
192 E
193 R
194 E
195 L
196 R
197 R
198 R
199 R
200 R
201 L
202 L
203 L
204 E
205 E
<precedence relations>
1,36
2,3
2,4
3,5
4,5
5,7
5,13
6,36
7,8
8,9
9,10
10,11
11,12
12,36
13,14
14,15
15,16
16,17
17,18
18,36
19,36
20,22
21,22
22,23
23,24
23,34
24,26
24,27
24,28
25,28
26,35
27,35
28,29
29,30
29,33
30,31
30,32
31,35
32,35
33,35
34,35
35,36
36,37
36,40
36,41
36,42
36,62
36,69
36,72
36,75
36,83
36,110
36,111
36,112
37,38
38,39
39,45
40,43
40,54
41,92
42,43
42,54
43,44
44,45
45,46
45,48
45,51
45,53
46,47
47,92
48,49
49,50
50,92
51,52
52,92
53,92
54,55
55,56
55,59
55,61
56,57
57,58
58,92
59,60
60,92
61,92
62,63
63,64
64,65
64,68
65,66
66,67
67,80
68,80
69,70
70,71
71,73
72,73
73,74
74,76
75,92
76,77
76,78
76,79
77,80
77,82
78,80
79,80
80,81
81,84
82,92
83,92
84,85
85,86
85,88
85,90
86,87
87,92
88,89
89,92
90,91
91,92
92,93
92,94
92,95
92,96
92,97
92,98
92,99
93,135
94,135
95,113
96,113
97,100
98,100
99,100
100,101
100,103
100,105
100,109
100,130
100,131
100,134
101,102
102,113
103,104
104,113
105,106
105,107
106,108
107,108
108,113
109,113
110,113
111,113
112,113
113,114
113,115
113,116
113,117
113,118
113,119
113,120
113,121
113,122
113,123
113,124
113,161
113,162
113,163
113,169
113,171
113,174
113,203
113,204
113,205
114,160
115,160
116,160
117,160
118,126
119,126
120,126
121,126
122,126
123,126
124,125
125,126
126,127
126,128
126,129
127,135
128,135
129,135
130,136
131,132
132,133
133,189
134,189
135,136
135,137
135,138
135,139
135,140
135,141
135,142
135,144
135,145
135,147
135,148
135,149
135,150
135,151
135,152
135,153
135,158
136,189
137,160
138,160
139,160
140,143
141,143
142,143
143,160
144,160
145,146
146,160
147,160
148,160
149,160
150,160
151,160
152,160
153,154
154,155
155,156
156,157
157,189
158,159
159,189
160,164
160,170
160,178
160,179
160,184
161,167
162,165
163,164
164,165
165,166
166,167
167,168
168,177
169,170
170,172
171,172
172,173
173,175
174,175
175,176
176,177
177,185
177,186
177,187
177,188
177,194
177,195
178,180
179,180
180,181
180,183
181,182
185,189
186,189
187,189
188,189
189,190
189,191
189,193
191,192
194,197
195,196
196,197
197,198
197,199
197,201
199,200
201,202
<end>