<number of tasks>
205
<number of mated-station>
5
<number of workers>
10
<task times>
1 692 100000 100000 1682 831 1288 1889 209 997 1371
2 42 95 11 104 51 20 57 86 109 30
3 261 100000 760 525 173 572 783 736 100000 353
4 261 548 9 611 767 619 439 619 400 783
5 157 151 448 401 100000 415 76 213 217 297
6 90 270 259 100000 251 66 100000 227 82 205
7 54 99 123 44 151 160 35 100000 48 93
8 67 127 29 115 43 100000 85 100000 97 181
9 30 44 88 73 32 14 13 100000 63 7
10 106 128 191 163 213 156 137 194 80 55
11 32 34 17 52 14 69 67 31 48 100000
12 62 84 110 132 42 31 5 147 169 100000
13 54 114 100000 107 11 77 49 122 70 28
14 67 21 105 137 129 157 57 183 39 95
15 30 100000 82 77 100000 22 68 90 54 49
16 106 7 172 207 49 175 261 80 153 280
17 32 56 65 100000 87 32 75 18 74 50
18 62 116 69 38 100000 156 173 145 123 123
19 56 95 56 76 93 113 108 28 34 113
20 67 39 21 155 111 153 129 141 135 149
21 86 63 100000 76 155 245 100000 165 145 100000
22 37 107 64 44 44 25 52 36 92 68
23 41 91 36 14 72 105 95 36 39 17
24 72 205 83 192 7 121 27 139 42 100000
25 86 100000 150 99 40 186 183 181 100000 29
26 16 25 100000 44 27 30 30 31 4 7
27 51 71 71 113 80 82 153 47 118 104
28 66 165 105 86 176 163 48 100000 33 115
29 41 53 67 82 100000 117 25 96 82 122
30 72 179 167 205 139 164 169 109 61 35
31 51 10 120 107 129 130 100000 68 136 65
32 16 100000 9 46 31 7 32 10 100000 42
33 15 33 100000 15 27 29 28 21 19 13
34 15 8 6 33 12 18 36 24 21 10
35 85 118 225 29 37 242 100000 42 227 24
36 59 177 137 100000 100000 85 105 170 22 105
37 23 6 66 100000 49 46 55 28 60 100000
38 13 33 27 17 20 15 37 5 20 18
39 19 35 43 7 7 22 50 25 42 36
40 108 321 127 246 195 100000 314 100000 111 172
41 214 289 142 193 488 591 373 443 636 84
42 80 199 30 11 54 207 197 178 68 116
43 37 71 99 43 51 88 4 24 97 100000
44 84 100000 139 6 167 169 34 6 177 100000
45 18 52 100000 37 26 38 25 45 100000 31
46 12 22 18 6 31 100000 100000 6 8 31
47 29 83 84 5 44 100000 80 84 70 25
48 37 104 63 59 8 58 62 101 44 14
49 13 22 12 34 35 100000 20 10 7 11
50 70 158 195 139 20 170 181 160 174 193
51 217 476 534 8 100000 443 203 359 216 242
52 72 38 184 160 83 100000 98 35 78 121
53 85 47 4 9 174 75 189 204 118 118
54 43 60 114 52 115 125 27 9 16 62
55 97 181 291 227 126 166 134 248 94 100000
56 37 18 100000 24 5 73 100 16 8 100000
57 13 20 15 25 22 20 16 27 28 17
58 35 19 71 30 100000 32 36 31 76 7
59 217 449 100000 554 125 632 60 144 144 424
60 72 126 100000 33 63 106 76 109 20 98
61 85 85 131 9 100000 174 85 100000 85 47
62 25 10 100000 44 62 54 35 23 10 63
63 37 71 37 110 93 4 14 41 46 90
64 37 32 47 16 109 100000 64 41 107 100000
65 103 87 146 100000 100000 87 177 226 100 90
66 140 127 68 160 43 248 185 185 382 139
67 49 108 127 112 29 58 10 128 100000 81
68 35 100000 96 28 85 46 3 27 70 71
69 51 153 22 53 51 147 100000 151 100000 120
70 88 177 100000 100000 119 253 100000 227 48 100000
71 53 115 41 26 124 89 83 123 33 3
72 144 208 182 298 273 191 316 70 130 40
73 337 31 637 233 100000 718 950 506 314 395
74 107 103 151 305 148 315 52 212 167 126
75 371 79 879 568 813 23 212 201 357 924
76 97 53 56 100 140 100000 94 108 161 24
77 166 100000 100000 473 399 384 125 11 135 185
78 92 64 213 84 177 183 133 37 119 100000
79 92 260 150 18 262 97 224 125 100000 45
80 106 210 49 83 166 52 100000 179 166 248
81 49 23 33 99 26 46 90 78 99 93
82 92 122 78 144 166 194 20 249 174 56
83 371 301 868 957 713 613 357 1013 1046 546
84 87 100 22 100000 175 183 162 95 32 240
85 162 100000 100000 423 100000 190 341 442 219 171
86 96 211 162 61 245 202 76 193 233 124
87 79 53 230 131 223 39 53 95 67 150
88 96 100000 93 170 236 93 219 130 222 219
89 42 124 100000 21 101 75 87 117 100000 50
90 88 167 119 30 35 227 125 96 159 61
91 90 214 66 222 230 49 25 146 74 57
92 97 158 50 56 134 152 152 187 204 201
93 270 50 446 268 624 90 567 616 608 98
94 452 746 1166 150 1099 909 990 949 1044 218
95 48 110 100000 54 10 91 87 10 2 143
96 338 538 82 558 426 100000 943 315 892 100000
97 34 14 75 100000 100000 57 5 52 98 52
98 65 96 102 100000 100000 59 100 77 18 100000
99 50 67 100000 28 50 4 102 89 150 122
100 112 329 319 286 100000 91 162 319 319 78
101 48 51 113 100000 117 88 83 75 10 75
102 117 155 309 316 316 229 334 166 250 5
103 50 89 107 56 53 50 105 26 123 78
104 68 78 88 78 182 74 15 5 62 100000
105 232 522 100000 578 550 578 501 293 154 71
106 122 191 198 246 224 260 41 300 111 12
107 151 281 218 259 376 73 385 24 91 367
108 31 29 7 64 4 65 77 57 7 27
109 97 16 149 108 123 236 265 24 39 4
110 308 379 859 749 416 721 379 149 629 213
111 116 15 100000 171 143 140 140 119 327 338
112 312 497 908 684 412 394 169 338 100000 123
113 34 16 29 99 100000 91 21 45 100000 15
114 128 181 380 100000 66 104 281 327 28 100000
115 54 3 144 146 30 70 36 75 70 62
116 175 446 347 289 509 326 279 100000 294 80
117 55 157 3 16 100000 80 137 139 149 122
118 306 570 918 909 744 817 918 725 698 762
119 59 168 110 100000 85 57 126 61 29 100000
120 59 100000 77 128 41 135 59 168 101 49
121 66 101 50 182 131 34 86 36 129 161
122 66 141 100000 198 19 100000 23 198 192 64
123 23 20 100000 28 34 26 64 53 36 100000
124 244 535 710 257 198 279 593 250 688 111
125 54 57 90 122 135 139 30 56 136 3
126 294 212 100000 380 353 812 785 100000 100000 397
127 84 100000 167 252 79 100000 204 179 34 69
128 61 47 17 170 39 136 107 14 72 174
129 57 10 30 67 115 11 8 60 100000 115
130 38 100 97 35 100000 90 100000 74 25 100000
131 944 426 1077 2549 2351 1756 1133 100000 1020 794
132 511 507 1410 629 629 981 1119 47 736 966
133 625 395 1444 1144 1631 694 132 526 357 57
134 445 100000 1162 455 548 188 1175 321 148 148
135 68 13 149 121 143 29 80 7 188 94
136 53 61 6 45 100000 3 44 55 100000 102
137 49 144 11 128 135 14 86 100000 112 5
138 92 155 196 136 100000 67 117 40 191 78
139 236 185 157 482 100000 503 475 100000 369 340
140 116 95 100000 8 133 74 8 303 70 119
141 265 57 636 144 152 549 160 100000 708 557
142 149 100000 100000 113 304 100000 100000 50 295 100000
143 74 173 94 5 125 123 114 100 36 184
144 332 558 300 329 399 100000 817 837 100000 300
145 324 176 622 98 11 671 389 185 545 156
146 104 119 82 32 88 169 296 100000 150 17
147 51 15 54 36 68 31 139 25 15 21
148 58 23 91 98 46 100000 88 100000 150 23
149 67 175 19 181 119 107 201 147 100000 105
150 49 46 100000 17 144 100000 83 103 100000 73
151 107 135 187 295 158 30 71 209 148 116
152 38 27 96 54 69 100000 69 72 104 59
153 27 35 68 72 15 100000 100000 100000 23 44
154 68 186 100000 163 169 86 172 58 56 115
155 207 181 100000 106 547 100000 218 13 7 100000
156 202 418 406 176 576 382 176 418 437 437
157 83 100000 137 217 227 88 51 157 177 135
158 35 101 100000 84 100000 17 8 76 5 90
159 58 100000 100000 25 100000 15 34 155 81 82
160 42 20 37 75 52 60 49 2 19 46
161 68 80 94 100000 100 38 78 100000 151 111
162 68 145 92 3 50 42 76 145 159 147
163 68 100000 15 66 100 44 147 98 161 127
164 103 217 90 186 103 78 41 100000 69 272
165 103 69 207 16 38 155 100000 198 100000 173
166 103 133 210 75 247 275 257 204 155 32
167 103 103 306 53 235 177 275 303 133 29
168 103 235 81 81 183 100000 100000 229 50 10
169 68 100000 60 27 107 94 178 96 5 117
170 103 152 100000 50 241 100000 180 303 266 100000
171 68 198 100000 202 94 159 155 100000 60 36
172 103 198 100000 72 100 232 63 235 133 232
173 103 214 161 204 214 81 66 214 23 118
174 68 70 50 159 149 100 15 56 25 68
175 103 16 155 109 266 112 100000 140 210 278
176 103 50 19 149 254 152 100000 284 78 44
177 10 24 26 23 30 26 6 20 22 27
178 187 191 85 57 505 544 477 242 100000 219
179 134 109 193 37 318 350 286 270 77 137
180 89 267 161 107 100000 224 100000 97 100000 219
181 58 39 93 113 129 88 6 100000 22 27
182 49 92 100000 73 48 100000 40 48 8 92
183 134 173 310 378 258 157 358 77 222 173
184 53 20 25 138 143 12 123 74 66 52
185 334 832 1002 361 552 21 552 391 441 371
186 24 26 23 33 7 18 2 59 25 45
187 76 94 146 112 151 58 60 87 146 167
188 76 198 128 100000 149 100000 65 119 85 153
189 192 496 392 191 473 484 87 415 93 363
190 98 68 57 139 100000 235 124 22 230 215
191 258 179 403 16 100000 295 100000 148 125 287
192 165 75 327 174 357 238 100 100000 115 36
193 38 100000 19 62 38 46 86 29 2 26
194 115 290 266 46 149 304 121 228 317 221
195 83 175 100000 51 108 26 65 177 115 123
196 56 8 71 63 100000 98 123 8 41 13
197 29 35 63 72 43 3 66 47 78 57
198 303 373 573 764 228 55 864 346 282 28
199 18 34 100000 100000 23 54 39 27 49 5
200 29 24 29 100000 85 87 30 100000 100000 30
201 154 135 310 100000 47 116 79 287 98 213
202 90 92 66 179 187 200 9 57 189 176
203 93 212 123 93 251 115 229 43 235 9
204 94 136 274 229 170 116 100000 201 150 116
205 165 426 258 465 253 362 258 90 95 381
<task directions>
1 E
2 E
3 R
4 L
5 E
6 E
7 R
8 R
9 R
10 R
11 R
12 R
13 L
14 L
15 L
16 L
17 L
18 L
19 E
20 E
21 E
22 E
23 E
24 E
25 R
26 L
27 R
28 R
29 R
30 R
31 R
32 R
33 R
34 L
35 E
36 E
37 L
38 L
39 L
40 E
41 E
42 E
43 L
44 L
45 L
46 L
47 L
48 L
49 L
50 L
51 L
52 L
53 L
54 R
55 R
56 R
57 R
58 R
59 R
60 R
61 R
62 E
63 E
64 E
65 E
66 E
67 E
68 E
69 E
70 E
71 E
72 E
73 E
74 E
75 E
76 E
77 E
78 L
79 R
80 E
81 E
82 E
83 E
84 E
85 E
86 E
87 E
88 E
89 E
90 R
91 R
92 R
93 R
94 E
95 R
96 E
97 E
98 E
99 E
100 E
101 E
102 E
103 E
104 R
105 L
106 L
107 E
108 L
109 E
110 R
111 L
112 R
113 E
114 L
115 E
116 R
117 E
118 E
119 E
120 E
121 E
122 E
123 E
124 E
125 E
126 R
127 E
128 E
129 E
130 R
131 E
132 R
133 R
134 R
135 L
136 L
137 E
138 E
139 E
140 L
141 L
142 L
143 L
144 E
145 E
146 L
147 L
148 R
149 R
150 R
151 E
152 L
153 L
154 E
155 E
156 E
157 E
158 R
159 R
160 E
161 R
162 R
163 R
164 R
165 R
166 R
167 R
168 R
169 L
170 L
171 L
172 L
173 L
174 L
175 L
176 L
177 E
178 E
179 L
180 L
181 L
182 L
183 L
184 L
185 E
186 R
187 R
188 L
189 E
190 E
191 R
192 E
193 R
194 E
195 L
196 R
197 R
198 R
199 R
200 R
201 L
202 L
203 L
204 E
205 E
<precedence relations>
1,36
2,3
2,4
3,5
4,5
5,7
5,13
6,36
7,8
8,9
9,10
10,11
11,12
12,36
13,14
14,15
15,16
16,17
17,18
18,36
19,36
20,22
21,22
22,23
23,24
23,34
24,26
24,27
24,28
25,28
26,35
27,35
28,29
29,30
29,33
30,31
30,32
31,35
32,35
33,35
34,35
35,36
36,37
36,40
36,41
36,42
36,62
36,69
36,72
36,75
36,83
36,110
36,111
36,112
37,38
38,39
39,45
40,43
40,54
41,92
42,43
42,54
43,44
44,45
45,46
45,48
45,51
45,53
46,47
47,92
48,49
49,50
50,92
51,52
52,92
53,92
54,55
55,56
55,59
55,61
56,57
57,58
58,92
59,60
60,92
61,92
62,63
63,64
64,65
64,68
65,66
66,67
67,80
68,80
69,70
70,71
71,73
72,73
73,74
74,76
75,92
76,77
76,78
76,79
77,80
77,82
78,80
79,80
80,81
81,84
82,92
83,92
84,85
85,86
85,88
85,90
86,87
87,92
88,89
89,92
90,91
91,92
92,93
92,94
92,95
92,96
92,97
92,98
92,99
93,135
94,135
95,113
96,113
97,100
98,100
99,100
100,101
100,103
100,105
100,109
100,130
100,131
100,134
101,102
102,113
103,104
104,113
105,106
105,107
106,108
107,108
108,113
109,113
110,113
111,113
112,113
113,114
113,115
113,116
113,117
113,118
113,119
113,120
113,121
113,122
113,123
113,124
113,161
113,162
113,163
113,169
113,171
113,174
113,203
113,204
113,205
114,160
115,160
116,160
117,160
118,126
119,126
120,126
121,126
122,126
123,126
124,125
125,126
126,127
126,128
126,129
127,135
128,135
129,135
130,136
131,132
132,133
133,189
134,189
135,136
135,137
135,138
135,139
135,140
135,141
135,142
135,144
135,145
135,147
135,148
135,149
135,150
135,151
135,152
135,153
135,158
136,189
137,160
138,160
139,160
140,143
141,143
142,143
143,160
144,160
145,146
146,160
147,160
148,160
149,160
150,160
151,160
152,160
153,154
154,155
155,156
156,157
157,189
158,159
159,189
160,164
160,170
160,178
160,179
160,184
161,167
162,165
163,164
164,165
165,166
166,167
167,168
168,177
169,170
170,172
171,172
172,173
173,175
174,175
175,176
176,177
177,185
177,186
177,187
177,188
177,194
177,195
178,180
179,180
180,181
180,183
181,182
185,189
186,189
187,189
188,189
189,190
189,191
189,193
191,192
194,197
195,196
196,197
197,198
197,199
197,201
199,200
201,202
<end>