<number of tasks>
205
<number of mated-station>
4
<number of workers>
8
<task times>
1 692 671 105 568 29 367 181 100000
2 42 13 41 24 35 4 100000 14
3 261 232 206 217 256 6 204 100000
4 261 63 37 100000 154 251 128 126
5 157 59 17 52 87 6 100000 34
6 90 27 23 60 100000 54 70 100000
7 54 39 7 38 41 34 33 50
8 67 54 7 8 14 9 18 21
9 30 7 26 18 27 11 2 14
10 106 27 31 18 22 91 69 80
11 32 19 17 18 19 23 13 29
12 62 50 61 57 17 37 10 15
13 54 50 100000 47 100000 52 33 28
14 67 6 33 45 49 100000 25 54
15 30 22 16 3 22 4 8 24
16 106 12 51 69 28 100000 35 91
17 32 14 11 12 100000 29 22 17
18 62 100000 46 39 14 17 44 45
19 56 42 51 14 100000 10 100000 43
20 67 30 67 40 16 47 42 64
21 86 100000 39 78 80 81 74 4
22 37 100000 21 31 19 17 35 33
23 41 35 15 13 11 6 23 100000
24 72 19 34 34 58 37 37 100000
25 86 58 60 62 15 22 32 36
26 16 13 6 2 13 14 6 2
27 51 46 43 100000 31 19 100000 25
28 66 22 43 34 24 24 100000 24
29 41 3 27 27 31 40 100000 100000
30 72 59 30 41 21 2 100000 57
31 51 10 9 14 46 25 26 29
32 16 12 9 10 6 10 15 6
33 15 100000 2 7 11 10 9 13
34 15 1 1 14 2 8 12 6
35 85 60 51 30 82 100000 84 44
36 59 10 42 17 26 40 20 53
37 23 11 8 8 19 22 22 22
38 13 7 10 9 3 5 7 9
39 19 2 5 19 18 16 9 2
40 108 88 8 47 46 31 36 7
41 214 46 22 100000 116 133 163 199
42 80 21 74 19 19 80 31 23
43 37 37 31 9 100000 100000 7 6
44 84 80 33 100000 33 13 67 7
45 18 18 14 4 5 3 100000 13
46 12 10 5 9 6 5 2 100000
47 29 10 28 3 29 2 24 20
48 37 10 13 15 36 36 4 100000
49 13 4 8 8 4 10 13 12
50 70 6 7 100000 100000 20 58 22
51 217 3 193 40 10 105 40 139
52 72 10 50 100000 59 60 24 27
53 85 67 80 100000 82 14 50 100000
54 43 38 17 20 25 25 38 21
55 97 94 59 31 53 75 91 29
56 37 37 14 100000 14 10 100000 3
57 13 5 4 7 8 5 4 2
58 35 21 33 13 20 29 100000 35
59 217 18 185 122 100000 42 5 5
60 72 54 28 41 71 48 26 59
61 85 55 61 51 62 24 65 35
62 25 17 3 14 24 19 18 17
63 37 11 20 100000 3 13 32 29
64 37 32 31 2 22 35 10 16
65 103 57 64 55 44 47 17 69
66 140 79 59 98 100000 40 109 133
67 49 39 41 41 45 19 10 22
68 35 4 23 21 3 14 100000 34
69 51 13 20 37 19 26 6 17
70 88 31 8 67 24 42 13 5
71 53 46 100000 20 24 36 10 50
72 144 8 118 40 14 58 52 35
73 337 61 240 209 324 132 152 112
74 107 16 57 6 55 90 21 64
75 371 175 149 171 100000 100000 301 112
76 97 23 52 30 100000 35 75 6
77 166 13 95 135 77 98 54 37
78 92 55 47 88 65 40 81 6
79 92 58 13 51 3 100000 8 57
80 106 73 102 34 60 62 69 28
81 49 45 31 31 15 100000 45 16
82 92 90 44 45 100000 84 30 15
83 371 100000 112 286 234 260 249 5
84 87 68 48 100000 25 100000 56 15
85 162 64 44 98 99 72 51 86
86 96 26 83 30 37 100000 84 33
87 79 28 28 14 38 100000 27 17
88 96 81 31 66 66 33 72 100000
89 42 100000 5 16 28 31 10 3
90 88 8 100000 24 67 21 100000 76
91 90 24 34 47 100000 27 36 50
92 97 10 64 96 85 100000 72 94
93 270 100000 165 103 111 109 39 127
94 452 100000 100000 294 181 123 344 159
95 48 27 14 18 20 100000 47 14
96 338 129 237 325 260 105 100000 328
97 34 32 100000 4 16 21 18 100000
98 65 60 100000 16 31 25 20 50
99 50 100000 32 21 46 20 13 11
100 112 95 57 81 47 38 112 88
101 48 6 42 9 46 46 14 14
102 117 43 51 58 2 88 78 58
103 50 43 36 25 34 1 1 2
104 68 33 66 26 44 7 12 17
105 232 209 144 100000 75 135 26 100000
106 122 112 11 95 16 100000 66 105
107 151 58 127 100000 104 141 27 70
108 31 20 12 4 14 10 5 26
109 97 94 100000 31 36 73 26 36
110 308 100000 81 296 219 13 155 213
111 116 111 25 4 96 103 41 16
112 312 100000 132 100000 300 107 281 100000
113 34 19 27 25 22 10 100000 15
114 128 127 96 105 100000 125 73 105
115 54 28 100000 48 100000 47 15 26
116 175 62 158 91 31 152 91 46
117 55 19 29 10 38 4 42 100000
118 306 114 80 25 218 239 7 80
119 59 33 13 3 10 4 22 2
120 59 43 33 37 35 7 46 17
121 66 60 19 45 66 64 52 44
122 66 16 22 52 32 38 26 52
123 23 22 100000 18 15 16 11 11
124 244 137 28 140 171 242 100000 195
125 54 36 8 47 20 8 12 7
126 294 191 285 153 209 235 256 218
127 84 20 72 100000 32 43 51 7
128 61 23 20 21 48 100000 51 6
129 57 50 24 39 17 41 16 57
130 38 36 31 7 19 100000 24 6
131 944 727 916 100000 586 48 557 765
132 511 394 322 100000 118 353 394 72
133 625 82 407 319 325 338 369 107
134 445 170 59 5 170 100000 276 383
135 68 40 39 68 100000 47 100000 2
136 53 3 22 2 25 15 52 40
137 49 39 17 44 9 24 13 16
138 92 75 29 100000 48 92 63 57
139 236 154 97 215 97 6 215 27
140 116 56 24 90 100000 18 2 93
141 265 101 225 27 175 199 100000 72
142 149 96 100000 60 59 100000 62 48
143 74 22 51 10 7 5 38 72
144 332 272 233 71 140 100000 114 8
145 324 82 14 285 221 100000 79 117
146 104 75 36 39 37 100000 64 92
147 51 29 47 16 41 6 35 30
148 58 3 15 31 20 6 24 16
149 67 11 56 60 15 25 100000 31
150 49 27 2 34 21 100000 12 100000
151 107 86 73 53 19 102 51 44
152 38 18 4 28 15 31 4 36
153 27 5 26 16 7 17 6 16
154 68 50 40 100000 12 32 100000 34
155 207 141 55 145 178 180 100000 158
156 202 67 200 33 97 100000 132 100000
157 83 36 47 42 53 8 100000 3
158 35 19 17 29 21 24 3 2
159 58 27 20 100000 8 19 33 53
160 42 5 21 27 3 32 33 2
161 68 51 30 2 35 4 19 26
162 68 13 6 24 53 33 56 42
163 68 28 19 32 48 100000 58 55
164 103 100000 9 100000 6 100000 72 63
165 103 51 19 94 103 44 47 30
166 103 57 14 92 98 61 61 42
167 103 44 60 8 61 9 88 57
168 103 100000 30 92 91 98 55 41
169 68 22 30 16 6 24 11 65
170 103 24 79 103 22 65 52 12
171 68 48 53 100000 28 59 26 59
172 103 38 90 40 29 95 100 50
173 103 57 102 94 85 6 54 6
174 68 16 16 100000 11 40 67 22
175 103 55 100000 4 93 9 38 52
176 103 19 100000 75 70 32 100 12
177 10 3 6 8 100000 6 7 3
178 187 113 92 100000 157 8 62 16
179 134 56 26 32 99 99 34 29
180 89 25 5 23 56 64 41 25
181 58 42 100000 39 100000 47 30 45
182 49 6 30 22 18 21 7 48
183 134 58 10 105 26 133 100000 70
184 53 32 11 18 15 10 3 7
185 334 181 181 61 327 28 244 274
186 24 21 4 2 4 8 23 17
187 76 6 23 14 2 55 44 33
188 76 65 60 14 6 60 10 58
189 192 7 125 188 173 93 175 112
190 98 31 68 57 100000 95 79 100000
191 258 199 24 114 183 212 163 248
192 165 44 150 17 40 47 14 39
193 38 34 16 8 28 100000 27 22
194 115 48 91 100000 110 6 100000 107
195 83 22 10 12 74 78 83 53
196 56 100000 30 10 15 4 28 37
197 29 7 25 8 17 10 6 29
198 303 43 155 197 149 89 164 100000
199 18 11 16 5 100000 3 9 17
200 29 15 23 6 5 11 20 7
201 154 116 120 148 119 78 136 93
202 90 100000 41 54 81 3 2 3
203 93 47 43 78 47 78 87 8
204 94 34 74 42 53 79 100000 33
205 165 100000 96 88 65 131 131 100000
<task directions>
1 E
2 E
3 R
4 L
5 E
6 E
7 R
8 R
9 R
10 R
11 R
12 R
13 L
14 L
15 L
16 L
17 L
18 L
19 E
20 E
21 E
22 E
23 E
24 E
25 R
26 L
27 R
28 R
29 R
30 R
31 R
32 R
33 R
34 L
35 E
36 E
37 L
38 L
39 L
40 E
41 E
42 E
43 L
44 L
45 L
46 L
47 L
48 L
49 L
50 L
51 L
52 L
53 L
54 R
55 R
56 R
57 R
58 R
59 R
60 R
61 R
62 E
63 E
64 E
65 E
66 E
67 E
68 E
69 E
70 E
71 E
72 E
73 E
74 E
75 E
76 E
77 E
78 L
79 R
80 E
81 E
82 E
83 E
84 E
85 E
86 E
87 E
88 E
89 E
90 R
91 R
92 R
93 R
94 E
95 R
96 E
97 E
98 E
99 E
100 E
101 E
102 E
103 E
104 R
105 L
106 L
107 E
108 L
109 E
110 R
111 L
112 R
113 E
114 L
115 E
116 R
117 E
118 E
119 E
120 E
121 E
122 E
123 E
124 E
125 E
126 R
127 E
128 E
129 E
130 R
131 E
132 R
133 R
134 R
135 L
136 L
137 E
138 E
139 E
140 L
141 L
142 L
143 L
144 E
145 E
146 L
147 L
148 R
149 R
150 R
151 E
152 L
153 L
154 E
155 E
156 E
157 E
158 R
159 R
160 E
161 R
162 R
163 R
164 R
165 R
166 R
167 R
168 R
169 L
170 L
171 L
172 L
173 L
174 L
175 L
176 L
177 E
178 E
179 L
180 L
181 L
182 L
183 L
184 L
185 E
186 R
187 R
188 L
189 E
190 E
191 R
192 E
193 R
194 E
195 L
196 R
197 R
198 R
199 R
200 R
201 L
202 L
203 L
204 E
205 E
<precedence relations>
1,36
2,3
2,4
3,5
4,5
5,7
5,13
6,36
7,8
8,9
9,10
10,11
11,12
12,36
13,14
14,15
15,16
16,17
17,18
18,36
19,36
20,22
21,22
22,23
23,24
23,34
24,26
24,27
24,28
25,28
26,35
27,35
28,29
29,30
29,33
30,31
30,32
31,35
32,35
33,35
34,35
35,36
36,37
36,40
36,41
36,42
36,62
36,69
36,72
36,75
36,83
36,110
36,111
36,112
37,38
38,39
39,45
40,43
40,54
41,92
42,43
42,54
43,44
44,45
45,46
45,48
45,51
45,53
46,47
47,92
48,49
49,50
50,92
51,52
52,92
53,92
54,55
55,56
55,59
55,61
56,57
57,58
58,92
59,60
60,92
61,92
62,63
63,64
64,65
64,68
65,66
66,67
67,80
68,80
69,70
70,71
71,73
72,73
73,74
74,76
75,92
76,77
76,78
76,79
77,80
77,82
78,80
79,80
80,81
81,84
82,92
83,92
84,85
85,86
85,88
85,90
86,87
87,92
88,89
89,92
90,91
91,92
92,93
92,94
92,95
92,96
92,97
92,98
92,99
93,135
94,135
95,113
96,113
97,100
98,100
99,100
100,101
100,103
100,105
100,109
100,130
100,131
100,134
101,102
102,113
103,104
104,113
105,106
105,107
106,108
107,108
108,113
109,113
110,113
111,113
112,113
113,114
113,115
113,116
113,117
113,118
113,119
113,120
113,121
113,122
113,123
113,124
113,161
113,162
113,163
113,169
113,171
113,174
113,203
113,204
113,205
114,160
115,160
116,160
117,160
118,126
119,126
120,126
121,126
122,126
123,126
124,125
125,126
126,127
126,128
126,129
127,135
128,135
129,135
130,136
131,132
132,133
133,189
134,189
135,136
135,137
135,138
135,139
135,140
135,141
135,142
135,144
135,145
135,147
135,148
135,149
135,150
135,151
135,152
135,153
135,158
136,189
137,160
138,160
139,160
140,143
141,143
142,143
143,160
144,160
145,146
146,160
147,160
148,160
149,160
150,160
151,160
152,160
153,154
154,155
155,156
156,157
157,189
158,159
159,189
160,164
160,170
160,178
160,179
160,184
161,167
162,165
163,164
164,165
165,166
166,167
167,168
168,177
169,170
170,172
171,172
172,173
173,175
174,175
175,176
176,177
177,185
177,186
177,187
177,188
177,194
177,195
178,180
179,180
180,181
180,183
181,182
185,189
186,189
187,189
188,189
189,190
189,191
189,193
191,192
194,197
195,196
196,197
197,198
197,199
197,201
199,200
201,202
<end>