<number of tasks>
205
<number of mated-station>
4
<number of workers>
8
<task times>
1 692 100000 547 298 367 436 132 56
2 42 35 41 100000 35 30 3 100000
3 261 100000 152 100000 240 82 56 32
4 261 100000 100000 230 100000 84 261 58
5 157 154 116 104 87 100000 74 57
6 90 87 45 100000 75 100000 4 78
7 54 23 46 100000 10 4 52 2
8 67 100000 14 100000 7 53 52 100000
9 30 100000 7 4 13 100000 27 30
10 106 19 4 6 57 101 71 16
11 32 18 12 19 100000 15 4 2
12 62 21 49 48 4 27 36 41
13 54 2 100000 26 21 10 5 42
14 67 29 40 37 55 9 48 37
15 30 100000 5 13 28 11 12 10
16 106 49 8 58 7 8 102 60
17 32 8 100000 18 13 13 27 28
18 62 52 100000 36 25 23 42 37
19 56 21 100000 6 44 11 39 31
20 67 16 25 36 21 100000 100000 100000
21 86 60 86 32 55 62 66 45
22 37 18 32 16 100000 14 6 9
23 41 39 13 10 100000 2 33 13
24 72 49 44 51 17 32 37 2
25 86 56 100000 78 13 100000 100000 100000
26 16 8 4 10 10 1 100000 7
27 51 44 100000 5 44 51 40 12
28 66 62 58 26 10 19 40 4
29 41 12 100000 7 24 15 35 7
30 72 14 100000 33 100000 100000 54 24
31 51 49 29 100000 7 100000 100000 51
32 16 9 14 100000 12 2 6 16
33 15 3 14 7 7 2 12 3
34 15 9 2 6 7 8 100000 5
35 85 46 80 4 84 61 100000 45
36 59 7 43 100000 7 100000 17 100000
37 23 14 17 12 8 20 21 5
38 13 13 9 10 100000 1 100000 12
39 19 4 7 5 13 14 100000 100000
40 108 51 94 94 88 33 103 83
41 214 16 93 100000 97 159 208 100000
42 80 66 100000 44 37 24 36 100000
43 37 35 5 32 29 24 30 16
44 84 45 62 49 26 33 40 52
45 18 100000 8 18 6 5 13 18
46 12 3 100000 4 10 12 5 3
47 29 27 24 17 100000 20 9 20
48 37 15 27 17 5 20 3 28
49 13 1 100000 10 5 2 11 13
50 70 39 60 50 18 26 100000 100000
51 217 61 12 191 100000 100000 144 7
52 72 4 19 57 22 2 28 5
53 85 38 69 70 100000 25 4 100000
54 43 5 3 3 17 5 29 22
55 97 66 5 35 100000 96 10 55
56 37 7 3 32 9 32 9 10
57 13 9 4 100000 7 7 9 4
58 35 4 15 4 25 27 19 27
59 217 33 195 100000 100000 172 163 100000
60 72 100000 60 20 100000 100000 61 100000
61 85 55 3 9 13 14 42 100000
62 25 17 3 11 16 100000 8 3
63 37 14 24 27 2 27 100000 18
64 37 25 34 28 8 33 100000 18
65 103 85 10 35 100000 13 42 83
66 140 41 100 72 52 39 2 100000
67 49 21 39 11 100000 28 20 100000
68 35 11 3 100000 5 22 100000 6
69 51 44 23 44 30 100000 31 100000
70 88 30 81 51 77 100000 75 25
71 53 12 30 9 46 30 6 100000
72 144 100000 2 32 58 100000 54 108
73 337 182 209 102 182 156 219 100000
74 107 100000 82 100000 65 100000 100000 8
75 371 100000 182 238 242 242 275 260
76 97 76 66 100000 100000 11 20 27
77 166 47 54 39 100000 16 113 47
78 92 49 88 80 58 46 9 37
79 92 23 38 100000 16 51 13 86
80 106 65 80 18 38 57 100000 85
81 49 17 8 100000 7 32 100000 4
82 92 100000 80 28 59 62 91 74
83 371 100000 31 100000 100000 160 100000 238
84 87 26 43 4 55 73 20 36
85 162 72 57 70 100000 64 77 139
86 96 40 17 69 48 69 80 100000
87 79 51 55 27 27 74 100000 40
88 96 7 94 58 87 100000 63 45
89 42 100000 27 9 32 36 34 22
90 88 3 32 15 27 55 45 37
91 90 89 49 62 100000 78 14 100000
92 97 100000 45 95 92 93 75 94
93 270 79 138 100000 122 57 100000 6
94 452 276 100 199 177 15 416 100000
95 48 43 25 31 100000 46 10 30
96 338 100000 153 318 271 240 291 291
97 34 10 21 100000 100000 5 1 16
98 65 16 4 62 58 46 32 11
99 50 19 10 100000 4 100000 100000 100000
100 112 41 81 68 100000 62 13 100000
101 48 12 4 100000 43 39 100000 30
102 117 110 23 3 80 100000 112 28
103 50 100000 13 100000 43 18 23 100000
104 68 41 100000 4 20 15 100000 100000
105 232 50 100000 80 165 100000 183 142
106 122 100000 84 82 12 2 22 16
107 151 99 37 33 151 10 34 86
108 31 29 23 29 18 3 100000 5
109 97 56 100000 40 26 89 58 80
110 308 216 293 100000 299 7 13 100000
111 116 39 107 92 53 57 14 116
112 312 104 13 100000 7 63 116 100000
113 34 23 10 23 19 14 31 23
114 128 76 47 100000 4 100000 6 100000
115 54 17 100000 100000 8 40 27 100000
116 175 39 147 100000 165 27 158 145
117 55 4 43 39 10 52 7 100000
118 306 80 129 16 184 297 100000 44
119 59 29 14 32 47 25 24 23
120 59 50 53 32 6 23 100000 15
121 66 100000 2 63 53 63 48 38
122 66 50 100000 22 2 100000 40 100000
123 23 100000 17 100000 18 100000 9 7
124 244 161 98 67 220 76 140 174
125 54 49 100000 52 36 11 40 9
126 294 133 265 33 200 238 156 68
127 84 61 62 18 100000 9 10 100000
128 61 40 100000 100000 12 100000 100000 21
129 57 37 100000 21 20 43 19 13
130 38 100000 5 100000 27 27 8 18
131 944 831 708 699 369 737 100000 20
132 511 21 100000 100000 333 144 78 100000
133 625 88 625 388 132 207 163 45
134 445 183 100000 352 187 330 5 100000
135 68 100000 48 50 26 53 30 9
136 53 25 3 38 53 29 100000 8
137 49 36 9 17 38 46 6 41
138 92 55 100000 43 27 6 68 72
139 236 46 15 161 20 224 25 100000
140 116 44 15 11 100000 50 90 98
141 265 236 100000 220 212 80 30 100000
142 149 34 85 79 100000 29 25 100000
143 74 4 48 14 19 29 33 26
144 332 100000 21 160 67 186 213 253
145 324 127 201 100000 121 100000 100000 100000
146 104 59 100000 53 31 41 100000 100000
147 51 39 38 48 100000 32 34 21
148 58 42 58 42 40 100000 3 100000
149 67 20 6 39 19 7 18 47
150 49 100000 20 24 21 26 33 100000
151 107 107 35 90 34 103 40 75
152 38 18 100000 37 26 100000 11 37
153 27 17 12 25 22 100000 7 4
154 68 12 100000 20 25 53 41 100000
155 207 90 100000 188 34 147 139 65
156 202 17 114 99 13 108 156 100000
157 83 16 52 27 10 73 71 26
158 35 8 19 27 14 28 34 29
159 58 29 57 29 27 49 4 30
160 42 100000 29 10 19 2 26 100000
161 68 33 65 22 28 100000 53 100000
162 68 100000 23 51 65 48 19 100000
163 68 100000 65 44 36 8 100000 12
164 103 103 74 100000 100000 11 10 29
165 103 75 72 101 86 20 16 91
166 103 100000 71 76 102 47 9 100000
167 103 42 100000 100000 78 103 68 3
168 103 37 28 69 24 29 61 21
169 68 2 30 20 63 18 100000 32
170 103 50 90 79 25 100000 13 78
171 68 14 52 26 8 37 66 100000
172 103 50 46 45 76 93 42 76
173 103 15 13 100000 7 25 69 24
174 68 36 42 66 8 55 21 62
175 103 47 2 100000 12 97 48 95
176 103 41 32 100000 2 46 20 35
177 10 6 4 6 9 4 4 5
178 187 59 100000 48 100000 21 79 74
179 134 83 100000 125 115 100000 74 100000
180 89 85 46 69 100000 56 60 100000
181 58 57 100000 25 100000 11 2 100000
182 49 17 25 100000 27 40 100000 100000
183 134 21 100000 100000 45 79 61 100000
184 53 100000 46 100000 8 50 100000 50
185 334 88 201 104 277 327 171 100000
186 24 8 15 10 12 100000 4 12
187 76 15 20 42 44 100000 100000 15
188 76 6 100000 25 100000 18 62 100000
189 192 140 66 22 83 179 79 66
190 98 100000 35 93 24 45 93 6
191 258 55 201 124 19 34 219 16
192 165 100000 60 100000 47 100000 47 75
193 38 4 21 11 18 100000 24 37
194 115 59 100000 6 100000 56 100000 7
195 83 59 10 100000 14 56 100000 53
196 56 46 25 49 37 50 37 11
197 29 27 23 27 17 13 19 11
198 303 294 294 80 116 13 194 197
199 18 100000 100000 4 100000 7 15 1
200 29 12 100000 100000 4 5 7 19
201 154 142 42 13 58 100000 33 123
202 90 77 40 3 54 4 35 87
203 93 49 43 11 75 100000 40 26
204 94 15 50 83 14 74 16 100000
205 165 100000 121 100000 100000 80 116 100000
<task directions>
1 E
2 E
3 R
4 L
5 E
6 E
7 R
8 R
9 R
10 R
11 R
12 R
13 L
14 L
15 L
16 L
17 L
18 L
19 E
20 E
21 E
22 E
23 E
24 E
25 R
26 L
27 R
28 R
29 R
30 R
31 R
32 R
33 R
34 L
35 E
36 E
37 L
38 L
39 L
40 E
41 E
42 E
43 L
44 L
45 L
46 L
47 L
48 L
49 L
50 L
51 L
52 L
53 L
54 R
55 R
56 R
57 R
58 R
59 R
60 R
61 R
62 E
63 E
64 E
65 E
66 E
67 E
68 E
69 E
70 E
71 E
72 E
73 E
74 E
75 E
76 E
77 E
78 L
79 R
80 E
81 E
82 E
83 E
84 E
85 E
86 E
87 E
88 E
89 E
90 R
91 R
92 R
93 R
94 E
95 R
96 E
97 E
98 E
99 E
100 E
101 E
102 E
103 E
104 R
105 L
106 L
107 E
108 L
109 E
110 R
111 L
112 R
113 E
114 L
115 E
116 R
117 E
118 E
119 E
120 E
121 E
122 E
123 E
124 E
125 E
126 R
127 E
128 E
129 E
130 R
131 E
132 R
133 R
134 R
135 L
136 L
137 E
138 E
139 E
140 L
141 L
142 L
143 L
144 E
145 E
146 L
147 L
148 R
149 R
150 R
151 E
152 L
153 L
154 E
155 E
156 E
157 E
158 R
159 R
160 E
161 R
162 R
163 R
164 R
165 R
166 R
167 R
168 R
169 L
170 L
171 L
172 L
173 L
174 L
175 L
176 L
177 E
178 E
179 L
180 L
181 L
182 L
183 L
184 L
185 E
186 R
187 R
188 L
189 E
190 E
191 R
192 E
193 R
194 E
195 L
196 R
197 R
198 R
199 R
200 R
201 L
202 L
203 L
204 E
205 E
<precedence relations>
1,36
2,3
2,4
3,5
4,5
5,7
5,13
6,36
7,8
8,9
9,10
10,11
11,12
12,36
13,14
14,15
15,16
16,17
17,18
18,36
19,36
20,22
21,22
22,23
23,24
23,34
24,26
24,27
24,28
25,28
26,35
27,35
28,29
29,30
29,33
30,31
30,32
31,35
32,35
33,35
34,35
35,36
36,37
36,40
36,41
36,42
36,62
36,69
36,72
36,75
36,83
36,110
36,111
36,112
37,38
38,39
39,45
40,43
40,54
41,92
42,43
42,54
43,44
44,45
45,46
45,48
45,51
45,53
46,47
47,92
48,49
49,50
50,92
51,52
52,92
53,92
54,55
55,56
55,59
55,61
56,57
57,58
58,92
59,60
60,92
61,92
62,63
63,64
64,65
64,68
65,66
66,67
67,80
68,80
69,70
70,71
71,73
72,73
73,74
74,76
75,92
76,77
76,78
76,79
77,80
77,82
78,80
79,80
80,81
81,84
82,92
83,92
84,85
85,86
85,88
85,90
86,87
87,92
88,89
89,92
90,91
91,92
92,93
92,94
92,95
92,96
92,97
92,98
92,99
93,135
94,135
95,113
96,113
97,100
98,100
99,100
100,101
100,103
100,105
100,109
100,130
100,131
100,134
101,102
102,113
103,104
104,113
105,106
105,107
106,108
107,108
108,113
109,113
110,113
111,113
112,113
113,114
113,115
113,116
113,117
113,118
113,119
113,120
113,121
113,122
113,123
113,124
113,161
113,162
113,163
113,169
113,171
113,174
113,203
113,204
113,205
114,160
115,160
116,160
117,160
118,126
119,126
120,126
121,126
122,126
123,126
124,125
125,126
126,127
126,128
126,129
127,135
128,135
129,135
130,136
131,132
132,133
133,189
134,189
135,136
135,137
135,138
135,139
135,140
135,141
135,142
135,144
135,145
135,147
135,148
135,149
135,150
135,151
135,152
135,153
135,158
136,189
137,160
138,160
139,160
140,143
141,143
142,143
143,160
144,160
145,146
146,160
147,160
148,160
149,160
150,160
151,160
152,160
153,154
154,155
155,156
156,157
157,189
158,159
159,189
160,164
160,170
160,178
160,179
160,184
161,167
162,165
163,164
164,165
165,166
166,167
167,168
168,177
169,170
170,172
171,172
172,173
173,175
174,175
175,176
176,177
177,185
177,186
177,187
177,188
177,194
177,195
178,180
179,180
180,181
180,183
181,182
185,189
186,189
187,189
188,189
189,190
189,191
189,193
191,192
194,197
195,196
196,197
197,198
197,199
197,201
199,200
201,202
<end>