<number of tasks>
205
<number of mated-station>
13
<number of workers>
26
<task times>
1 692 678 568 215 561 581 616 547 436 443 492 8 194 443 485 100000 554 360 512 388 100000 100000 15 450 533 340
2 42 4 100000 37 7 31 5 100000 36 20 22 14 3 10 100000 14 40 40 36 6 35 4 15 5 28 16
3 261 32 100000 100 100000 22 100 217 100000 17 100000 79 100000 108 100000 32 100000 100000 32 69 100000 188 183 87 100000 100000
4 261 100000 100000 188 212 100000 97 196 222 17 206 100000 89 40 100000 89 204 134 40 27 113 40 11 100000 204 63
5 157 37 129 85 63 155 127 106 40 79 35 17 81 46 76 100000 100000 149 70 110 100000 51 70 100000 88 124
6 90 5 65 84 100000 76 81 25 4 85 86 56 51 45 100000 100000 63 100000 21 39 65 100000 42 17 70 28
7 54 100000 22 11 40 33 100000 33 26 44 14 44 15 6 16 12 7 52 29 100000 11 100000 6 22 3 48
8 67 29 66 100000 21 40 50 31 62 45 31 9 53 18 60 12 51 100000 10 65 13 29 60 27 35 100000
9 30 18 100000 100000 5 18 18 100000 8 100000 100000 20 100000 16 19 4 20 13 10 100000 100000 15 28 7 30 19
10 106 100000 6 93 60 46 63 6 38 40 106 100000 23 19 100 100000 97 93 92 44 106 50 75 100 99 42
11 32 12 25 21 100000 27 8 10 30 17 100000 8 17 12 28 5 7 24 2 3 20 27 27 2 4 10
12 62 6 23 10 32 32 41 49 28 52 100000 62 52 53 100000 100000 8 60 30 100000 100000 6 2 100000 41 30
13 54 47 27 100000 11 35 100000 100000 50 24 5 6 100000 5 7 13 54 20 48 100000 9 34 100000 100000 48 100000
14 67 66 66 66 8 54 100000 29 51 19 100000 66 14 54 60 21 37 18 37 50 53 100000 100000 65 4 4
15 30 7 8 16 23 17 13 21 2 18 100000 100000 21 2 12 4 14 26 29 7 7 17 8 100000 21 20
16 106 41 60 96 104 86 65 100000 65 89 9 61 28 30 100000 18 69 100000 68 81 50 100000 58 31 66 4
17 32 100000 13 6 3 2 24 3 100000 18 9 100000 30 100000 100000 100000 22 30 29 12 31 6 27 12 25 8
18 62 100000 100000 6 8 2 100000 100000 49 42 35 29 21 56 14 52 22 100000 41 35 53 39 32 53 47 100000
19 56 55 21 48 41 100000 20 13 38 100000 10 100000 49 55 52 24 9 5 21 22 9 33 30 45 25 30
20 67 66 100000 19 100000 12 27 43 31 57 18 42 47 13 49 64 47 100000 35 100000 11 51 66 100000 53 100000
21 86 55 24 100000 76 100000 60 21 11 100000 78 60 85 41 72 100000 35 100000 58 16 84 86 100000 18 49 18
22 37 19 31 9 32 100000 20 100000 18 24 29 37 28 5 100000 23 100000 26 100000 100000 23 5 7 25 29 6
23 41 6 12 17 21 9 100000 22 41 39 15 23 39 41 25 100000 15 30 8 2 24 100000 27 39 38 13
24 72 17 54 63 100000 59 100000 32 42 100000 33 5 100000 48 5 100000 22 61 71 39 32 100000 17 100000 12 100000
25 86 100000 80 64 16 30 73 5 100000 31 51 28 33 84 86 100000 63 4 11 59 19 100000 69 39 51 76
26 16 4 8 9 8 15 11 3 1 9 10 15 10 100000 100000 13 15 5 5 100000 4 100000 6 4 10 5
27 51 13 3 13 100000 38 100000 31 50 23 23 34 25 32 45 51 48 3 36 37 100000 5 47 37 25 25
28 66 50 36 35 43 100000 53 49 45 47 22 30 31 28 61 8 35 7 26 28 100000 30 100000 60 28 35
29 41 36 28 28 100000 31 19 100000 39 100000 9 22 5 3 100000 37 9 18 100000 37 11 19 33 25 100000 100000
30 72 16 53 34 14 72 100000 41 61 67 56 5 47 37 30 51 49 47 71 6 59 68 49 12 44 22
31 51 8 11 48 41 32 41 46 7 100000 38 7 100000 100000 100000 47 3 13 19 38 33 8 43 46 2 46
32 16 7 16 5 10 7 7 6 9 14 10 15 1 7 11 100000 2 7 100000 9 16 5 11 6 7 13
33 15 12 4 100000 7 7 3 14 12 11 3 3 1 10 3 7 5 2 1 10 2 12 12 2 12 13
34 15 13 12 6 4 5 7 6 8 5 100000 7 15 100000 3 6 6 5 14 8 10 8 100000 9 3 100000
35 85 51 100000 36 64 14 56 25 14 43 61 79 47 48 80 52 19 100000 64 83 46 100000 100000 27 7 21
36 59 15 2 25 32 26 29 17 35 7 12 100000 57 100000 43 33 25 100000 38 48 56 100000 41 100000 51 18
37 23 22 21 100000 14 16 15 100000 16 2 100000 21 16 4 100000 100000 22 18 100000 12 12 12 100000 7 100000 100000
38 13 100000 9 2 4 7 12 12 10 100000 6 7 4 100000 1 13 4 100000 6 5 7 7 10 11 6 7
39 19 15 100000 7 3 13 5 7 3 2 9 13 7 2 4 19 5 100000 4 8 6 5 19 18 11 100000
40 108 86 67 100000 86 80 6 21 28 3 34 30 51 17 100000 82 42 91 98 55 63 66 12 97 101 38
41 214 56 100000 5 16 129 88 46 171 144 186 95 7 44 163 67 52 161 69 3 133 44 146 199 208 100000
42 80 48 100000 76 45 100000 17 100000 100000 33 30 100000 100000 100000 100000 100000 75 67 20 9 60 15 26 100000 100000 49
43 37 24 16 100000 34 16 6 11 14 11 36 33 100000 100000 8 32 100000 13 32 21 11 33 15 2 36 36
44 84 79 9 100000 47 56 100000 12 54 100000 10 62 10 100000 100000 63 38 6 14 67 50 77 37 81 44 50
45 18 12 7 16 2 14 10 6 5 11 14 14 15 100000 8 7 100000 7 17 8 15 4 2 9 16 15
46 12 4 12 8 100000 100000 11 9 7 12 7 100000 11 4 8 100000 8 9 10 2 100000 11 7 11 100000 12
47 29 26 2 5 7 100000 11 18 100000 6 4 16 11 16 2 100000 100000 100000 23 9 19 25 26 21 10 100000
48 37 13 22 14 29 31 14 100000 23 22 18 100000 35 27 35 31 8 5 35 100000 100000 15 19 13 100000 35
49 13 9 11 2 11 6 6 12 1 3 100000 6 2 100000 100000 9 100000 100000 2 13 100000 100000 8 100000 100000 10
50 70 31 29 13 59 33 13 45 18 100000 100000 8 44 15 17 100000 33 100000 100000 7 4 45 18 62 100000 100000
51 217 139 167 133 157 31 96 137 182 103 100000 79 92 27 131 87 133 105 200 100000 100000 174 40 120 118 115
52 72 7 44 100000 44 19 2 9 41 59 32 68 100000 22 61 67 6 17 26 3 49 100000 59 67 34 30
53 85 79 50 100000 70 75 12 69 100000 52 100000 2 46 41 51 33 2 15 82 5 100000 44 56 19 31 65
54 43 8 7 100000 37 42 40 35 25 22 16 100000 6 100000 23 27 25 100000 30 100000 100000 7 18 5 27 43
55 97 5 8 90 31 100000 100000 100000 100000 53 49 19 47 21 100000 100000 13 56 55 58 60 90 24 100000 65 53
56 37 16 100000 5 100000 14 5 10 8 33 36 37 33 100000 30 23 100000 100000 20 18 100000 100000 16 20 18 20
57 13 100000 4 8 5 4 10 100000 2 1 12 10 4 9 6 100000 3 100000 4 9 6 3 7 7 11 100000
58 35 35 33 9 100000 33 100000 15 100000 100000 100000 100000 32 100000 2 20 20 100000 33 21 9 30 100000 11 100000 18
59 217 100000 64 118 51 31 68 100000 141 10 10 55 169 137 53 141 100000 100 61 172 85 176 42 44 74 141
60 72 61 100000 54 34 16 14 100000 100000 100000 26 39 51 69 53 4 100000 43 17 12 48 62 39 100000 32 31
61 85 100000 100000 44 35 75 31 100000 68 100000 100000 65 29 83 100000 100000 19 38 17 46 15 54 77 22 45 45
62 25 25 8 6 2 21 100000 21 23 100000 14 100000 100000 16 24 9 19 2 13 3 9 22 11 100000 10 9
63 37 12 23 14 100000 100000 37 31 100000 2 24 27 100000 22 28 36 2 100000 22 6 2 13 19 100000 100000 25
64 37 29 7 36 100000 31 28 35 25 29 3 100000 100000 100000 25 29 100000 36 100000 29 36 15 100000 25 32 24
65 103 40 10 79 34 85 51 100000 70 100000 10 100000 73 18 61 46 83 88 100000 19 44 76 100000 96 6 100000
66 140 100000 100000 66 2 100000 100000 25 100000 96 83 125 100 100000 93 19 75 73 96 100000 80 36 41 100000 111 57
67 49 37 7 2 21 13 26 16 21 1 45 23 39 39 36 100000 31 40 30 24 23 4 32 35 100000 48
68 35 2 34 20 24 12 100000 16 29 27 100000 18 29 21 8 3 16 100000 100000 100000 100000 100000 100000 100000 27 28
69 51 8 26 100000 100000 36 38 39 47 2 4 6 50 100000 34 21 100000 4 6 43 18 15 100000 100000 22 41
70 88 29 100000 2 51 45 27 100000 80 80 100000 100000 53 6 16 58 78 81 52 100000 67 80 58 100000 100000 100000
71 53 100000 40 27 2 45 38 31 20 9 33 15 4 37 39 34 22 100000 48 100000 33 8 4 7 35 36
72 144 8 12 100000 100000 22 14 144 58 88 141 81 120 93 73 47 123 100000 77 87 55 114 42 94 77 83
73 337 100000 226 219 61 100000 334 55 334 105 100000 179 307 307 243 334 25 51 122 263 293 115 85 100000 330 28
74 107 17 39 38 53 107 100000 46 65 43 96 14 100000 5 12 82 14 100000 100000 100000 100000 100000 100000 19 90 30
75 371 208 275 53 100000 182 179 100000 27 100000 90 345 338 27 100000 297 100000 75 100000 100000 219 275 234 293 45 100000
76 97 46 81 90 83 88 41 44 100000 100000 26 49 90 49 10 88 31 60 100000 64 52 31 85 5 100000 5
77 166 126 51 24 14 29 21 131 67 159 120 29 146 90 70 148 97 100000 44 60 100000 100000 39 100000 148 151
78 92 56 76 29 15 56 74 100000 100000 75 67 80 68 90 100000 3 71 58 56 17 36 54 28 22 57 52
79 92 49 41 71 88 100000 100000 66 36 100000 68 42 3 16 23 26 100000 100000 30 73 47 8 100000 89 100000 9
80 106 8 106 100000 49 55 100000 100000 65 101 100000 96 12 100000 50 81 26 77 100000 82 31 97 14 46 73 81
81 49 26 41 32 15 15 15 49 19 100000 26 48 8 15 35 20 100000 37 48 31 100000 44 100000 15 42 23
82 92 77 100000 25 58 8 5 25 11 56 22 25 75 19 100000 4 21 87 31 59 20 6 15 35 57 68
83 371 245 179 12 153 256 245 216 100000 134 371 175 219 193 100000 86 38 100000 186 100000 179 100000 323 12 105 68
84 87 23 53 23 55 16 28 36 51 57 31 8 81 55 25 100000 100000 75 18 37 100000 100000 34 2 66 100000
85 162 61 100000 43 100000 48 115 38 107 24 110 123 154 131 12 100000 127 59 20 36 128 40 115 100000 6 107
86 96 36 100000 90 11 62 35 85 11 85 100000 54 14 52 100000 84 15 84 16 94 50 15 20 23 69 24
87 79 100000 46 15 35 100000 3 61 12 57 16 63 48 13 17 36 13 100000 48 65 17 10 25 30 100000 69
88 96 15 100000 35 100000 100000 68 37 95 95 69 38 14 100000 68 51 30 40 76 100000 70 100000 2 100000 80 32
89 42 11 100000 100000 5 41 26 16 15 14 15 18 38 26 7 17 13 28 100000 100000 32 100000 42 4 11 26
90 88 100000 19 48 100000 13 100000 84 100000 77 100000 21 31 45 63 45 85 64 48 30 77 38 55 31 31 46
91 90 58 37 49 45 73 8 67 31 100000 73 12 37 49 86 100000 100000 100000 100000 100000 51 62 100000 12 39 48
92 97 28 21 70 25 100000 92 7 70 18 100000 65 93 52 20 100000 64 65 55 88 9 93 75 57 100000 25
93 270 39 100000 106 100000 100000 103 195 122 232 12 63 100000 214 257 17 170 205 162 100000 100000 222 192 238 181 98
94 452 276 384 24 299 19 312 100000 420 100000 353 276 438 141 452 100000 339 100000 100000 389 69 82 303 100000 100 127
95 48 32 100000 100000 32 27 34 100000 34 11 28 6 32 10 29 10 12 35 35 5 5 29 100000 41 32 100000
96 338 210 100000 146 304 308 122 105 200 100000 72 207 72 220 100000 149 95 325 156 146 166 58 149 287 153 100000
97 34 100000 100000 8 100000 29 14 18 100000 15 29 100000 18 100000 25 100000 5 5 6 100000 3 14 25 24 7 8
98 65 64 3 15 43 25 100000 2 50 9 22 58 13 6 100000 35 2 100000 30 21 64 22 38 60 25 6
99 50 7 100000 23 38 30 50 46 27 40 16 100000 29 38 9 34 26 47 9 100000 43 47 17 5 33 44
100 112 100000 85 99 100000 8 34 86 32 2 100000 64 41 2 19 29 33 79 100000 62 100000 84 41 71 38 98
101 48 6 3 100000 30 100000 29 25 36 17 100000 16 38 38 42 100000 16 37 42 17 9 3 5 3 11 29
102 117 10 100000 90 71 23 32 100 69 17 97 90 103 36 43 66 20 28 59 27 3 108 7 100000 91 71
103 50 100000 5 31 50 100000 44 4 37 50 2 37 100000 40 42 30 7 100000 16 100000 17 31 1 31 50 24
104 68 17 58 62 39 30 100000 61 2 25 62 48 42 59 18 32 37 100000 100000 58 10 43 12 22 4 53
105 232 130 100000 89 33 93 100 33 52 73 142 163 117 100000 137 100000 26 13 135 174 29 195 43 15 100000 98
106 122 77 16 84 100000 101 100000 75 100000 23 8 100000 3 62 109 34 100000 5 120 93 100000 23 65 99 41 100000
107 151 49 103 42 96 147 141 124 12 100000 100000 52 12 114 99 42 16 118 100000 150 76 48 85 36 108 34
108 31 3 6 27 22 10 4 100000 100000 2 9 21 100000 10 3 3 8 18 12 27 5 15 11 8 7 26
109 97 17 66 61 92 17 85 72 29 100000 2 35 7 5 47 26 53 16 38 37 13 60 100000 38 92 75
110 308 38 133 293 100000 194 44 100000 59 100000 308 133 19 50 204 290 287 22 100000 100000 265 271 139 256 274 127
111 116 4 88 100000 109 71 18 100000 100000 36 13 32 75 41 100000 100000 90 26 55 100000 36 103 87 52 39 103
112 312 63 13 69 219 100000 275 293 113 100000 281 100000 100000 60 35 82 144 296 13 29 91 216 132 216 107 206
113 34 100000 5 14 100000 6 2 27 29 30 28 15 2 8 23 15 100000 100000 15 16 28 18 22 17 22 15
114 128 100000 91 96 128 42 34 100000 100 34 100000 15 31 84 91 29 100000 100000 94 117 100000 100000 73 66 85 87
115 54 49 14 26 7 100000 100000 9 47 23 45 41 42 52 20 100000 100000 100000 14 15 21 29 100000 36 51 23
116 175 100000 34 100000 69 128 140 6 100000 90 121 100000 138 170 130 137 132 8 72 118 3 100000 100000 116 100000 100000
117 55 100000 100000 32 100000 31 3 39 100000 43 20 5 23 23 46 26 47 100000 5 7 22 100000 7 54 49 33
118 306 208 83 211 279 114 269 32 100000 53 100000 114 224 74 215 83 211 169 257 138 100000 157 38 38 89 157
119 59 12 100000 6 3 40 24 33 4 6 58 31 100000 6 55 31 100000 18 14 100000 59 100000 10 40 26 24
120 59 10 57 22 54 29 54 25 36 26 49 26 11 16 100000 28 29 2 36 100000 57 29 100000 53 38 28
121 66 25 16 100000 22 43 22 11 58 100000 21 32 19 4 58 34 16 18 21 39 31 28 24 34 39 100000
122 66 34 20 24 17 12 11 6 6 34 24 34 63 30 15 100000 43 11 60 37 4 21 41 52 9 43
123 23 8 10 6 3 100000 22 23 100000 22 6 100000 100000 12 19 8 100000 20 22 3 100000 10 11 10 1 100000
124 244 37 166 164 18 137 181 100000 164 100000 100000 188 91 208 67 37 96 130 100000 142 23 110 100000 100000 54 30
125 54 100000 25 30 40 100000 22 47 28 100000 100000 44 100000 100000 2 28 37 47 100000 100000 28 50 13 54 51 7
126 294 45 104 262 27 291 106 194 183 150 215 27 235 109 39 206 294 130 273 153 10 279 215 100000 4 89
127 84 33 100000 100000 36 5 100000 13 4 77 82 11 79 16 100000 47 59 100000 72 54 82 63 80 79 9 100000
128 61 25 100000 100000 54 100000 100000 48 39 33 57 50 100000 50 57 5 14 53 59 15 41 57 23 44 100000 55
129 57 49 22 8 26 38 100000 15 100000 9 2 100000 40 38 14 31 26 2 30 40 26 23 22 28 37 100000
130 38 35 14 21 31 11 18 6 19 11 29 4 35 15 12 28 27 16 100000 5 33 18 12 9 30 100000
131 944 925 100000 100000 444 878 869 425 765 10 29 350 100000 727 100000 237 303 727 237 39 142 284 218 501 133 708
132 511 333 100000 100000 144 180 100000 440 88 445 185 185 343 123 67 384 409 271 389 159 465 378 47 123 307 100000
133 625 494 531 407 100000 100000 625 294 569 500 100000 126 100000 126 550 100000 20 282 394 100000 100000 588 569 344 588 588
134 445 210 100000 272 307 100000 100000 59 121 41 5 281 99 100000 383 54 187 100000 134 85 214 276 294 99 23 85
135 68 53 16 100000 10 100000 32 59 7 35 29 34 26 10 100000 9 100000 61 16 47 10 3 100000 39 30 28
136 53 36 29 22 34 34 36 24 37 52 10 23 100000 47 6 45 22 53 10 17 2 100000 50 19 44 100000
137 49 13 20 24 100000 2 100000 100000 19 25 100000 100000 43 32 100000 19 100000 2 44 100000 18 35 100000 30 100000 49
138 92 3 67 100000 14 49 14 100000 29 100000 100000 28 100000 57 18 84 23 100000 86 100000 73 66 64 54 56 63
139 236 154 43 100000 102 93 100000 114 97 111 111 191 229 130 196 215 236 203 15 97 123 203 100000 100000 50 217
140 116 39 100000 53 100000 49 115 39 32 100000 55 100000 115 86 69 55 19 37 3 56 105 60 14 102 21 57
141 265 6 56 100000 109 22 104 100000 70 136 4 173 223 254 4 100000 38 100000 199 196 72 59 91 183 75 265
142 149 148 72 131 100000 7 139 62 149 103 100000 82 149 63 139 79 100000 37 100000 96 57 74 112 13 91 41
143 74 46 67 38 100000 35 62 100000 100000 100000 63 100000 100000 7 67 37 100000 59 24 67 37 54 72 21 100000 46
144 332 114 94 312 27 236 170 110 100000 100000 322 319 269 120 309 100000 233 213 100 279 286 219 37 243 114 21
145 324 137 256 259 75 208 100000 100000 240 100000 100000 127 150 285 211 253 100000 4 321 100000 95 256 146 175 100000 133
146 104 50 38 44 23 100000 67 98 24 15 100000 100000 77 6 31 100000 61 53 100000 100000 69 100000 77 103 101 7
147 51 100000 45 26 100000 42 100000 100000 27 13 44 100000 100000 100000 100000 14 14 4 24 44 26 29 44 100000 4 4
148 58 100000 8 41 8 53 56 100000 33 53 100000 13 100000 100000 53 100000 22 33 14 37 100000 51 56 56 9 100000
149 67 19 100000 51 49 35 4 2 100000 7 25 100000 24 66 10 45 100000 59 34 100000 6 48 16 35 44 32
150 49 35 38 35 16 100000 24 21 36 20 29 24 100000 42 100000 33 100000 100000 100000 14 100000 27 100000 37 20 15
151 107 77 99 59 75 53 12 51 12 23 100000 19 35 100000 95 38 20 47 81 100000 100000 64 82 102 7 15
152 38 35 22 100000 16 29 100000 13 4 100000 29 35 8 33 22 14 34 38 8 15 100000 19 31 100000 100000 25
153 27 21 100000 7 11 26 8 21 100000 100000 13 16 10 2 3 100000 11 11 100000 13 23 12 13 100000 21 26
154 68 43 100000 100000 2 4 12 46 27 19 24 50 100000 41 55 37 43 45 6 100000 7 53 56 41 5 57
155 207 131 100000 147 166 100000 149 172 94 30 102 205 178 100000 3 133 55 127 100000 123 69 201 63 174 118 131
156 202 166 158 5 49 45 100000 93 63 124 126 77 118 114 134 126 59 11 100000 160 174 100000 152 196 100000 55
157 83 5 67 81 100000 79 25 21 53 61 100000 64 100000 48 100000 50 30 5 44 72 54 41 52 9 72 57
158 35 9 11 20 31 6 27 10 100000 6 30 12 34 8 27 100000 30 21 16 25 8 12 7 13 29 16
159 58 57 27 58 19 41 100000 17 19 33 55 39 15 38 50 7 39 36 3 43 40 23 55 42 9 32
160 42 31 15 15 34 100000 9 5 35 12 9 12 23 12 6 16 22 35 11 5 14 24 100000 39 15 13
161 68 18 100000 65 100000 2 2 28 59 13 100000 26 10 51 59 23 100000 100000 63 52 27 14 59 100000 36 100000
162 68 13 63 26 14 8 17 100000 39 14 100000 39 100000 100000 100000 100000 100000 35 62 100000 58 62 100000 100000 65 38
163 68 100000 3 51 64 100000 60 100000 37 100000 18 12 100000 33 100000 4 66 100000 100000 53 100000 16 30 46 12 100000
164 103 52 19 53 16 100000 25 14 5 100000 86 72 63 45 3 15 100000 37 81 100000 35 57 64 44 67 49
165 103 43 100000 20 25 82 82 38 99 2 79 20 19 100000 64 100000 103 100000 63 78 5 59 47 92 88 59
166 103 40 97 99 100000 18 80 50 100000 45 54 100000 53 70 22 103 100000 44 57 100000 66 100000 84 97 58 100000
167 103 58 10 13 36 88 14 17 15 45 94 100000 100000 5 16 72 18 100000 73 32 50 7 38 48 27 99
168 103 71 3 32 74 89 103 100000 66 24 10 58 100000 96 24 51 29 100000 72 11 9 80 8 100000 100000 6
169 68 48 26 100000 15 9 65 50 39 53 55 45 35 14 12 20 100000 22 7 3 100000 8 60 65 100000 56
170 103 51 100000 70 78 5 7 11 8 30 100000 100000 57 10 29 100000 36 5 89 44 97 69 73 85 100000 72
171 68 42 58 100000 28 100000 34 44 100000 100000 45 100000 28 35 100000 100000 51 2 35 61 61 26 66 11 47 52
172 103 100000 100 90 40 91 68 17 5 100000 100000 15 85 94 100000 86 36 81 12 91 47 74 65 49 54 34
173 103 100000 54 36 53 100000 100000 83 100000 68 100000 70 76 48 52 39 57 100000 12 56 22 99 65 64 92 7
174 68 100000 2 51 100000 7 39 54 22 34 14 57 100000 68 18 33 100000 22 28 4 18 16 4 3 47 60
175 103 100000 51 6 79 23 90 28 100000 22 29 37 94 20 5 28 78 53 63 13 9 33 37 43 30 61
176 103 62 83 83 10 39 100000 100000 3 28 45 25 34 83 3 46 21 86 87 30 2 19 61 99 100000 48
177 10 3 100000 1 100000 2 8 3 100000 2 10 4 4 2 6 2 6 7 3 9 5 8 9 6 2 100000
178 187 131 183 100000 7 96 155 152 100000 3 68 72 16 165 100 176 100000 127 159 100000 100000 83 100000 185 144 3
179 134 86 94 10 100000 98 122 95 119 100000 82 114 66 6 69 87 33 25 78 49 58 28 41 100000 97 32
180 89 12 100000 46 86 32 61 34 31 100000 100000 83 100000 66 12 27 21 22 47 14 18 12 55 33 69 71
181 58 19 34 44 100000 51 26 24 17 100000 100000 58 100000 24 24 100000 57 100000 100000 100000 16 44 46 20 54 42
182 49 29 100000 33 19 8 100000 22 49 31 38 38 100000 100000 8 100000 100000 47 100000 19 100000 27 7 26 10 17
183 134 106 97 130 103 37 134 54 73 24 68 114 41 13 46 97 41 98 46 16 48 100000 100000 109 68 101
184 53 40 41 100000 38 6 28 38 7 3 51 45 45 7 37 9 100000 37 35 39 21 100000 44 48 100000 36
185 334 54 214 100000 100000 31 284 191 100000 214 114 321 100000 144 124 291 247 100000 8 64 304 217 51 148 181 100000
186 24 100000 10 10 4 6 1 100000 21 7 14 100000 24 13 18 15 100000 23 21 5 5 100000 3 19 11 18
187 76 68 100000 43 6 14 69 26 47 48 21 18 9 26 15 30 31 15 43 19 45 3 68 21 4 100000
188 76 100000 32 100000 45 7 13 2 57 47 100000 15 10 34 100000 69 30 15 60 75 48 66 100000 36 68 26
189 192 139 51 28 100000 7 5 133 64 171 45 91 79 100000 3 135 110 95 148 85 114 184 186 100000 144 133
190 98 86 100000 93 98 88 17 47 95 50 54 21 72 57 97 79 71 5 4 82 77 89 31 32 97 27
191 258 191 68 14 243 127 100000 88 196 114 65 96 209 207 29 27 63 227 155 147 100000 165 81 232 243 100000
192 165 100000 144 147 100000 124 101 17 76 19 98 145 147 75 81 8 116 100000 80 99 78 160 100000 94 31 99
193 38 100000 34 28 100000 5 14 7 6 33 35 28 13 100000 7 100000 11 25 37 100000 12 21 36 20 28 34
194 115 49 100000 69 85 115 100000 57 16 4 80 55 80 20 39 100000 108 10 60 100000 100000 107 100000 6 100000 91
195 83 17 100000 42 100000 78 44 76 15 40 100000 44 100000 100000 9 47 69 100000 100000 10 56 17 100000 53 100000 48
196 56 44 5 100000 29 44 22 11 55 4 16 24 8 33 39 32 42 11 38 21 55 100000 100000 5 13 53
197 29 27 21 100000 100000 3 9 19 100000 25 100000 100000 14 9 10 5 11 10 15 100000 18 27 24 100000 100000 20
198 303 100000 167 164 258 52 122 164 7 270 288 167 100000 303 246 100000 83 131 22 110 155 100000 194 209 234 100000
199 18 100000 12 15 100000 15 6 5 100000 11 13 15 17 5 100000 3 12 7 9 10 7 18 5 16 18 13
200 29 15 11 21 100000 25 6 27 12 15 23 1 12 100000 100000 16 2 14 100000 100000 100000 28 13 13 100000 6
201 154 96 140 91 65 51 48 97 137 100000 104 100000 136 64 114 123 44 102 76 148 79 61 90 58 51 134
202 90 30 82 29 65 100000 52 45 12 59 8 54 41 2 44 35 15 100000 70 46 100000 25 100000 88 17 30
203 93 91 12 36 29 58 8 100000 100000 92 100000 30 10 2 68 16 18 70 53 87 40 66 100000 23 25 50
204 94 14 57 64 100000 61 4 83 36 27 7 15 30 11 69 4 25 100000 11 66 100000 37 100000 46 100000 56
205 165 57 100000 132 117 117 27 135 100000 100000 17 81 93 162 80 55 100000 73 162 100000 149 113 142 152 88 17
<task directions>
1 E
2 E
3 R
4 L
5 E
6 E
7 R
8 R
9 R
10 R
11 R
12 R
13 L
14 L
15 L
16 L
17 L
18 L
19 E
20 E
21 E
22 E
23 E
24 E
25 R
26 L
27 R
28 R
29 R
30 R
31 R
32 R
33 R
34 L
35 E
36 E
37 L
38 L
39 L
40 E
41 E
42 E
43 L
44 L
45 L
46 L
47 L
48 L
49 L
50 L
51 L
52 L
53 L
54 R
55 R
56 R
57 R
58 R
59 R
60 R
61 R
62 E
63 E
64 E
65 E
66 E
67 E
68 E
69 E
70 E
71 E
72 E
73 E
74 E
75 E
76 E
77 E
78 L
79 R
80 E
81 E
82 E
83 E
84 E
85 E
86 E
87 E
88 E
89 E
90 R
91 R
92 R
93 R
94 E
95 R
96 E
97 E
98 E
99 E
100 E
101 E
102 E
103 E
104 R
105 L
106 L
107 E
108 L
109 E
110 R
111 L
112 R
113 E
114 L
115 E
116 R
117 E
118 E
119 E
120 E
121 E
122 E
123 E
124 E
125 E
126 R
127 E
128 E
129 E
130 R
131 E
132 R
133 R
134 R
135 L
136 L
137 E
138 E
139 E
140 L
141 L
142 L
143 L
144 E
145 E
146 L
147 L
148 R
149 R
150 R
151 E
152 L
153 L
154 E
155 E
156 E
157 E
158 R
159 R
160 E
161 R
162 R
163 R
164 R
165 R
166 R
167 R
168 R
169 L
170 L
171 L
172 L
173 L
174 L
175 L
176 L
177 E
178 E
179 L
180 L
181 L
182 L
183 L
184 L
185 E
186 R
187 R
188 L
189 E
190 E
191 R
192 E
193 R
194 E
195 L
196 R
197 R
198 R
199 R
200 R
201 L
202 L
203 L
204 E
205 E
<precedence relations>
1,36
2,3
2,4
3,5
4,5
5,7
5,13
6,36
7,8
8,9
9,10
10,11
11,12
12,36
13,14
14,15
15,16
16,17
17,18
18,36
19,36
20,22
21,22
22,23
23,24
23,34
24,26
24,27
24,28
25,28
26,35
27,35
28,29
29,30
29,33
30,31
30,32
31,35
32,35
33,35
34,35
35,36
36,37
36,40
36,41
36,42
36,62
36,69
36,72
36,75
36,83
36,110
36,111
36,112
37,38
38,39
39,45
40,43
40,54
41,92
42,43
42,54
43,44
44,45
45,46
45,48
45,51
45,53
46,47
47,92
48,49
49,50
50,92
51,52
52,92
53,92
54,55
55,56
55,59
55,61
56,57
57,58
58,92
59,60
60,92
61,92
62,63
63,64
64,65
64,68
65,66
66,67
67,80
68,80
69,70
70,71
71,73
72,73
73,74
74,76
75,92
76,77
76,78
76,79
77,80
77,82
78,80
79,80
80,81
81,84
82,92
83,92
84,85
85,86
85,88
85,90
86,87
87,92
88,89
89,92
90,91
91,92
92,93
92,94
92,95
92,96
92,97
92,98
92,99
93,135
94,135
95,113
96,113
97,100
98,100
99,100
100,101
100,103
100,105
100,109
100,130
100,131
100,134
101,102
102,113
103,104
104,113
105,106
105,107
106,108
107,108
108,113
109,113
110,113
111,113
112,113
113,114
113,115
113,116
113,117
113,118
113,119
113,120
113,121
113,122
113,123
113,124
113,161
113,162
113,163
113,169
113,171
113,174
113,203
113,204
113,205
114,160
115,160
116,160
117,160
118,126
119,126
120,126
121,126
122,126
123,126
124,125
125,126
126,127
126,128
126,129
127,135
128,135
129,135
130,136
131,132
132,133
133,189
134,189
135,136
135,137
135,138
135,139
135,140
135,141
135,142
135,144
135,145
135,147
135,148
135,149
135,150
135,151
135,152
135,153
135,158
136,189
137,160
138,160
139,160
140,143
141,143
142,143
143,160
144,160
145,146
146,160
147,160
148,160
149,160
150,160
151,160
152,160
153,154
154,155
155,156
156,157
157,189
158,159
159,189
160,164
160,170
160,178
160,179
160,184
161,167
162,165
163,164
164,165
165,166
166,167
167,168
168,177
169,170
170,172
171,172
172,173
173,175
174,175
175,176
176,177
177,185
177,186
177,187
177,188
177,194
177,195
178,180
179,180
180,181
180,183
181,182
185,189
186,189
187,189
188,189
189,190
189,191
189,193
191,192
194,197
195,196
196,197
197,198
197,199
197,201
199,200
201,202
<end>