<number of tasks>
205
<number of mated-station>
9
<number of workers>
18
<task times>
1 692 409 519 485 443 284 98 588 595 340 485 443 575 637 623 146 29 100000
2 42 37 17 31 100000 26 10 15 33 2 15 38 28 17 10 22 20 21
3 261 154 89 35 32 232 258 100000 149 217 139 175 126 9 165 100000 253 175
4 261 71 157 196 126 100000 100000 95 256 110 102 191 217 160 162 37 58 115
5 157 28 100000 43 81 140 85 112 73 155 59 124 65 84 123 100000 121 85
6 90 13 100000 58 74 20 55 78 100000 30 78 20 11 32 2 8 40 51
7 54 47 11 23 23 33 48 4 100000 25 9 8 20 39 2 35 44 25
8 67 100000 40 16 100000 49 2 61 12 34 8 19 100000 17 45 8 31 40
9 30 23 18 4 22 8 4 5 2 23 9 29 9 6 17 13 19 24
10 106 69 14 33 23 100000 81 100000 96 93 94 76 19 64 84 46 100000 65
11 32 32 3 13 14 16 11 20 5 8 5 100000 26 10 16 100000 25 30
12 62 28 23 11 5 19 16 57 62 40 2 23 22 31 31 61 61 11
13 54 42 50 49 18 22 100000 7 46 38 100000 24 100000 21 4 100000 37 44
14 67 51 56 100000 31 33 64 39 43 19 100000 58 100000 14 60 18 10 40
15 30 24 25 9 5 27 100000 3 15 27 18 26 13 28 15 27 6 6
16 106 61 17 92 68 12 88 85 33 99 7 83 39 42 83 88 93 7
17 32 18 10 23 21 5 13 100000 23 27 16 20 19 100000 29 16 6 100000
18 62 16 13 48 46 14 100000 100000 41 35 22 60 17 51 22 33 12 56
19 56 40 20 34 38 48 19 48 31 13 22 24 18 20 21 14 100000 38
20 67 100000 35 58 14 2 14 100000 56 19 23 67 48 61 16 25 56 47
21 86 60 81 74 34 6 100000 49 24 43 66 79 34 76 5 18 54 39
22 37 22 18 31 12 4 2 26 22 2 14 3 19 29 3 29 36 8
23 41 5 13 33 29 12 13 7 19 2 33 100000 35 38 33 100000 23 39
24 72 47 41 14 39 53 60 56 100000 19 14 20 28 68 12 52 100000 40
25 86 66 32 17 43 100000 100000 59 47 71 26 46 77 44 32 30 27 79
26 16 2 7 3 100000 12 13 100000 6 5 3 13 12 2 16 16 3 16
27 51 21 35 100000 14 100000 36 45 100000 19 35 31 26 46 48 30 50 44
28 66 100000 60 35 48 6 12 43 65 45 100000 6 51 19 28 100000 20 11
29 41 27 8 3 3 24 21 16 13 6 31 15 36 31 9 34 100000 8
30 72 3 42 46 44 47 100000 51 2 9 10 31 23 52 59 71 35 8
31 51 44 10 40 28 14 9 20 48 100000 18 2 17 32 8 11 36 23
32 16 2 7 100000 14 1 8 13 8 2 13 2 11 3 6 100000 14 6
33 15 7 6 11 14 13 11 11 1 7 13 13 2 7 100000 9 7 5
34 15 6 14 9 12 9 100000 4 100000 7 8 7 14 12 12 14 14 3
35 85 78 54 21 25 51 77 9 76 26 100000 66 9 100000 21 72 46 32
36 59 16 27 39 14 38 6 19 31 23 27 36 18 38 46 40 32 41
37 23 10 21 3 13 16 16 21 19 13 21 15 13 10 12 19 8 18
38 13 2 12 7 7 1 3 100000 8 13 2 12 5 5 10 4 9 2
39 19 18 2 14 18 15 1 2 10 8 7 2 6 16 100000 2 15 17
40 108 13 100000 103 73 50 94 83 82 53 83 83 32 93 100000 78 37 29
41 214 208 193 116 129 208 148 65 205 210 88 65 122 33 199 73 80 108
42 80 100000 6 48 52 38 40 71 6 44 53 13 18 19 26 28 30 100000
43 37 19 22 100000 18 18 30 24 100000 27 9 21 24 26 100000 22 7 15
44 84 67 79 65 82 41 33 82 79 73 7 60 100000 76 78 46 23 52
45 18 18 7 4 6 100000 3 8 13 4 4 5 14 100000 13 12 13 15
46 12 11 6 7 3 9 2 100000 3 3 6 100000 8 11 2 8 5 11
47 29 23 25 23 7 7 25 11 8 100000 18 8 5 19 8 18 4 17
48 37 11 20 12 28 100000 5 13 26 34 33 8 31 8 32 100000 34 16
49 13 11 2 10 6 13 12 6 8 10 8 100000 1 5 6 4 4 1
50 70 52 18 43 17 70 31 23 24 46 8 64 39 100000 4 29 27 10
51 217 100000 208 100 20 100000 70 141 10 64 100000 206 100000 118 12 53 105 148
52 72 55 9 72 100000 32 45 18 25 24 45 70 7 20 55 46 11 50
53 85 6 4 9 67 37 9 22 30 100000 82 82 77 70 76 9 100000 2
54 43 6 26 4 38 100000 29 28 7 28 6 30 13 3 11 100000 12 3
55 97 27 27 21 82 25 45 76 37 19 100000 39 71 2 85 73 79 8
56 37 36 23 28 22 18 25 3 6 15 8 25 22 33 34 11 30 21
57 13 13 1 12 4 5 3 6 9 100000 100000 5 2 5 4 5 11 10
58 35 15 30 22 20 24 11 6 25 17 8 1 21 33 9 22 5 34
59 217 16 94 107 96 167 178 215 55 7 150 55 113 169 29 167 74 131
60 72 70 46 14 54 14 66 100000 56 56 59 58 14 56 15 35 12 29
61 85 36 16 82 22 4 2 23 67 24 59 84 100000 34 76 64 100000 7
62 25 6 9 10 4 10 18 4 3 14 8 25 7 100000 19 16 7 100000
63 37 25 19 13 33 25 36 18 27 16 31 13 22 8 4 6 1 23
64 37 23 26 19 31 5 20 25 15 100000 14 10 20 11 19 2 11 25
65 103 37 100000 93 100000 73 93 5 72 64 100000 8 63 100000 92 51 52 70
66 140 132 80 71 100000 12 137 100000 45 100 30 77 22 25 41 25 100000 86
67 49 23 3 6 1 25 12 12 43 3 22 39 29 42 5 24 9 14
68 35 6 29 4 21 11 10 19 26 3 10 4 10 20 24 13 35 27
69 51 19 35 4 24 50 26 32 100000 100000 4 23 38 45 50 42 44 32
70 88 46 24 42 40 23 21 100000 100000 72 62 56 100000 52 3 71 100000 58
71 53 3 3 100000 38 100000 100000 30 7 52 47 26 6 8 25 49 16 45
72 144 27 68 61 100000 100000 93 65 100000 98 78 127 34 105 100 108 70 57
73 337 68 85 25 28 125 317 21 100000 297 78 280 75 250 58 75 313 256
74 107 104 107 79 53 77 100000 77 103 81 30 6 53 72 100000 100000 22 66
75 371 356 164 160 308 341 71 267 367 100000 123 90 138 238 182 156 160 57
76 97 41 83 78 100000 33 4 15 64 82 77 58 41 24 60 35 48 24
77 166 108 62 93 18 143 100000 74 118 110 36 138 92 49 118 29 100000 100000
78 92 87 6 36 46 2 41 66 100000 28 45 17 5 26 80 29 49 51
79 92 42 16 36 79 72 21 100000 82 51 71 58 71 36 71 100000 66 54
80 106 52 63 24 83 100000 86 97 72 91 44 96 13 33 73 5 12 100000
81 49 1 46 20 5 23 15 33 34 42 38 35 39 10 38 9 6 4
82 92 15 16 100000 10 81 71 38 69 62 39 80 54 31 89 13 12 8
83 371 219 16 49 142 8 316 100000 312 256 138 297 8 234 149 68 316 100000
84 87 100000 15 16 72 68 24 66 64 83 40 76 15 21 4 38 70 51
85 162 100000 106 27 100000 160 15 72 83 64 4 144 49 12 93 77 93 99
86 96 39 34 79 62 68 71 81 100000 85 38 91 62 61 100000 13 59 85
87 79 22 9 78 13 56 47 49 2 11 77 100000 47 21 60 56 67 65
88 96 100000 62 52 40 57 16 91 100000 47 49 58 76 38 87 42 41 96
89 42 22 100000 13 100000 100000 11 11 6 7 39 100000 18 28 40 28 4 19
90 88 58 33 100000 71 35 11 85 25 100000 100000 53 2 37 61 100000 39 67
91 90 28 62 36 83 100000 82 77 100000 46 46 30 28 28 60 8 4 84
92 97 92 70 73 100000 90 18 23 17 33 26 61 92 6 85 35 25 42
93 270 82 197 222 90 74 122 103 49 100000 52 192 154 216 100000 270 87 12
94 452 60 420 326 91 24 100000 326 407 195 69 240 254 294 100000 181 100000 258
95 48 30 32 4 24 19 38 40 6 26 100000 20 42 33 33 100000 31 1
96 338 311 14 190 8 183 287 217 267 284 314 277 52 264 79 254 196 100000
97 34 9 2 100000 10 4 5 9 23 18 16 16 16 100000 14 16 100000 19
98 65 24 44 62 43 35 36 9 33 48 39 46 36 53 23 65 3 33
99 50 3 14 47 40 29 100000 25 26 100000 8 29 30 28 5 26 14 11
100 112 8 34 98 73 100000 96 31 102 37 38 82 21 100000 85 37 93 17
101 48 13 22 4 30 32 100000 11 9 20 11 10 2 33 37 4 33 3
102 117 56 32 53 80 100000 11 110 85 52 49 58 75 62 21 81 100000 4
103 50 100000 32 6 25 29 6 3 29 3 40 43 4 48 100000 21 34 28
104 68 46 5 100000 100000 20 44 13 58 100000 45 16 63 15 58 4 30 39
105 232 193 123 230 93 19 100000 165 188 33 153 153 160 100 100000 15 19 225
106 122 17 112 2 84 12 29 100000 35 16 100000 41 100000 89 29 7 13 77
107 151 86 144 88 91 3 48 64 15 108 100 82 51 108 22 78 96 67
108 31 100000 12 25 15 20 19 31 12 6 100000 20 30 27 13 19 30 15
109 97 31 90 36 77 35 82 76 34 32 100000 50 54 53 55 15 82 15
110 308 244 93 265 121 100000 41 44 100000 194 167 26 222 100000 228 50 222 225
111 116 69 71 114 100000 107 57 24 100000 11 77 64 71 100000 38 79 115 34
112 312 163 250 144 250 26 169 100000 41 234 178 100000 197 175 237 253 122 300
113 34 5 32 17 20 5 18 12 16 100000 16 2 29 19 30 18 100000 32
114 128 81 63 59 43 100000 100000 7 120 57 100000 30 108 117 58 100000 100000 7
115 54 20 4 32 15 45 51 51 5 27 100000 34 15 37 15 53 39 24
116 175 31 25 76 166 72 36 48 154 168 100000 41 8 69 51 3 147 125
117 55 34 4 43 12 13 50 53 36 51 30 44 28 25 17 100000 33 55
118 306 260 132 190 169 181 251 80 74 251 245 65 135 22 221 157 100000 221
119 59 13 54 33 42 46 56 25 100000 31 43 10 22 20 8 51 46 24
120 59 33 55 2 8 51 32 19 27 50 18 26 6 30 8 49 21 43
121 66 37 33 58 30 59 36 22 15 6 34 43 56 33 100000 52 62 46
122 66 41 53 100000 33 2 52 17 47 21 51 9 60 100000 13 66 50 35
123 23 13 15 21 8 13 8 1 15 22 12 100000 3 13 20 5 5 3
124 244 69 200 47 100000 57 232 115 208 20 100000 11 123 100000 88 110 169 166
125 54 48 100000 40 3 45 27 12 15 53 39 44 42 32 6 22 31 100000
126 294 24 136 33 71 121 109 288 180 100000 265 206 168 291 148 224 109 77
127 84 32 28 100000 18 64 52 44 100000 100000 26 11 5 100000 15 70 44 76
128 61 17 42 2 56 58 41 41 53 38 36 9 100000 37 18 23 100000 53
129 57 46 32 2 39 16 11 55 48 54 39 48 13 17 28 17 9 100000
130 38 5 29 26 28 14 34 20 29 37 9 37 8 12 29 7 4 28
131 944 67 755 463 633 100000 378 378 859 227 67 293 284 100000 812 821 529 416
132 511 271 159 302 108 225 100000 154 113 282 358 404 496 32 317 93 312 276
133 625 182 363 176 425 107 319 63 556 594 382 625 288 100000 76 319 100000 100000
134 445 272 100000 72 130 152 68 100000 161 396 423 396 63 347 205 214 23 100000
135 68 67 64 67 65 6 18 49 45 38 27 28 47 62 66 17 44 28
136 53 39 48 24 10 51 100000 45 30 17 100000 38 19 38 38 48 100000 20
137 49 100000 45 34 27 22 44 29 100000 43 34 23 9 100000 6 45 24 11
138 92 67 84 43 5 11 84 15 8 82 83 55 100000 90 4 100000 33 31
139 236 215 53 8 154 46 29 83 161 102 79 121 126 128 144 149 100000 76
140 116 86 50 27 75 108 82 22 100000 32 65 50 34 83 92 101 100000 93
141 265 133 100000 247 122 4 262 100000 64 223 130 194 122 100000 157 141 35 178
142 149 37 119 31 148 118 106 100000 5 94 11 136 100000 13 54 100 113 34
143 74 61 51 17 30 35 73 100000 72 100000 66 67 32 51 19 100000 35 70
144 332 104 233 94 123 256 176 223 80 203 223 239 123 196 279 107 289 302
145 324 137 314 246 101 234 100000 198 100000 243 253 230 217 166 301 49 311 75
146 104 77 102 56 76 102 26 8 65 36 3 31 95 63 32 6 24 94
147 51 32 11 16 100000 15 11 43 36 17 14 47 22 39 100000 13 44 20
148 58 41 6 54 32 54 57 36 52 100000 100000 35 58 36 2 100000 51 27
149 67 25 29 17 12 100000 16 66 32 21 100000 10 50 2 33 7 64 45
150 49 9 8 23 43 8 44 43 100000 24 9 11 26 23 39 30 43 2
151 107 103 5 17 105 49 81 105 101 100000 26 68 102 54 53 54 15 22
152 38 20 100000 22 32 100000 19 21 33 21 33 8 13 100000 100000 38 22 35
153 27 6 12 21 100000 5 24 24 12 12 2 21 20 100000 24 100000 100000 4
154 68 4 41 40 55 26 9 18 53 2 51 67 45 10 59 59 24 13
155 207 174 63 151 100000 207 149 48 90 162 178 137 13 100000 110 191 61 182
156 202 83 81 146 100000 77 108 180 118 35 192 102 31 116 126 29 184 83
157 83 48 100000 26 17 70 72 29 53 65 40 20 3 53 81 13 8 100000
158 35 22 29 2 18 11 100000 6 4 17 20 22 12 33 12 27 18 30
159 58 51 40 20 46 29 49 10 24 50 52 30 10 13 33 36 19 57
160 42 35 41 15 100000 24 41 18 8 8 25 9 100000 100000 9 9 37 22
161 68 36 100000 52 61 64 60 48 11 41 6 57 16 60 100000 25 30 9
162 68 32 26 57 65 100000 49 32 4 43 18 30 42 16 54 54 58 100000
163 68 57 4 57 7 20 47 14 49 100000 41 100000 24 57 11 54 25 4
164 103 2 74 88 101 40 9 65 24 65 30 100000 21 43 84 91 11 8
165 103 42 82 56 18 100000 94 14 93 14 67 60 29 62 92 100000 100000 8
166 103 102 62 73 93 29 70 95 97 87 58 38 60 42 46 65 84 74
167 103 24 65 51 42 32 31 14 43 86 86 100 97 76 100000 56 100000 8
168 103 103 87 38 22 98 93 101 100000 97 100000 27 38 65 33 44 72 100000
169 68 62 55 56 41 2 39 35 64 65 32 32 100000 12 21 20 60 41
170 103 81 7 11 83 31 25 65 44 99 39 24 56 14 96 100000 47 38
171 68 24 18 41 24 30 22 54 32 16 52 7 15 60 37 44 15 14
172 103 19 51 68 74 22 52 84 59 100000 25 78 19 76 91 100000 102 93
173 103 3 66 101 100000 98 35 28 88 74 9 100000 96 7 45 94 72 55
174 68 14 100000 17 67 60 68 8 63 61 8 6 23 20 45 43 68 20
175 103 83 56 39 3 37 10 94 3 100000 35 24 10 28 44 37 2 84
176 103 21 64 100000 89 89 11 43 61 17 54 80 90 45 93 10 22 9
177 10 100000 7 7 10 5 9 4 7 6 5 100000 9 4 3 5 9 7
178 187 33 150 144 68 100000 5 159 3 57 120 64 5 100000 142 170 100000 51
179 134 97 40 14 65 32 87 100000 70 6 82 89 133 77 100000 45 130 122
180 89 71 12 73 89 19 24 64 66 56 26 84 46 23 67 54 81 24
181 58 24 48 100000 23 20 27 54 24 9 20 38 12 42 40 55 22 32
182 49 17 4 17 15 13 9 36 5 5 38 20 4 33 48 34 21 18
183 134 4 78 57 129 66 37 109 26 81 6 100000 83 65 28 62 79 9
184 53 29 100000 2 100000 51 44 100000 48 15 19 49 28 41 24 42 35 13
185 334 281 124 221 100000 177 100000 64 134 234 148 191 158 144 98 191 100000 291
186 24 100000 20 100000 5 16 19 4 10 1 5 4 14 23 20 22 18 23
187 76 100000 72 62 60 69 11 18 100000 100000 3 24 16 36 50 46 65 100000
188 76 55 51 51 56 14 55 24 41 66 34 4 35 30 100000 68 50 36
189 192 68 123 116 125 188 62 108 83 154 12 26 47 100000 97 156 43 95
190 98 51 58 78 56 100000 63 59 76 86 72 87 67 100000 21 27 70 97
191 258 96 176 155 34 100000 86 150 100000 88 176 217 100000 76 243 117 100000 207
192 165 126 53 111 35 85 80 68 80 39 76 149 49 103 149 100000 73 100000
193 38 30 2 21 5 18 17 17 100000 25 100000 34 8 36 16 100000 6 14
194 115 6 37 7 17 8 84 50 71 16 37 18 26 8 37 12 100000 68
195 83 81 13 67 56 44 35 21 53 40 13 51 20 55 49 22 17 49
196 56 14 100000 42 55 46 44 32 26 47 35 53 24 48 12 18 13 53
197 29 24 18 10 13 100000 24 13 23 11 24 5 11 100000 23 12 15 7
198 303 182 224 70 137 4 100000 122 176 246 185 249 122 158 279 73 100000 200
199 18 6 17 4 3 100000 1 8 8 17 14 100000 8 18 17 13 11 4
200 29 2 14 100000 29 3 12 8 19 29 6 16 22 100000 100000 8 22 28
201 154 114 9 61 64 119 29 122 13 100000 38 38 81 102 6 44 15 42
202 90 87 76 19 80 32 41 62 100000 84 37 55 59 41 26 86 80 29
203 93 33 2 3 18 30 9 51 13 62 51 19 9 100000 8 92 90 39
204 94 36 85 88 48 5 62 94 23 67 49 13 15 100000 94 20 36 31
205 165 29 122 4 53 158 162 139 98 100000 53 145 55 19 39 150 8 117
<task directions>
1 E
2 E
3 R
4 L
5 E
6 E
7 R
8 R
9 R
10 R
11 R
12 R
13 L
14 L
15 L
16 L
17 L
18 L
19 E
20 E
21 E
22 E
23 E
24 E
25 R
26 L
27 R
28 R
29 R
30 R
31 R
32 R
33 R
34 L
35 E
36 E
37 L
38 L
39 L
40 E
41 E
42 E
43 L
44 L
45 L
46 L
47 L
48 L
49 L
50 L
51 L
52 L
53 L
54 R
55 R
56 R
57 R
58 R
59 R
60 R
61 R
62 E
63 E
64 E
65 E
66 E
67 E
68 E
69 E
70 E
71 E
72 E
73 E
74 E
75 E
76 E
77 E
78 L
79 R
80 E
81 E
82 E
83 E
84 E
85 E
86 E
87 E
88 E
89 E
90 R
91 R
92 R
93 R
94 E
95 R
96 E
97 E
98 E
99 E
100 E
101 E
102 E
103 E
104 R
105 L
106 L
107 E
108 L
109 E
110 R
111 L
112 R
113 E
114 L
115 E
116 R
117 E
118 E
119 E
120 E
121 E
122 E
123 E
124 E
125 E
126 R
127 E
128 E
129 E
130 R
131 E
132 R
133 R
134 R
135 L
136 L
137 E
138 E
139 E
140 L
141 L
142 L
143 L
144 E
145 E
146 L
147 L
148 R
149 R
150 R
151 E
152 L
153 L
154 E
155 E
156 E
157 E
158 R
159 R
160 E
161 R
162 R
163 R
164 R
165 R
166 R
167 R
168 R
169 L
170 L
171 L
172 L
173 L
174 L
175 L
176 L
177 E
178 E
179 L
180 L
181 L
182 L
183 L
184 L
185 E
186 R
187 R
188 L
189 E
190 E
191 R
192 E
193 R
194 E
195 L
196 R
197 R
198 R
199 R
200 R
201 L
202 L
203 L
204 E
205 E
<precedence relations>
1,36
2,3
2,4
3,5
4,5
5,7
5,13
6,36
7,8
8,9
9,10
10,11
11,12
12,36
13,14
14,15
15,16
16,17
17,18
18,36
19,36
20,22
21,22
22,23
23,24
23,34
24,26
24,27
24,28
25,28
26,35
27,35
28,29
29,30
29,33
30,31
30,32
31,35
32,35
33,35
34,35
35,36
36,37
36,40
36,41
36,42
36,62
36,69
36,72
36,75
36,83
36,110
36,111
36,112
37,38
38,39
39,45
40,43
40,54
41,92
42,43
42,54
43,44
44,45
45,46
45,48
45,51
45,53
46,47
47,92
48,49
49,50
50,92
51,52
52,92
53,92
54,55
55,56
55,59
55,61
56,57
57,58
58,92
59,60
60,92
61,92
62,63
63,64
64,65
64,68
65,66
66,67
67,80
68,80
69,70
70,71
71,73
72,73
73,74
74,76
75,92
76,77
76,78
76,79
77,80
77,82
78,80
79,80
80,81
81,84
82,92
83,92
84,85
85,86
85,88
85,90
86,87
87,92
88,89
89,92
90,91
91,92
92,93
92,94
92,95
92,96
92,97
92,98
92,99
93,135
94,135
95,113
96,113
97,100
98,100
99,100
100,101
100,103
100,105
100,109
100,130
100,131
100,134
101,102
102,113
103,104
104,113
105,106
105,107
106,108
107,108
108,113
109,113
110,113
111,113
112,113
113,114
113,115
113,116
113,117
113,118
113,119
113,120
113,121
113,122
113,123
113,124
113,161
113,162
113,163
113,169
113,171
113,174
113,203
113,204
113,205
114,160
115,160
116,160
117,160
118,126
119,126
120,126
121,126
122,126
123,126
124,125
125,126
126,127
126,128
126,129
127,135
128,135
129,135
130,136
131,132
132,133
133,189
134,189
135,136
135,137
135,138
135,139
135,140
135,141
135,142
135,144
135,145
135,147
135,148
135,149
135,150
135,151
135,152
135,153
135,158
136,189
137,160
138,160
139,160
140,143
141,143
142,143
143,160
144,160
145,146
146,160
147,160
148,160
149,160
150,160
151,160
152,160
153,154
154,155
155,156
156,157
157,189
158,159
159,189
160,164
160,170
160,178
160,179
160,184
161,167
162,165
163,164
164,165
165,166
166,167
167,168
168,177
169,170
170,172
171,172
172,173
173,175
174,175
175,176
176,177
177,185
177,186
177,187
177,188
177,194
177,195
178,180
179,180
180,181
180,183
181,182
185,189
186,189
187,189
188,189
189,190
189,191
189,193
191,192
194,197
195,196
196,197
197,198
197,199
197,201
199,200
201,202
<end>