<number of tasks>
205
<number of mated-station>
9
<number of workers>
18
<task times>
1 692 333 100000 561 623 478 692 664 519 15 100000 312 637 100000 42 100000 208 188
2 42 29 31 22 10 3 100000 11 42 24 2 100000 20 100000 8 100000 21 38
3 261 118 235 61 100000 100000 11 32 100000 100000 209 165 58 9 97 100000 100000 141
4 261 32 141 100000 100000 227 100000 82 100000 100000 100000 201 256 134 131 134 178 22
5 157 100000 100000 91 100000 46 87 35 23 98 127 157 90 87 100000 93 127 56
6 90 12 68 41 46 3 54 15 100000 83 13 59 25 66 31 62 58 6
7 54 100000 43 100000 33 41 5 35 15 41 34 100000 100000 53 50 100000 9 100000
8 67 19 64 37 47 48 42 2 49 35 100000 8 37 55 58 100000 39 43
9 30 19 100000 100000 19 100000 2 11 19 7 17 28 100000 13 13 16 4 20
10 106 100000 45 45 31 69 76 88 28 100000 29 19 28 55 10 37 96 100000
11 32 25 100000 27 12 100000 28 13 19 18 100000 24 11 31 24 4 4 100000
12 62 25 29 16 32 100000 25 25 5 100000 100000 21 36 28 38 23 52 100000
13 54 14 100000 2 100000 11 100000 22 20 3 53 20 29 20 100000 5 48 29
14 67 51 54 8 61 47 100000 100000 36 30 59 26 22 37 38 32 46 64
15 30 20 3 4 26 13 28 100000 18 18 23 1 15 100000 17 24 9 100000
16 106 94 87 13 43 100000 100000 100000 14 94 86 61 101 100000 84 38 100000 3
17 32 25 100000 100000 13 20 100000 15 100000 16 20 26 24 100000 100000 30 12 19
18 62 33 27 2 62 32 49 100000 31 46 100000 21 100000 14 100000 22 47 36
19 56 100000 49 55 9 100000 26 22 47 52 100000 2 47 48 100000 48 15 14
20 67 100000 31 10 31 100000 46 39 7 31 50 100000 100000 100000 3 50 100000 23
21 86 60 32 100000 3 6 40 32 8 45 100000 65 57 11 72 60 21 15
22 37 6 11 17 100000 11 100000 100000 13 28 100000 100000 100000 34 36 15 100000 24
23 41 5 100000 15 10 11 10 22 21 33 5 10 31 19 100000 18 18 6
24 72 100000 100000 4 100000 58 23 10 100000 100000 7 11 53 2 61 10 100000 60
25 86 58 4 100000 17 64 26 100000 66 79 10 32 63 17 30 100000 71 40
26 16 8 100000 5 100000 14 1 1 8 3 4 4 7 6 12 11 11 100000
27 51 100000 100000 4 37 100000 31 26 48 100000 51 5 44 100000 3 14 31 18
28 66 28 3 8 4 17 100000 23 37 42 48 14 9 100000 19 53 13 100000
29 41 37 32 39 100000 31 19 19 100000 5 33 33 40 27 24 32 26 6
30 72 34 35 9 57 71 22 12 71 100000 40 100000 26 19 100000 52 57 68
31 51 36 15 3 7 39 44 11 50 30 15 9 29 38 100000 37 100000 47
32 16 10 9 7 7 8 100000 11 15 6 1 100000 6 4 4 16 15 10
33 15 7 4 9 5 2 13 100000 12 5 100000 100000 10 100000 14 7 100000 9
34 15 13 5 10 100000 7 3 10 13 9 2 3 100000 14 7 9 2 12
35 85 4 66 7 100000 100000 67 59 77 100000 2 66 100000 62 67 19 23 4
36 59 49 24 2 10 42 27 19 16 59 24 22 100000 16 27 100000 34 16
37 23 19 19 4 100000 13 14 4 21 100000 14 19 21 100000 7 23 3 7
38 13 4 13 100000 3 9 13 6 11 4 9 4 100000 10 12 4 7 6
39 19 12 2 3 13 6 4 8 17 10 17 3 12 3 100000 9 18 4
40 108 71 93 100000 60 100000 80 52 56 100000 52 71 61 58 40 5 34 93
41 214 61 112 20 20 112 201 80 3 110 100000 100000 88 100000 7 171 82 103
42 80 56 19 49 44 58 57 100000 7 42 100000 71 58 78 51 80 49 3
43 37 28 33 6 17 10 100000 34 18 7 9 19 28 8 31 100000 100000 4
44 84 100000 5 36 100000 100000 2 22 73 42 64 82 100000 83 71 78 46 100000
45 18 5 14 16 100000 2 3 16 16 10 16 9 10 6 100000 6 3 100000
46 12 11 100000 100000 11 100000 7 5 4 100000 4 1 7 6 4 100000 7 100000
47 29 25 3 5 100000 29 16 5 100000 15 3 11 19 3 100000 11 3 11
48 37 100000 19 25 100000 32 25 9 33 20 4 7 19 14 34 100000 32 14
49 13 7 11 100000 7 10 100000 100000 8 11 100000 10 6 10 12 100000 4 4
50 70 4 69 100000 68 100000 23 17 50 100000 33 22 22 57 29 100000 41 100000
51 217 29 113 100000 139 100000 191 198 159 154 23 14 122 10 57 109 115 198
52 72 12 65 100000 71 36 68 6 49 34 57 100000 51 70 64 9 2 66
53 85 58 23 100000 100000 25 79 58 100000 24 69 56 26 100000 20 40 40 43
54 43 36 3 38 14 18 100000 12 8 18 100000 100000 40 23 8 12 6 15
55 97 72 93 32 82 31 100000 90 57 90 5 100000 100000 70 77 7 38 68
56 37 10 30 34 16 18 31 100000 100000 100000 100000 13 100000 24 100000 16 16 100000
57 13 2 5 100000 13 7 2 11 100000 100000 100000 6 6 7 100000 100000 100000 6
58 35 6 21 13 11 32 8 28 11 100000 23 30 100000 21 12 100000 27 19
59 217 46 128 124 100000 198 38 100 46 100000 55 61 100000 100000 81 92 100000 42
60 72 28 7 35 100000 9 100000 43 5 100000 62 19 51 24 100000 66 100000 4
61 85 71 46 83 34 51 8 40 4 100000 100000 85 82 67 48 2 56 61
62 25 18 23 8 100000 12 22 8 19 19 14 4 100000 4 13 16 13 23
63 37 18 11 31 2 11 20 11 37 11 22 100000 8 35 28 100000 100000 100000
64 37 100000 100000 17 3 5 27 24 10 16 24 31 22 9 2 2 25 27
65 103 100000 100000 49 17 100000 11 81 60 100000 100000 19 75 14 100000 98 52 21
66 140 108 121 101 8 132 68 37 126 100000 68 100000 23 104 127 4 98 32
67 49 18 46 6 16 14 36 16 35 100000 16 33 30 26 6 42 22 32
68 35 15 32 13 32 100000 10 24 29 100000 15 30 7 100000 8 29 15 1
69 51 6 25 100000 100000 33 9 11 28 17 48 28 5 100000 100000 51 8 15
70 88 51 100000 86 100000 100000 55 54 100000 71 69 100000 21 58 40 66 11 71
71 53 33 15 31 21 50 13 100000 50 19 100000 36 22 18 2 25 52 100000
72 144 91 121 143 105 54 81 131 133 27 100000 31 100000 100000 51 12 45 44
73 337 206 58 203 186 100000 98 100000 145 172 139 260 219 196 162 58 100000 240
74 107 22 69 90 28 44 34 34 70 100000 84 43 30 103 14 100000 5 84
75 371 242 279 142 42 186 345 82 38 208 68 275 245 101 345 82 216 249
76 97 75 13 32 100000 29 55 100000 100000 100000 36 49 28 100000 23 38 9 45
77 166 128 153 100000 27 103 18 100000 159 29 143 121 9 110 29 70 161 151
78 92 91 60 100000 100000 11 100000 5 74 58 17 89 77 5 22 59 100000 100000
79 92 100000 100000 79 100000 42 65 27 47 100000 68 73 27 57 34 40 89 23
80 106 10 54 33 100000 75 81 100000 49 104 101 19 21 66 68 78 85 100000
81 49 26 100000 7 43 100000 40 28 5 35 15 5 100000 28 1 100000 13 46
82 92 41 9 61 32 22 100000 68 39 67 100000 100000 73 100000 100000 22 28 45
83 371 156 175 327 100000 105 123 100000 100000 245 349 82 100000 360 345 42 5 100000
84 87 45 100000 100000 52 18 53 29 59 100000 43 55 70 100000 77 100000 48 13
85 162 100000 109 24 143 80 96 100000 54 101 100000 59 54 73 100000 148 100000 91
86 96 66 100000 32 43 16 100000 24 74 76 56 58 19 100000 100000 12 91 60
87 79 42 100000 54 29 38 67 41 10 100000 12 66 55 31 100000 74 71 37
88 96 58 30 100000 4 94 54 94 87 100000 36 100000 35 30 26 11 34 51
89 42 37 34 17 100000 36 100000 28 32 11 24 100000 100000 3 42 28 32 8
90 88 42 83 15 40 24 28 4 75 42 27 30 87 63 87 48 63 100000
91 90 75 21 38 79 100000 5 4 75 100000 100000 75 18 89 100000 26 53 7
92 97 87 45 85 76 84 23 32 4 43 100000 11 80 100000 100000 73 88 30
93 270 100000 100000 165 259 100000 251 216 25 25 179 39 168 100000 84 238 246 235
94 452 217 42 272 100000 15 321 154 100000 100000 100000 159 213 100000 317 100000 168 100000
95 48 33 16 30 42 11 23 31 31 4 12 100000 21 46 100000 100000 4 24
96 338 105 100000 287 55 100000 227 8 250 281 183 100000 338 159 240 264 132 287
97 34 4 3 24 23 8 30 26 4 22 100000 29 100000 15 11 16 11 32
98 65 34 5 47 31 100000 7 52 5 27 44 4 100000 54 59 62 9 13
99 50 5 40 29 100000 43 46 100000 3 50 36 31 100000 42 50 100000 30 43
100 112 44 54 93 47 88 53 54 91 100000 32 49 72 10 112 33 111 19
101 48 24 16 44 12 46 13 100000 17 100000 11 100000 28 5 38 29 24 100000
102 117 101 56 112 82 10 104 11 57 81 25 100000 112 30 100000 75 95 112
103 50 18 100000 10 11 28 40 5 12 35 47 44 8 39 13 26 100000 4
104 68 37 100000 29 29 2 4 100000 18 35 100000 16 14 2 100000 5 62 23
105 232 181 17 100000 33 153 195 100000 54 82 100000 36 100000 15 110 50 128 135
106 122 91 100000 82 100000 76 37 60 86 63 89 60 22 42 112 112 118 100000
107 151 12 100000 139 112 21 61 100000 45 39 100000 100000 96 86 100000 76 85 150
108 31 12 8 100000 16 14 100000 100000 6 5 26 100000 1 27 100000 31 25 12
109 97 5 57 100000 100000 5 93 12 35 14 22 61 100000 76 12 38 94 100000
110 308 213 100000 13 44 173 201 237 182 100000 100000 259 115 127 170 100000 100000 256
111 116 25 113 63 87 91 100000 69 100000 9 25 106 3 67 78 71 79 92
112 312 57 100000 100000 38 225 290 48 97 172 100000 160 110 48 116 97 66 13
113 34 25 29 19 17 100000 11 34 11 23 27 18 100000 100000 11 100000 16 11
114 128 15 62 100000 100000 114 81 100000 94 34 47 6 122 49 100000 100000 58 70
115 54 100000 100000 43 53 13 14 100000 100000 8 47 9 54 31 41 9 6 48
116 175 95 88 76 100000 156 100000 86 100000 175 81 100000 100000 100000 132 102 53 168
117 55 4 25 14 3 52 12 25 7 24 24 52 100000 46 29 100000 52 13
118 306 138 100000 291 129 306 263 288 100000 65 266 100000 157 205 224 100000 100000 245
119 59 100000 16 21 7 22 37 28 24 58 22 100000 100000 42 47 19 100000 4
120 59 40 39 9 100000 53 100000 5 54 49 100000 35 51 11 16 100000 12 54
121 66 2 47 100000 61 6 48 22 100000 41 33 14 4 60 11 60 3 14
122 66 49 41 65 37 100000 4 100000 100000 100000 9 100000 13 58 40 100000 37 6
123 23 2 10 10 12 100000 20 4 100000 17 7 100000 100000 100000 100000 100000 100000 5
124 244 195 149 149 16 100000 13 30 100000 100000 178 225 35 100000 181 118 100000 164
125 54 17 37 50 24 22 48 100000 100000 13 37 33 9 28 100000 42 29 100000
126 294 39 100000 36 171 4 139 16 109 285 100000 276 133 7 48 136 156 101
127 84 32 7 100000 18 67 51 19 52 75 32 41 33 100000 38 72 100000 82
128 61 56 57 59 34 36 20 100000 8 12 54 29 24 22 41 100000 100000 41
129 57 4 37 100000 35 100000 51 100000 100000 29 55 17 51 40 39 8 23 16
130 38 7 9 11 6 100000 100000 2 13 28 21 100000 3 12 100000 7 38 16
131 944 100000 350 878 152 803 100000 482 614 100000 878 784 100000 312 680 397 378 680
132 511 16 118 185 78 185 282 100000 343 317 440 154 251 297 100000 100000 297 378
133 625 100000 344 100000 100000 100000 100000 100000 556 88 213 188 100000 282 100000 213 407 219
134 445 370 321 59 72 100000 100000 370 100000 374 347 37 19 37 423 409 179 312
135 68 30 6 29 24 19 100000 33 53 6 63 18 41 22 34 68 51 61
136 53 100000 21 20 43 100000 7 28 40 29 34 45 44 35 2 31 34 40
137 49 42 37 100000 49 13 12 21 31 35 5 28 49 17 18 9 13 100000
138 92 41 86 32 17 31 61 87 15 71 100000 100000 68 43 20 100000 35 47
139 236 100000 93 100000 175 144 29 67 210 17 142 100000 100000 208 184 137 32 128
140 116 78 53 33 68 50 13 47 38 25 110 69 115 64 54 100000 32 115
141 265 100000 122 25 6 217 100000 100000 204 41 125 228 100000 144 254 183 215 100000
142 149 100000 100000 106 87 130 51 100000 140 100000 69 97 57 100000 71 100000 100000 71
143 74 4 100000 59 67 25 18 54 29 33 13 49 21 66 48 31 100000 67
144 332 186 206 160 100000 100000 216 243 163 282 167 306 147 100000 100000 100000 97 8
145 324 318 101 27 100000 272 100000 269 185 101 240 100000 243 240 211 156 100000 100000
146 104 44 88 66 70 47 66 89 31 49 100000 2 22 93 90 7 53 81
147 51 100000 44 21 100000 100000 100000 36 100000 5 26 28 29 34 37 41 24 11
148 58 12 28 14 100000 39 27 11 11 36 100000 27 51 3 43 33 20 27
149 67 41 52 24 66 100000 100000 28 60 57 61 48 100000 49 31 100000 26 60
150 49 100000 100000 31 16 19 38 49 100000 100000 100000 23 47 30 100000 28 36 100000
151 107 55 100000 102 49 75 69 44 15 22 44 48 74 17 14 57 74 54
152 38 21 34 21 7 28 100000 20 100000 34 18 30 25 27 2 8 21 24
153 27 10 9 27 100000 100000 23 100000 19 23 20 25 22 16 5 5 25 100000
154 68 37 100000 58 64 49 100000 21 2 48 24 100000 30 24 55 52 11 4
155 207 100000 38 100000 98 100000 114 110 160 100000 147 100000 100000 176 162 100000 207 110
156 202 61 146 41 100000 67 126 142 100000 77 164 118 164 172 136 134 116 198
157 83 23 62 100000 41 17 100000 71 53 74 100000 65 67 43 54 100000 17 3
158 35 18 25 100000 10 100000 32 14 21 22 5 10 12 17 27 100000 29 32
159 58 3 50 100000 100000 45 57 21 47 100000 2 42 100000 19 6 51 52 19
160 42 6 35 10 17 4 23 37 100000 20 6 21 40 9 23 19 23 41
161 68 40 11 100000 45 100000 2 30 37 30 18 35 28 15 37 49 30 22
162 68 100000 41 59 51 51 3 35 46 27 67 100000 18 27 45 61 3 100000
163 68 31 67 23 51 100000 13 6 63 100000 100000 100000 21 16 41 11 100000 16
164 103 74 60 101 100000 71 80 98 47 80 103 100000 11 100000 54 37 100000 17
165 103 31 99 73 50 100000 91 39 71 100000 42 101 94 81 100000 100000 100000 99
166 103 100000 100000 73 65 35 92 100000 69 100000 66 43 37 32 60 94 35 46
167 103 9 100000 100000 75 100000 23 92 101 32 30 45 82 28 29 12 87 3
168 103 69 62 100000 60 78 100000 24 95 16 100000 100000 68 34 100000 100000 45 20
169 68 13 49 100000 32 18 37 20 26 21 10 23 11 12 21 22 55 40
170 103 3 14 85 43 35 20 28 35 63 100000 100000 100000 100000 75 27 29 65
171 68 51 6 55 6 63 15 53 68 100000 57 100000 8 28 3 27 100000 100000
172 103 63 92 22 100000 27 97 46 61 85 87 94 100000 100000 100000 30 57 100000
173 103 101 3 16 100000 98 53 100000 41 47 53 100000 19 45 47 103 45 18
174 68 5 13 100000 38 4 25 54 22 100000 16 39 20 100000 45 100000 31 37
175 103 56 17 100000 100000 100 87 32 28 103 94 33 22 29 72 49 69 16
176 103 100000 100000 34 100000 9 92 87 100000 62 22 7 46 100000 100000 67 37 44
177 10 4 9 8 8 6 4 6 5 100000 8 100000 100000 5 100000 2 100000 2
178 187 100000 142 100000 100000 144 183 10 77 40 100000 100000 57 137 90 137 113 124
179 134 127 14 56 131 100000 100000 100000 114 105 52 30 100000 107 127 94 78 22
180 89 65 100000 2 59 26 100000 100000 47 100000 22 85 77 26 29 66 100000 37
181 58 100000 100000 34 36 20 100000 16 11 10 30 100000 21 39 3 29 16 100000
182 49 100000 2 23 8 22 37 8 17 10 100000 13 38 100000 34 15 100000 40
183 134 107 115 77 87 26 38 37 14 81 70 62 100000 45 107 41 21 65
184 53 100000 100000 100000 28 100000 6 33 22 100000 29 52 9 100000 22 8 9 5
185 334 317 14 118 34 174 334 241 227 111 101 168 78 168 100000 234 227 194
186 24 20 100000 5 100000 100000 24 11 6 24 20 1 4 100000 100000 7 100000 3
187 76 100000 54 58 24 100000 51 47 57 40 100000 100000 100000 58 43 40 45 36
188 76 71 47 100000 33 54 2 100000 50 28 39 40 40 100000 100000 42 18 13
189 192 121 146 100000 188 112 81 160 70 100000 100000 123 160 74 100000 100000 14 106
190 98 100000 4 25 5 100000 75 100000 24 100000 84 100000 98 5 45 100000 50 69
191 258 248 6 217 96 158 168 6 132 196 194 225 119 100000 250 243 100000 60
192 165 111 106 91 21 19 3 94 45 113 100000 104 29 137 100000 44 85 139
193 38 27 5 12 12 4 20 17 100000 6 26 15 24 100000 100000 23 25 18
194 115 100000 100000 100000 100 56 76 80 100000 47 100000 22 47 53 106 69 26 25
195 83 35 75 100000 22 100000 100000 42 78 29 100000 100000 19 10 59 62 100000 100000
196 56 53 100000 53 21 21 100000 100000 30 24 29 100000 100000 15 14 100000 43 16
197 29 14 21 20 25 25 16 9 29 8 100000 4 3 10 100000 17 16 9
198 303 100000 100000 288 155 206 167 273 185 100000 276 100000 170 122 100000 100000 89 261
199 18 100000 9 11 14 8 6 8 7 7 6 4 13 100000 4 100000 13 100000
200 29 100000 11 100000 28 100000 2 28 25 8 6 100000 22 17 100000 6 28 15
201 154 104 10 48 100000 88 100000 76 78 15 74 100000 12 117 6 93 100000 100000
202 90 13 100000 74 87 60 65 63 64 29 16 29 72 64 45 21 10 47
203 93 69 57 52 60 100000 36 100000 51 22 44 69 88 30 100000 29 56 55
204 94 87 23 100000 31 50 65 37 23 94 100000 61 44 29 32 15 8 32
205 165 158 114 47 100000 55 100000 155 100000 53 100000 111 27 14 60 100000 11 98
<task directions>
1 E
2 E
3 R
4 L
5 E
6 E
7 R
8 R
9 R
10 R
11 R
12 R
13 L
14 L
15 L
16 L
17 L
18 L
19 E
20 E
21 E
22 E
23 E
24 E
25 R
26 L
27 R
28 R
29 R
30 R
31 R
32 R
33 R
34 L
35 E
36 E
37 L
38 L
39 L
40 E
41 E
42 E
43 L
44 L
45 L
46 L
47 L
48 L
49 L
50 L
51 L
52 L
53 L
54 R
55 R
56 R
57 R
58 R
59 R
60 R
61 R
62 E
63 E
64 E
65 E
66 E
67 E
68 E
69 E
70 E
71 E
72 E
73 E
74 E
75 E
76 E
77 E
78 L
79 R
80 E
81 E
82 E
83 E
84 E
85 E
86 E
87 E
88 E
89 E
90 R
91 R
92 R
93 R
94 E
95 R
96 E
97 E
98 E
99 E
100 E
101 E
102 E
103 E
104 R
105 L
106 L
107 E
108 L
109 E
110 R
111 L
112 R
113 E
114 L
115 E
116 R
117 E
118 E
119 E
120 E
121 E
122 E
123 E
124 E
125 E
126 R
127 E
128 E
129 E
130 R
131 E
132 R
133 R
134 R
135 L
136 L
137 E
138 E
139 E
140 L
141 L
142 L
143 L
144 E
145 E
146 L
147 L
148 R
149 R
150 R
151 E
152 L
153 L
154 E
155 E
156 E
157 E
158 R
159 R
160 E
161 R
162 R
163 R
164 R
165 R
166 R
167 R
168 R
169 L
170 L
171 L
172 L
173 L
174 L
175 L
176 L
177 E
178 E
179 L
180 L
181 L
182 L
183 L
184 L
185 E
186 R
187 R
188 L
189 E
190 E
191 R
192 E
193 R
194 E
195 L
196 R
197 R
198 R
199 R
200 R
201 L
202 L
203 L
204 E
205 E
<precedence relations>
1,36
2,3
2,4
3,5
4,5
5,7
5,13
6,36
7,8
8,9
9,10
10,11
11,12
12,36
13,14
14,15
15,16
16,17
17,18
18,36
19,36
20,22
21,22
22,23
23,24
23,34
24,26
24,27
24,28
25,28
26,35
27,35
28,29
29,30
29,33
30,31
30,32
31,35
32,35
33,35
34,35
35,36
36,37
36,40
36,41
36,42
36,62
36,69
36,72
36,75
36,83
36,110
36,111
36,112
37,38
38,39
39,45
40,43
40,54
41,92
42,43
42,54
43,44
44,45
45,46
45,48
45,51
45,53
46,47
47,92
48,49
49,50
50,92
51,52
52,92
53,92
54,55
55,56
55,59
55,61
56,57
57,58
58,92
59,60
60,92
61,92
62,63
63,64
64,65
64,68
65,66
66,67
67,80
68,80
69,70
70,71
71,73
72,73
73,74
74,76
75,92
76,77
76,78
76,79
77,80
77,82
78,80
79,80
80,81
81,84
82,92
83,92
84,85
85,86
85,88
85,90
86,87
87,92
88,89
89,92
90,91
91,92
92,93
92,94
92,95
92,96
92,97
92,98
92,99
93,135
94,135
95,113
96,113
97,100
98,100
99,100
100,101
100,103
100,105
100,109
100,130
100,131
100,134
101,102
102,113
103,104
104,113
105,106
105,107
106,108
107,108
108,113
109,113
110,113
111,113
112,113
113,114
113,115
113,116
113,117
113,118
113,119
113,120
113,121
113,122
113,123
113,124
113,161
113,162
113,163
113,169
113,171
113,174
113,203
113,204
113,205
114,160
115,160
116,160
117,160
118,126
119,126
120,126
121,126
122,126
123,126
124,125
125,126
126,127
126,128
126,129
127,135
128,135
129,135
130,136
131,132
132,133
133,189
134,189
135,136
135,137
135,138
135,139
135,140
135,141
135,142
135,144
135,145
135,147
135,148
135,149
135,150
135,151
135,152
135,153
135,158
136,189
137,160
138,160
139,160
140,143
141,143
142,143
143,160
144,160
145,146
146,160
147,160
148,160
149,160
150,160
151,160
152,160
153,154
154,155
155,156
156,157
157,189
158,159
159,189
160,164
160,170
160,178
160,179
160,184
161,167
162,165
163,164
164,165
165,166
166,167
167,168
168,177
169,170
170,172
171,172
172,173
173,175
174,175
175,176
176,177
177,185
177,186
177,187
177,188
177,194
177,195
178,180
179,180
180,181
180,183
181,182
185,189
186,189
187,189
188,189
189,190
189,191
189,193
191,192
194,197
195,196
196,197
197,198
197,199
197,201
199,200
201,202
<end>