<number of tasks>
205
<number of mated-station>
9
<number of workers>
18
<task times>
1 692 478 665 914 2076 1184 1537 1889 100000 100000 665 1184 22 271 458 1620 1059 43
2 42 21 36 126 25 65 100000 100000 90 111 41 100000 62 31 100 87 36 64
3 261 100000 95 64 165 494 470 423 118 64 384 470 580 525 619 681 447 64
4 261 376 642 197 580 173 189 783 87 666 314 564 17 100000 142 165 439 173
5 157 142 170 67 344 29 307 161 72 161 321 180 358 386 100000 90 123 438
6 90 246 179 187 33 68 227 74 181 235 84 141 100000 205 100000 222 162 117
7 54 120 98 109 40 107 28 75 100000 24 54 100000 6 100000 7 77 3 83
8 67 195 93 141 13 145 195 65 19 139 15 143 115 100000 173 103 201 153
9 30 53 81 73 44 10 9 56 54 13 52 25 81 73 72 37 54 78
10 106 100000 99 96 296 185 156 30 140 58 23 251 100000 58 270 87 239 207
11 32 30 79 18 14 91 40 67 42 54 49 30 100000 57 57 12 37 41
12 62 94 110 21 84 62 75 79 5 166 47 99 29 92 143 97 100000 125
13 54 90 162 83 104 106 94 130 96 148 160 156 98 28 44 86 151 146
14 67 127 7 100000 149 69 201 149 100000 117 63 199 67 33 109 100000 65 105
15 30 70 84 75 46 61 42 100000 82 72 40 84 24 43 88 4 34 52
16 106 194 169 87 223 77 106 308 61 315 315 283 147 226 100000 258 64 220
17 32 91 32 2 13 49 25 75 17 52 23 87 77 66 24 7 37 60
18 62 79 49 177 134 138 77 36 23 132 100000 27 184 73 3 55 29 100000
19 56 105 63 96 105 110 140 148 123 29 165 8 100000 168 88 148 155 36
20 67 135 100000 141 85 69 125 41 100000 131 191 67 175 113 47 95 119 89
21 86 245 176 4 63 29 47 176 100000 99 173 70 183 137 230 117 100000 22
22 37 76 11 93 44 68 65 100000 59 80 70 43 53 8 21 3 25 60
23 41 19 28 2 119 100000 107 24 108 23 100000 67 107 68 29 101 64 100000
24 72 100000 18 61 128 171 100 124 124 25 109 5 100000 173 175 23 121 12
25 86 6 88 106 65 94 45 81 248 37 40 109 163 6 100000 100000 100000 114
26 16 25 20 100000 5 22 100000 10 8 37 20 28 31 10 7 15 47 14
27 51 103 50 97 132 66 100000 75 142 9 117 106 97 25 100000 110 21 74
28 66 145 48 17 100000 38 129 100000 100000 109 151 105 170 23 100000 100000 166 5
29 41 61 40 105 57 17 51 51 80 83 96 21 53 103 47 8 55 23
30 72 76 98 48 100000 184 121 23 44 197 83 68 197 109 59 35 38 164
31 51 100000 118 56 100000 3 39 88 37 104 130 144 68 25 150 85 130 65
32 16 5 35 32 35 9 36 43 100000 36 16 35 42 26 100000 17 12 32
33 15 100000 25 12 12 42 8 33 29 34 24 30 23 42 28 100000 16 43
34 15 16 27 10 25 6 14 29 100000 27 36 37 28 9 4 31 100000 39
35 85 199 100000 120 146 16 6 174 133 197 105 184 75 100000 100000 143 100000 131
36 59 107 94 82 80 137 82 119 96 47 94 177 64 119 43 100000 93 140
37 23 13 21 49 66 18 14 9 40 100000 50 67 45 10 51 54 26 100000
38 13 16 9 2 30 33 29 33 33 37 37 36 100000 7 21 2 15 100000
39 19 21 26 38 14 37 33 32 39 6 34 55 13 2 31 21 26 16
40 108 124 37 69 166 124 179 256 169 172 188 163 269 272 237 169 33 211
41 214 507 463 39 155 636 219 636 100000 309 14 100000 488 302 366 180 456 636
42 80 106 20 173 235 61 218 30 199 116 70 171 187 183 97 100000 100000 63
43 37 73 49 15 100 62 71 35 49 27 36 55 90 67 2 71 100000 81
44 84 51 229 49 229 76 174 100000 139 100000 229 224 11 219 94 26 56 59
45 18 32 40 44 35 5 25 23 40 32 15 24 12 100000 29 33 18 5
46 12 4 24 29 25 12 36 15 100000 28 2 100000 100000 21 11 16 1 35
47 29 100000 87 74 78 70 28 5 10 63 100000 59 69 29 43 34 25 64
48 37 29 75 106 98 108 91 86 16 16 100000 57 62 29 12 7 93 71
49 13 100000 30 7 25 100000 30 35 20 32 10 3 100000 100000 15 39 30 23
50 70 183 78 26 156 26 72 120 64 100000 174 124 147 164 197 37 200 11
51 217 443 92 274 99 8 638 40 183 125 502 105 100000 157 599 456 138 339
52 72 190 143 7 212 173 210 31 188 31 59 68 91 186 201 100 48 104
53 85 100000 100000 225 100000 67 115 217 75 148 148 100000 125 57 151 100000 171 37
54 43 36 61 100 43 87 61 92 51 71 15 93 19 77 36 6 126 53
55 97 184 132 245 184 100000 143 175 53 277 114 233 100 221 274 39 100000 53
56 37 35 100000 37 14 18 14 21 9 110 47 33 8 110 76 85 65 90
57 13 8 14 25 1 21 30 22 22 12 2 23 6 6 26 8 4 100000
58 35 67 84 53 56 19 88 100000 53 69 99 46 105 100000 56 7 28 13
59 217 359 371 449 398 100000 456 593 164 625 651 79 196 424 619 170 619 164
60 72 70 100000 197 156 212 100000 23 48 167 156 3 121 162 201 85 10 102
61 85 219 118 100000 136 192 255 24 62 67 29 49 138 59 118 240 98 128
62 25 100000 29 14 14 49 22 17 48 11 5 54 51 19 75 65 60 61
63 37 52 51 79 100000 19 110 13 98 21 111 57 19 42 13 90 2 66
64 37 52 58 65 35 31 36 100000 46 19 100000 103 33 107 11 100000 100000 47
65 103 60 278 41 247 204 60 4 291 137 260 201 260 278 106 90 140 241
66 140 185 215 100000 51 340 39 55 248 215 357 100000 47 391 370 39 366 311
67 49 45 113 137 108 125 45 67 116 59 49 92 146 8 77 2 11 86
68 35 19 8 100000 68 45 85 100000 26 53 87 100000 28 46 31 96 71 4
69 51 79 120 103 50 150 150 100000 6 132 18 7 100000 33 95 148 72 65
70 88 238 100000 88 64 243 161 17 100000 146 138 100000 253 83 72 61 172 180
71 53 115 151 105 100000 31 151 99 126 156 41 123 22 137 154 4 3 140
72 144 324 92 61 44 268 303 31 66 294 87 208 160 31 10 208 389 23
73 337 748 526 385 153 647 415 100000 100000 597 809 183 233 546 728 100000 100000 971
74 107 273 209 103 257 311 113 46 209 299 68 315 267 84 36 87 321 180
75 371 90 424 1080 1002 935 457 879 45 590 501 1069 379 980 724 100000 323 379
76 97 250 100000 204 201 50 216 184 100000 236 100 204 47 13 100000 239 161 137
77 166 379 130 21 100000 240 344 200 100000 399 329 245 418 51 41 264 100000 100000
78 92 89 207 15 100000 100000 106 86 100000 273 141 152 64 108 163 45 100000 152
79 92 18 111 100000 23 210 180 213 62 117 29 12 42 254 194 26 265 100000
80 106 100000 283 42 74 68 147 39 251 188 128 26 166 100000 4 80 210 11
81 49 7 113 40 116 83 52 75 100000 80 74 100000 121 146 100000 100000 36 87
82 92 224 9 37 218 64 100000 12 26 89 12 249 155 97 213 207 18 59
83 371 446 902 1046 490 446 457 435 90 613 479 546 190 624 568 724 401 713
84 87 180 253 141 144 147 43 186 105 134 165 24 58 183 100000 178 245 115
85 162 100000 341 100000 98 268 307 365 277 234 224 433 248 316 224 132 132 40
86 96 84 233 100000 259 219 27 213 196 64 265 67 116 256 288 67 176 44
87 79 140 183 95 91 65 81 51 128 218 187 206 152 131 65 159 195 100000
88 96 44 256 119 100000 56 100000 18 130 188 99 256 205 56 107 251 254 100000
89 42 122 100000 47 44 46 19 119 80 4 100000 100000 100000 26 77 109 22 75
90 88 6 27 177 156 77 38 75 185 100000 96 101 100000 190 253 156 177 114
91 90 257 100000 224 33 179 55 165 251 251 71 60 6 66 238 246 184 230
92 97 100000 277 100000 219 100000 100000 259 166 100000 184 16 59 59 204 271 152 100000
93 270 268 697 721 753 9 260 171 341 33 624 211 100000 648 648 543 462 365
94 452 272 1058 1099 773 1044 1234 529 100000 177 272 746 299 299 746 462 204 177
95 48 38 113 90 22 135 73 127 127 57 32 111 17 110 57 100000 11 95
96 338 822 811 315 903 558 710 457 548 100000 619 609 568 700 366 275 153 892
97 34 53 47 5 86 4 90 48 25 100000 100000 102 23 55 49 95 73 70
98 65 71 96 13 5 178 75 160 191 17 117 22 63 114 100 11 90 32
99 50 13 120 86 16 2 31 67 43 17 122 100000 137 13 105 99 62 5
100 112 162 309 276 11 269 122 51 88 65 256 185 202 68 299 272 100000 239
101 48 74 52 114 140 74 97 114 73 97 110 10 21 41 17 95 84 18
102 117 85 12 152 155 148 8 29 320 187 211 64 100000 106 100000 85 295 85
103 50 134 58 96 29 59 53 131 100000 14 5 46 16 100000 150 120 19 149
104 68 58 169 137 9 161 149 100000 153 46 9 161 62 135 188 194 78 172
105 232 585 592 258 210 244 508 501 100000 100000 100000 100000 223 314 71 487 64 592
106 122 344 136 289 169 344 330 30 48 366 319 48 121 136 132 176 121 34
107 151 390 263 376 100000 159 186 37 15 100000 390 385 195 299 376 317 200 363
108 31 57 64 2 79 53 25 74 53 78 64 85 100000 100000 60 15 3 41
109 97 169 100000 166 175 100000 282 126 134 178 213 47 100000 274 190 53 71 68
110 308 841 767 100000 822 582 490 841 721 555 121 100000 795 379 472 656 841 730
111 116 317 199 119 247 345 254 143 233 237 247 74 258 18 39 317 81 171
112 312 338 412 571 272 375 48 356 543 132 100000 674 38 179 179 450 48 786
113 34 20 99 70 100000 92 33 100000 32 15 84 47 70 81 55 10 14 86
114 128 85 177 12 376 24 215 181 357 147 89 258 100000 104 376 35 9 100000
115 54 7 67 139 33 100000 51 11 100000 57 100000 100000 51 98 40 11 112 44
116 175 137 11 32 85 190 373 326 80 200 74 373 64 305 294 305 494 100000
117 55 70 101 100000 34 24 134 91 68 68 165 40 72 55 80 121 132 134
118 306 19 294 414 808 294 203 570 368 817 441 194 184 863 221 918 606 579
119 59 68 137 50 100000 165 128 77 8 154 105 6 144 56 98 17 43 45
120 59 49 124 175 38 80 6 64 17 137 36 149 145 173 45 24 80 126
121 66 151 11 44 190 46 88 76 74 123 100000 82 123 149 125 34 48 17
122 66 7 184 50 109 74 5 137 82 194 9 78 34 100000 111 174 163 145
123 23 38 40 45 32 67 41 43 23 30 51 38 41 63 64 49 48 68
124 244 206 330 100000 630 111 469 520 308 513 571 118 100000 323 498 586 403 659
125 54 59 78 72 83 6 100000 130 120 65 27 141 88 159 151 27 48 12
126 294 45 100000 759 829 230 679 618 644 100000 785 19 433 100000 107 406 600 265
127 84 142 227 106 89 116 252 159 229 242 147 109 64 227 124 4 11 242
128 61 10 178 50 97 100000 47 136 85 25 72 37 168 5 14 74 65 79
129 57 52 30 21 151 21 30 93 112 161 152 72 156 40 60 100000 164 166
130 38 12 51 100000 26 8 7 44 61 44 63 109 98 11 107 96 100000 42
131 944 2237 992 765 100000 539 2832 992 143 1501 100000 114 1671 935 1671 822 2832 86
132 511 736 721 844 1303 100000 139 1273 1242 62 491 1027 78 706 660 553 1058 277
133 625 1631 938 100000 188 357 263 1463 1013 1613 1444 470 357 245 301 100000 1332 901
134 445 1135 100000 721 100000 908 1082 855 401 41 881 401 935 415 428 1228 1148 321
135 68 135 100000 72 100 7 62 80 184 204 141 38 15 3 27 92 100000 100000
136 53 143 150 71 66 26 26 48 22 55 75 69 59 10 104 100000 85 100000
137 49 77 13 144 51 141 14 84 16 51 132 99 147 59 100000 48 83 116
138 92 163 251 97 265 15 158 100000 100000 210 133 64 4 158 100000 9 73 147
139 236 333 100000 100000 100000 15 390 362 100000 609 305 362 708 411 545 644 192 602
140 116 216 220 147 133 50 331 164 50 100000 275 157 282 268 18 171 136 258
141 265 223 501 255 509 708 287 263 17 763 279 604 684 708 485 25 168 271
142 149 233 211 313 100000 162 148 55 59 362 117 23 130 153 260 407 148 242
143 74 23 169 171 19 109 129 34 142 28 142 85 81 200 67 207 92 52
144 332 847 717 996 568 688 717 936 598 339 946 479 787 100000 100000 100000 240 847
145 324 953 914 855 826 253 661 100000 399 147 409 603 554 98 176 943 487 477
146 104 272 147 82 119 181 113 222 169 100000 160 237 79 237 163 100000 172 296
147 51 117 57 144 77 123 100000 7 124 94 53 118 147 82 100000 120 104 45
148 58 171 169 46 11 127 72 4 44 103 110 77 100000 112 117 88 17 86
149 67 127 115 123 47 177 83 100000 167 149 133 100000 159 101 169 185 51 13
150 49 122 128 40 116 87 146 147 61 81 125 32 140 83 20 137 100000 92
151 107 33 62 225 273 100000 129 260 254 180 311 81 238 142 126 286 164 177
152 38 100000 63 82 100000 91 50 112 104 58 6 24 28 59 99 53 70 28
153 27 2 24 70 21 4 47 73 46 2 31 21 68 75 49 24 70 100000
154 68 96 46 38 159 100000 29 174 178 11 38 9 123 157 38 151 72 50
155 207 150 100000 137 206 100000 100000 540 528 100000 137 100000 299 317 100000 38 57 20
156 202 152 582 443 376 249 100000 515 7 128 564 243 533 68 570 7 13 104
157 83 140 78 31 8 123 232 31 180 36 46 75 16 95 172 127 172 13
158 35 31 65 90 85 50 4 54 100000 90 60 98 102 45 72 54 57 44
159 58 126 129 117 146 15 138 157 89 86 25 46 13 172 15 105 112 134
160 42 57 86 46 61 120 29 94 19 51 115 55 71 105 79 11 69 100000
161 68 202 107 68 7 103 58 153 200 92 100000 151 182 100000 178 100000 70 151
162 68 145 40 100000 147 98 100000 100000 176 88 9 117 48 100000 196 153 100000 78
163 68 133 17 169 149 141 135 149 123 5 78 76 111 15 178 196 66 74
164 103 96 32 238 180 63 63 60 201 281 309 50 201 47 90 130 35 294
165 103 297 124 4 272 60 204 112 16 272 260 266 63 223 284 44 260 23
166 103 26 291 235 250 103 35 180 266 158 284 41 220 164 81 294 303 106
167 103 186 26 75 16 47 143 93 23 192 72 287 137 23 266 78 90 140
168 103 47 4 112 13 23 10 23 306 100000 170 7 100000 26 81 63 180 146
169 68 100 21 186 100000 92 80 94 100000 7 5 40 129 186 17 117 25 163
170 103 4 47 278 38 247 84 93 275 207 297 158 275 7 109 4 170 235
171 68 21 78 94 147 80 186 100000 188 194 129 13 119 139 88 165 48 147
172 103 152 167 220 291 100000 198 84 186 100000 287 115 38 106 192 66 250 100000
173 103 254 100000 4 100000 130 100000 100000 41 112 241 100000 155 93 32 13 257 100000
174 68 80 147 100000 159 121 64 109 46 90 80 182 76 176 163 143 141 66
175 103 90 100000 50 140 100000 235 100000 303 232 284 291 306 155 100000 183 294 254
176 103 146 35 143 183 180 4 278 124 263 149 226 100000 100000 291 189 41 183
177 10 3 100000 1 100000 12 28 16 16 100000 27 22 26 30 11 18 24 7
178 187 231 247 477 544 309 96 107 147 270 100000 12 404 359 259 7 438 365
179 134 113 378 33 197 342 318 274 173 394 185 109 100000 278 13 202 177 173
180 89 20 259 36 107 107 41 20 99 219 171 246 219 177 230 238 216 97
181 58 27 32 100000 100000 96 29 100000 148 100000 8 32 100 79 101 100 18 103
182 49 100000 42 89 146 67 62 61 146 5 35 113 2 42 100000 100000 56 129
183 134 21 302 402 81 97 61 157 250 25 302 101 378 177 246 121 100000 402
184 53 100000 100000 59 17 140 154 104 55 100000 48 100000 86 75 36 37 63 151
185 334 712 100000 391 852 552 100000 762 121 381 942 421 131 151 311 100000 100000 852
186 24 39 54 10 37 13 24 57 71 19 27 4 56 5 70 55 55 29
187 76 100000 121 183 83 167 69 223 69 100000 3 65 183 94 51 15 26 21
188 76 101 196 124 194 44 80 51 167 130 100000 51 60 160 26 35 226 71
189 192 260 312 174 381 513 277 271 277 438 289 82 576 110 409 145 363 352
190 98 54 230 268 282 203 118 24 165 98 104 80 104 273 148 183 42 100000
191 258 86 612 349 650 16 179 619 194 217 100000 24 100000 573 480 225 534 333
192 165 125 100000 85 139 174 223 238 90 125 411 485 36 465 253 95 125 376
193 38 74 97 3 85 82 100 46 94 27 79 51 20 90 50 100000 29 90
194 115 211 176 35 73 39 324 139 121 228 187 56 39 297 187 18 100000 159
195 83 214 209 217 222 100 65 56 224 100000 222 18 177 185 150 100000 6 113
196 56 145 155 100000 141 123 28 61 18 143 83 33 146 8 140 98 33 166
197 29 100000 55 77 100000 3 100000 75 100000 53 4 84 100000 68 68 48 24 100000
198 303 264 864 891 74 673 37 101 682 800 100000 855 455 900 10 464 201 446
199 18 41 43 52 44 33 100000 8 30 100000 50 15 29 42 39 30 12 100000
200 29 33 85 22 11 27 10 14 53 4 43 10 70 53 19 40 13 100000
201 154 195 407 176 19 100000 250 397 100000 347 218 273 100000 222 100000 100000 181 84
202 90 219 87 125 66 197 28 100000 100000 238 76 100000 25 33 74 25 98 66
203 93 243 154 18 4 51 257 37 159 98 201 262 87 100000 179 154 68 190
204 94 52 186 164 268 139 54 100000 23 108 100000 100000 68 100000 122 240 102 40
205 165 41 475 292 416 80 386 273 100000 302 312 441 100 149 381 283 297 337
<task directions>
1 E
2 E
3 R
4 L
5 E
6 E
7 R
8 R
9 R
10 R
11 R
12 R
13 L
14 L
15 L
16 L
17 L
18 L
19 E
20 E
21 E
22 E
23 E
24 E
25 R
26 L
27 R
28 R
29 R
30 R
31 R
32 R
33 R
34 L
35 E
36 E
37 L
38 L
39 L
40 E
41 E
42 E
43 L
44 L
45 L
46 L
47 L
48 L
49 L
50 L
51 L
52 L
53 L
54 R
55 R
56 R
57 R
58 R
59 R
60 R
61 R
62 E
63 E
64 E
65 E
66 E
67 E
68 E
69 E
70 E
71 E
72 E
73 E
74 E
75 E
76 E
77 E
78 L
79 R
80 E
81 E
82 E
83 E
84 E
85 E
86 E
87 E
88 E
89 E
90 R
91 R
92 R
93 R
94 E
95 R
96 E
97 E
98 E
99 E
100 E
101 E
102 E
103 E
104 R
105 L
106 L
107 E
108 L
109 E
110 R
111 L
112 R
113 E
114 L
115 E
116 R
117 E
118 E
119 E
120 E
121 E
122 E
123 E
124 E
125 E
126 R
127 E
128 E
129 E
130 R
131 E
132 R
133 R
134 R
135 L
136 L
137 E
138 E
139 E
140 L
141 L
142 L
143 L
144 E
145 E
146 L
147 L
148 R
149 R
150 R
151 E
152 L
153 L
154 E
155 E
156 E
157 E
158 R
159 R
160 E
161 R
162 R
163 R
164 R
165 R
166 R
167 R
168 R
169 L
170 L
171 L
172 L
173 L
174 L
175 L
176 L
177 E
178 E
179 L
180 L
181 L
182 L
183 L
184 L
185 E
186 R
187 R
188 L
189 E
190 E
191 R
192 E
193 R
194 E
195 L
196 R
197 R
198 R
199 R
200 R
201 L
202 L
203 L
204 E
205 E
<precedence relations>
1,36
2,3
2,4
3,5
4,5
5,7
5,13
6,36
7,8
8,9
9,10
10,11
11,12
12,36
13,14
14,15
15,16
16,17
17,18
18,36
19,36
20,22
21,22
22,23
23,24
23,34
24,26
24,27
24,28
25,28
26,35
27,35
28,29
29,30
29,33
30,31
30,32
31,35
32,35
33,35
34,35
35,36
36,37
36,40
36,41
36,42
36,62
36,69
36,72
36,75
36,83
36,110
36,111
36,112
37,38
38,39
39,45
40,43
40,54
41,92
42,43
42,54
43,44
44,45
45,46
45,48
45,51
45,53
46,47
47,92
48,49
49,50
50,92
51,52
52,92
53,92
54,55
55,56
55,59
55,61
56,57
57,58
58,92
59,60
60,92
61,92
62,63
63,64
64,65
64,68
65,66
66,67
67,80
68,80
69,70
70,71
71,73
72,73
73,74
74,76
75,92
76,77
76,78
76,79
77,80
77,82
78,80
79,80
80,81
81,84
82,92
83,92
84,85
85,86
85,88
85,90
86,87
87,92
88,89
89,92
90,91
91,92
92,93
92,94
92,95
92,96
92,97
92,98
92,99
93,135
94,135
95,113
96,113
97,100
98,100
99,100
100,101
100,103
100,105
100,109
100,130
100,131
100,134
101,102
102,113
103,104
104,113
105,106
105,107
106,108
107,108
108,113
109,113
110,113
111,113
112,113
113,114
113,115
113,116
113,117
113,118
113,119
113,120
113,121
113,122
113,123
113,124
113,161
113,162
113,163
113,169
113,171
113,174
113,203
113,204
113,205
114,160
115,160
116,160
117,160
118,126
119,126
120,126
121,126
122,126
123,126
124,125
125,126
126,127
126,128
126,129
127,135
128,135
129,135
130,136
131,132
132,133
133,189
134,189
135,136
135,137
135,138
135,139
135,140
135,141
135,142
135,144
135,145
135,147
135,148
135,149
135,150
135,151
135,152
135,153
135,158
136,189
137,160
138,160
139,160
140,143
141,143
142,143
143,160
144,160
145,146
146,160
147,160
148,160
149,160
150,160
151,160
152,160
153,154
154,155
155,156
156,157
157,189
158,159
159,189
160,164
160,170
160,178
160,179
160,184
161,167
162,165
163,164
164,165
165,166
166,167
167,168
168,177
169,170
170,172
171,172
172,173
173,175
174,175
175,176
176,177
177,185
177,186
177,187
177,188
177,194
177,195
178,180
179,180
180,181
180,183
181,182
185,189
186,189
187,189
188,189
189,190
189,191
189,193
191,192
194,197
195,196
196,197
197,198
197,199
197,201
199,200
201,202
<end>