<number of tasks>
205
<number of mated-station>
11
<number of workers>
22
<task times>
1 692 132 499 100000 512 167 657 100000 139 118 270 581 56 305 250 533 602 70 257 499 637 100000
2 42 26 7 6 42 100000 12 100000 10 39 17 100000 38 2 35 40 11 100000 16 100000 14 8
3 261 258 6 76 214 183 100000 22 261 131 87 147 53 19 147 100000 32 157 188 100000 186 160
4 261 212 256 100000 100000 6 219 206 162 45 22 261 149 201 37 45 121 245 100000 27 240 100000
5 157 157 68 100000 100000 37 123 17 12 152 155 88 100000 62 20 21 40 10 107 116 43 113
6 90 24 35 82 100000 23 81 100000 23 100000 100000 100000 5 32 100000 10 43 65 6 46 56 100000
7 54 8 36 6 20 29 49 100000 21 39 9 18 100000 100000 37 28 11 28 20 100000 18 28
8 67 100000 100000 9 25 100000 64 100000 38 31 4 4 33 58 58 57 28 49 53 4 22 100000
9 30 27 27 19 27 3 14 100000 27 2 15 19 10 4 16 24 4 26 5 100000 21 13
10 106 27 10 42 79 48 4 29 62 83 100000 13 71 23 100000 55 82 100000 100000 100000 69 28
11 32 100000 100000 14 100000 17 11 4 3 100000 100000 10 7 9 21 31 6 17 28 100000 6 2
12 62 100000 10 18 23 19 11 44 27 17 45 50 24 2 100000 52 30 47 4 26 100000 32
13 54 51 24 18 20 49 22 16 26 41 16 44 52 47 18 8 100000 28 9 42 46 25
14 67 21 22 25 100000 26 35 30 33 100000 61 31 100000 6 53 65 100000 100000 54 37 51 31
15 30 20 17 100000 2 5 27 22 24 29 11 26 29 22 9 20 27 100000 100000 27 11 25
16 106 27 100000 52 35 100 100000 82 100000 86 100000 68 6 64 103 100000 59 54 88 10 25 100000
17 32 24 3 100000 12 22 13 5 20 25 24 8 17 100000 12 100000 25 25 11 17 24 14
18 62 100000 55 4 5 25 100000 39 12 35 37 61 100000 13 3 33 6 14 56 16 100000 28
19 56 56 22 16 100000 100000 54 100000 22 34 2 20 46 9 11 100000 13 19 34 26 100000 22
20 67 52 100000 56 100000 26 39 23 22 18 54 24 30 16 21 58 20 49 12 10 33 36
21 86 100000 83 27 51 86 33 100000 57 3 57 62 100000 100000 21 100000 56 15 24 100000 31 14
22 37 22 100000 13 26 19 34 100000 20 8 100000 4 33 15 36 12 18 20 7 18 16 9
23 41 100000 33 100000 39 40 20 36 18 5 100000 36 1 27 100000 13 9 3 100000 25 6 10
24 72 43 54 19 53 49 35 43 15 100000 100000 100000 12 56 2 59 19 50 44 100000 45 6
25 86 22 29 27 100000 84 17 73 68 27 4 21 72 61 100000 100000 74 12 9 74 78 79
26 16 100000 14 15 100000 100000 100000 4 10 12 14 100000 3 7 3 100000 4 5 14 100000 3 100000
27 51 11 31 4 31 31 26 100000 100000 100000 100000 13 16 2 15 31 48 11 42 100000 18 3
28 66 38 100000 45 45 29 9 19 45 100000 100000 34 56 100000 100000 34 50 54 46 100000 100000 22
29 41 100000 3 22 22 21 31 5 29 40 21 30 4 24 29 27 1 8 36 3 35 17
30 72 32 63 100000 28 38 43 29 50 23 100000 7 37 100000 60 27 20 100000 51 34 19 71
31 51 14 29 41 100000 51 12 31 38 34 50 45 36 100000 28 32 100000 49 50 11 10 34
32 16 14 11 3 2 10 100000 4 9 3 100000 14 14 2 5 12 100000 1 10 2 4 1
33 15 11 1 14 5 11 3 12 100000 100000 11 14 14 1 6 9 15 2 4 11 13 4
34 15 5 8 11 6 100000 6 100000 11 6 12 11 3 1 1 8 5 1 100000 100000 4 9
35 85 17 9 76 46 100000 100000 61 2 81 30 14 79 34 9 45 10 83 33 56 62 68
36 59 17 57 2 100000 58 100000 42 100000 21 9 14 28 10 100000 9 100000 100000 50 7 31 9
37 23 13 18 22 15 100000 12 100000 16 14 13 100000 100000 16 100000 14 4 16 100000 20 18 16
38 13 100000 8 3 100000 6 100000 2 7 100000 2 12 7 3 1 100000 2 3 8 10 100000 100000
39 19 16 7 7 6 16 100000 14 100000 100000 18 16 2 100000 6 18 6 100000 6 17 100000 3
40 108 99 100000 36 82 27 96 107 89 64 3 100000 100000 100000 106 100000 100000 47 46 100000 60 8
41 214 127 33 100000 100000 114 100000 174 210 210 95 39 137 31 41 100000 100000 100000 39 100000 101 65
42 80 3 15 73 100000 100000 51 18 100000 44 100000 27 49 14 57 61 78 22 49 36 23 20
43 37 34 100000 29 100000 100000 31 11 26 28 6 100000 100000 8 12 19 31 100000 18 10 100000 36
44 84 37 10 18 100000 76 37 39 100000 66 79 100000 28 71 100000 68 100000 9 52 52 18 29
45 18 9 100000 100000 6 13 4 10 13 7 2 17 6 13 15 12 17 4 5 14 10 100000
46 12 8 8 4 6 12 9 4 100000 8 3 1 100000 11 9 3 100000 1 4 6 7 9
47 29 15 10 11 6 100000 24 19 17 100000 12 26 3 100000 7 100000 20 28 25 17 27 19
48 37 25 1 23 4 10 100000 4 5 18 5 24 15 100000 33 17 5 34 23 100000 26 100000
49 13 3 4 100000 11 5 100000 100000 10 13 7 4 3 11 100000 1 100000 1 7 10 100000 1
50 70 47 49 33 49 60 100000 100000 48 62 31 43 8 8 24 29 27 100000 42 100000 48 60
51 217 126 100000 100000 109 103 81 176 100000 163 100000 100000 100000 139 213 150 81 204 189 118 55 10
52 72 69 55 48 70 100000 39 26 100000 64 41 18 49 6 10 24 44 65 32 100000 57 100000
53 85 33 70 100000 17 21 74 100000 64 67 55 100000 9 100000 40 39 10 100000 51 7 40 100000
54 43 5 100000 27 100000 13 14 19 29 22 40 100000 34 36 14 100000 19 13 5 16 33 100000
55 97 90 53 100000 100000 4 45 34 4 4 100000 100000 55 16 50 100000 32 100000 8 100000 16 100000
56 37 31 29 26 28 100000 19 100000 100000 2 15 33 30 2 27 23 24 11 32 100000 25 14
57 13 7 100000 100000 100000 3 9 2 6 4 7 100000 100000 6 3 1 8 8 8 7 100000 5
58 35 3 9 18 12 7 100000 3 32 7 22 100000 11 14 100000 5 35 12 12 29 13 20
59 217 100000 208 185 113 182 126 3 187 131 206 206 154 100000 100000 128 100000 100000 154 66 137 169
60 72 61 5 59 63 11 100000 47 28 49 19 100000 59 34 51 52 70 37 71 100000 40 38
61 85 22 67 34 30 73 36 8 47 75 29 33 48 77 83 100000 67 5 4 31 100000 100000
62 25 100000 22 10 100000 22 20 4 100000 23 3 25 7 20 13 20 25 19 6 2 22 1
63 37 31 100000 5 100000 34 23 12 10 37 31 9 21 100000 22 24 29 31 13 28 100000 1
64 37 2 8 10 18 100000 30 32 25 19 7 26 100000 25 10 14 24 2 100000 2 32 14
65 103 87 41 76 78 65 103 58 100000 12 91 35 29 66 98 100000 88 64 13 30 100000 87
66 140 132 12 125 76 64 36 23 97 100000 9 100000 48 100000 100000 136 100000 100000 134 108 55 76
67 49 34 29 100000 46 100000 100000 1 48 14 33 2 37 100000 19 20 26 100000 11 17 30 47
68 35 14 32 100000 25 27 100000 12 4 7 3 100000 11 28 23 11 27 14 8 9 19 6
69 51 33 29 36 41 39 26 41 2 31 31 100000 30 29 7 33 39 26 29 11 40 100000
70 88 40 67 45 84 15 20 31 78 21 100000 100000 100000 50 22 78 80 100000 65 100000 79 31
71 53 15 47 100000 10 100000 100000 100000 29 19 51 18 52 30 16 50 5 41 9 51 19 36
72 144 7 100000 100000 100000 100000 100000 65 100000 30 55 8 25 14 108 100000 17 137 57 77 100000 135
73 337 317 337 92 290 100000 100000 85 100000 250 119 327 280 122 213 102 229 14 58 203 21 277
74 107 65 9 7 2 100000 43 62 100000 54 70 100000 15 97 12 95 96 100000 15 61 100000 95
75 371 86 5 267 34 100000 100000 100000 5 319 142 49 100000 34 260 100000 60 179 38 100000 282 90
76 97 46 100000 100000 64 27 7 100000 13 96 100000 100000 90 46 100000 100000 100000 31 100000 86 50 61
77 166 100000 146 51 74 166 100000 163 131 27 100000 100000 57 80 74 100000 100000 118 148 100000 32 8
78 92 20 36 27 32 47 57 83 36 37 90 12 49 77 44 32 86 21 66 6 23 27
79 92 79 54 44 67 38 87 56 20 100000 2 70 44 91 6 20 52 17 71 11 45 81
80 106 102 97 82 100000 89 73 100000 84 106 96 26 63 3 21 60 46 87 73 79 7 94
81 49 49 10 100000 7 10 14 33 28 14 44 100000 27 40 31 5 21 2 100000 1 19 9
82 92 30 41 20 100000 9 49 47 88 100000 61 27 47 9 68 74 12 8 84 100000 48 18
83 371 94 341 323 82 23 182 156 82 100000 119 100000 100000 290 334 119 138 286 53 249 286 100000
84 87 29 83 27 63 15 79 61 100000 100000 84 100000 58 10 100000 73 30 66 53 100000 12 45
85 162 148 100000 119 100000 133 100000 91 20 94 64 157 46 11 101 93 127 35 101 135 107 32
86 96 27 100000 8 82 18 53 100000 100000 2 6 53 2 90 40 33 31 33 32 80 58 14
87 79 79 48 61 10 3 72 46 69 22 21 100000 59 25 41 6 26 100000 52 30 16 45
88 96 41 84 30 48 100000 24 9 96 43 100000 100000 100000 80 28 94 41 22 52 24 85 100000
89 42 31 7 5 25 10 25 42 22 12 37 37 26 31 37 18 38 20 3 100000 100000 100000
90 88 85 75 75 78 74 81 100000 54 71 17 66 74 16 51 67 100000 100000 28 100000 66 36
91 90 56 5 100000 100000 17 100000 50 78 100000 29 78 87 41 71 40 14 87 31 90 7 13
92 97 48 62 100000 60 49 48 3 76 97 75 100000 9 77 86 29 38 56 15 27 58 100000
93 270 4 179 47 211 157 90 138 100000 100000 138 208 100000 170 184 100000 119 200 133 100000 248 203
94 452 78 375 100000 290 55 100000 105 434 100000 100000 344 362 213 96 105 236 100000 159 100000 100000 357
95 48 100000 29 43 9 8 26 100000 42 33 9 16 1 47 14 46 41 21 45 2 9 26
96 338 100000 186 100000 72 223 28 217 298 38 100000 136 89 281 193 100000 100000 100000 264 136 183 331
97 34 100000 11 12 23 11 2 23 7 6 8 11 11 11 19 8 32 25 7 9 23 12
98 65 43 27 62 11 44 32 31 26 100000 26 37 100000 100000 100000 12 27 2 64 13 7 53
99 50 20 34 42 22 28 14 100000 11 17 100000 32 11 43 100000 100000 4 100000 24 30 31 100000
100 112 12 15 25 22 2 13 48 111 100000 100000 51 100000 43 21 61 100000 69 99 100000 44 100000
101 48 32 4 16 100000 48 25 16 100000 100000 26 14 42 17 8 100000 18 14 46 15 9 100000
102 117 64 75 73 37 100000 38 79 52 56 101 80 9 15 115 27 100000 68 31 74 100000 47
103 50 35 11 16 43 19 3 100000 10 36 7 31 40 40 4 13 49 21 20 17 31 100000
104 68 100000 15 50 100000 60 64 100000 40 14 31 57 30 10 20 40 68 100000 64 28 18 64
105 232 98 17 100000 149 100000 147 100000 100000 52 130 144 177 165 56 112 80 24 52 218 100000 59
106 122 64 70 32 53 75 25 86 100000 74 100000 100000 25 105 100000 116 100000 11 26 19 100000 100000
107 151 85 100000 6 141 100000 100000 100000 79 36 115 19 97 100000 48 106 145 58 100000 76 100000 70
108 31 22 9 20 30 5 11 100000 20 100000 15 31 17 100000 100000 24 18 100000 18 100000 30 9
109 97 19 88 77 100000 32 14 23 66 43 77 100000 24 94 37 100000 100000 32 100000 49 64 56
110 308 100000 237 127 179 210 268 253 62 38 182 59 139 100000 265 100000 237 158 259 100000 99 247
111 116 29 46 7 7 68 4 72 4 100000 100000 98 75 15 38 105 114 22 108 38 108 94
112 312 206 29 100000 300 100000 178 231 191 54 166 54 303 116 160 94 132 250 259 144 265 144
113 34 100000 7 31 100000 20 32 100000 21 15 100000 12 27 31 100000 24 100000 5 1 100000 100000 27
114 128 128 120 104 98 115 94 18 100000 124 125 100000 9 100000 100000 10 67 82 53 12 76 100000
115 54 5 4 100000 100000 100000 23 100000 100000 15 3 100000 100000 20 32 28 100000 39 28 48 100000 5
116 175 46 15 69 109 149 147 65 76 100000 95 100000 100000 25 71 97 132 15 78 100000 159 152
117 55 100000 17 25 5 10 12 22 7 100000 12 53 16 100000 28 2 31 8 12 46 5 100000
118 306 111 193 108 202 100000 68 100000 100000 50 297 102 111 96 13 132 166 239 71 215 190 100000
119 59 39 100000 20 3 33 54 100000 45 100000 11 38 30 51 29 100000 44 36 43 24 34 20
120 59 34 20 9 32 44 27 52 52 50 59 45 58 21 100000 7 49 29 25 36 37 18
121 66 65 23 4 9 17 34 52 100000 100000 65 100000 56 13 56 52 58 100000 49 14 2 22
122 66 35 64 100000 13 14 9 100000 47 59 100000 7 34 30 100000 21 10 3 100000 13 43 33
123 23 5 22 16 4 2 19 6 7 11 16 12 16 7 17 5 20 100000 8 3 13 18
124 244 100000 166 71 100000 100000 100000 193 222 198 217 181 130 42 40 135 100000 105 50 154 142 210
125 54 100000 15 7 100000 38 16 100000 39 100000 100000 46 50 41 4 39 47 22 39 51 20 4
126 294 115 145 121 282 259 124 256 112 212 92 209 100000 16 100000 191 100000 247 19 218 33 100000
127 84 38 82 45 100000 71 18 83 100000 100000 77 76 100000 33 48 74 65 13 36 3 100000 23
128 61 100000 5 2 51 29 59 56 50 47 31 25 32 16 53 100000 24 57 17 20 34 36
129 57 56 100000 31 53 12 23 15 37 56 24 100000 47 4 53 17 5 3 34 42 32 45
130 38 29 6 18 24 33 100000 100000 22 100000 100000 100000 100000 6 5 10 30 16 37 7 100000 25
131 944 67 100000 642 425 821 831 652 100000 680 274 312 916 671 29 529 284 100000 821 100000 473 821
132 511 506 72 404 338 100000 108 72 205 195 100000 394 100000 52 100000 98 57 47 491 67 21 225
133 625 145 238 594 45 88 100000 76 63 513 226 138 313 176 100000 100000 100000 569 194 481 100000 469
134 445 100000 445 241 130 116 303 214 445 236 321 227 14 183 378 100000 187 59 432 28 112 210
135 68 20 63 36 10 100000 43 47 100000 100000 39 48 40 30 49 6 61 22 3 64 39 39
136 53 7 16 9 37 32 100000 31 100000 37 8 5 100000 25 100000 100000 10 43 33 44 48 26
137 49 1 22 27 12 100000 44 35 14 48 49 19 45 45 100000 32 15 3 34 8 1 45
138 92 60 36 15 42 65 100000 100000 56 48 44 33 100000 43 20 63 11 72 20 29 100000 79
139 236 64 133 20 184 86 215 236 121 83 194 100000 100000 83 104 13 100000 100000 67 135 100000 55
140 116 100000 11 17 37 48 100 83 100000 31 91 65 64 100000 15 78 17 36 16 70 91 107
141 265 59 25 70 199 101 9 202 204 262 236 254 100000 88 249 236 228 46 215 25 215 100000
142 149 66 143 4 84 149 134 45 29 119 47 128 116 47 100000 93 100000 100000 10 88 142 47
143 74 2 62 32 22 57 15 68 67 59 15 46 8 100000 56 16 8 100000 68 74 15 67
144 332 223 219 229 292 259 319 276 123 107 210 299 239 127 100000 137 100000 309 319 322 100 206
145 324 311 100000 246 204 100000 100000 237 91 204 217 130 253 59 127 269 46 79 124 100000 49 100000
146 104 61 63 100000 39 95 75 97 100000 100000 44 80 103 38 100000 19 73 27 100000 100000 2 91
147 51 25 41 100000 30 15 8 43 100000 49 13 13 36 9 49 12 100000 49 29 100000 47 21
148 58 100000 9 44 51 26 5 100000 35 28 11 28 26 37 20 100000 22 48 54 21 10 11
149 67 100000 52 62 12 31 40 4 23 100000 58 4 39 22 19 19 10 37 2 7 100000 100000
150 49 18 6 43 100000 47 100000 17 100000 17 21 28 2 12 7 100000 9 16 46 15 28 48
151 107 87 35 79 23 71 57 93 100000 100000 21 36 66 78 73 71 52 11 51 18 44 58
152 38 30 27 26 2 100000 23 100000 3 26 100000 29 34 100000 100000 12 100000 100000 32 100000 25 19
153 27 23 5 100000 13 3 7 100000 5 21 26 100000 19 13 12 4 9 22 6 16 9 13
154 68 100000 52 100000 100000 5 63 100000 55 65 43 100000 53 100000 39 8 54 47 100000 48 100000 49
155 207 94 100000 36 186 118 22 197 100000 164 100000 92 79 65 9 195 100000 156 164 15 34 55
156 202 180 162 79 100000 100000 100000 100000 100000 170 27 100000 126 41 65 134 100000 89 100000 160 100000 162
157 83 31 2 43 17 100000 100000 100000 58 55 25 74 7 3 100000 57 76 7 100000 57 77 70
158 35 2 20 6 13 100000 17 21 5 22 9 27 20 21 5 24 100000 32 20 15 2 15
159 58 23 45 40 100000 27 38 39 28 31 16 19 30 100000 17 100000 28 52 11 4 8 23
160 42 28 37 100000 23 8 36 100000 4 23 35 100000 6 22 19 25 100000 35 16 19 42 7
161 68 23 14 37 100000 100000 56 100000 30 33 63 12 100000 64 32 14 50 67 100000 9 31 20
162 68 100000 37 57 51 100000 66 66 6 100000 6 45 58 100000 60 18 100000 2 100000 49 25 57
163 68 45 57 47 13 30 2 61 28 28 63 7 45 15 100000 61 63 59 31 15 35 45
164 103 27 100000 4 103 22 100000 88 103 97 54 54 86 67 100000 75 36 27 76 52 51 95
165 103 28 87 48 98 9 12 100000 13 84 61 100000 78 92 7 96 56 54 100000 100000 89 100000
166 103 56 94 100000 56 25 38 85 78 43 5 21 17 100000 59 80 13 67 100000 33 19 92
167 103 72 8 100000 100000 99 15 102 7 44 9 100000 3 99 99 90 52 72 100000 61 100000 87
168 103 52 45 23 97 65 100000 70 86 100000 60 54 57 100000 23 61 100000 13 80 68 10 71
169 68 6 20 47 67 35 100000 62 41 28 100000 100000 100000 4 13 55 32 100000 26 17 67 57
170 103 103 65 37 48 82 37 100000 16 71 84 22 8 31 37 3 100000 58 85 100000 82 27
171 68 3 100000 30 31 12 51 100000 24 100000 47 100000 19 32 10 100000 100000 45 7 7 21 49
172 103 96 100000 101 36 68 53 95 100000 95 37 43 100000 70 38 100000 56 48 6 52 100000 70
173 103 100000 68 34 100000 66 100000 25 100000 100000 5 100000 30 38 90 4 8 100000 8 4 83 49
174 68 26 7 63 14 12 48 49 47 100000 100000 27 64 67 100000 100000 14 26 2 4 50 52
175 103 8 100000 100000 27 46 22 100000 87 55 100000 73 67 48 2 31 100000 5 71 92 99 39
176 103 89 71 100000 100000 100000 98 40 8 34 100000 62 19 95 31 27 21 18 43 82 102 32
177 10 7 4 6 9 5 7 7 4 1 3 3 6 100000 8 3 9 4 10 4 5 9
178 187 14 168 100000 55 180 70 100000 72 170 48 66 163 172 178 100000 34 161 14 8 165 10
179 134 111 79 127 100000 122 34 65 57 130 18 129 100000 100000 77 102 73 36 18 25 111 87
180 89 49 21 71 40 89 3 80 56 34 60 82 45 100000 29 9 67 75 100000 19 53 84
181 58 6 22 44 44 52 39 20 100000 41 32 39 3 42 26 53 30 52 100000 12 18 10
182 49 13 13 20 41 10 40 100000 14 25 47 43 100000 22 42 100000 43 14 4 5 44 35
183 134 103 66 9 93 71 74 49 115 100000 115 109 100000 100000 46 48 12 33 52 66 13 100000
184 53 16 36 100000 18 23 37 34 25 13 100000 38 49 31 100000 12 38 53 22 100000 21 41
185 334 241 101 164 307 100000 48 11 224 100000 100000 294 231 254 187 314 227 307 234 304 267 151
186 24 22 2 9 11 19 14 16 20 11 7 100000 17 6 13 100000 11 5 7 22 17 100000
187 76 27 43 100000 61 100000 49 100000 58 32 33 54 100000 11 62 20 100000 43 32 100000 46 16
188 76 64 100000 62 4 50 35 19 67 66 3 100000 54 100000 45 57 75 50 100000 49 100000 39
189 192 7 100000 156 37 5 154 20 142 100000 18 53 104 20 49 85 100000 182 110 64 100000 100000
190 98 37 51 67 48 14 67 93 100000 95 32 100000 60 37 84 16 21 100000 52 18 95 61
191 258 9 100000 150 27 181 78 222 29 181 212 255 135 100000 73 76 32 100000 34 127 11 117
192 165 116 76 29 100000 14 93 131 96 72 140 3 144 100000 86 113 11 150 86 100000 21 119
193 38 22 23 22 33 22 100000 29 4 38 100000 34 100000 15 20 35 37 27 9 100000 5 36
194 115 25 27 89 100000 10 100000 15 100000 99 73 59 87 45 99 73 100000 74 92 3 45 100000
195 83 41 31 49 35 34 63 30 100000 73 53 100000 12 100000 31 15 65 39 72 100000 15 26
196 56 24 54 100000 100000 39 3 51 3 100000 14 2 35 100000 51 48 39 49 25 2 3 35
197 29 100000 7 23 100000 27 3 6 18 14 22 15 15 26 26 100000 8 26 100000 16 100000 1
198 303 161 110 291 80 209 98 100000 73 61 173 100000 176 13 100000 224 107 100000 209 58 252 185
199 18 6 100000 12 8 6 8 2 12 4 2 10 17 10 8 16 4 10 16 11 100000 11
200 29 16 100000 21 23 3 26 13 15 10 4 100000 10 9 100000 6 4 5 25 7 100000 24
201 154 73 51 108 100000 100000 38 100000 22 151 22 100000 88 100000 65 131 100000 131 6 100000 94 142
202 90 100000 37 25 86 88 5 76 65 89 54 5 88 78 25 29 39 78 47 15 100000 62
203 93 100000 89 84 100000 72 100000 89 74 14 33 62 13 57 44 100000 100000 32 100000 46 77 100000
204 94 39 100000 85 59 30 86 12 10 24 42 2 85 51 22 74 100000 100000 100000 100000 6 100000
205 165 70 101 100000 22 100000 100000 45 73 100000 90 131 162 72 111 47 44 63 100000 70 81 100000
<task directions>
1 E
2 E
3 R
4 L
5 E
6 E
7 R
8 R
9 R
10 R
11 R
12 R
13 L
14 L
15 L
16 L
17 L
18 L
19 E
20 E
21 E
22 E
23 E
24 E
25 R
26 L
27 R
28 R
29 R
30 R
31 R
32 R
33 R
34 L
35 E
36 E
37 L
38 L
39 L
40 E
41 E
42 E
43 L
44 L
45 L
46 L
47 L
48 L
49 L
50 L
51 L
52 L
53 L
54 R
55 R
56 R
57 R
58 R
59 R
60 R
61 R
62 E
63 E
64 E
65 E
66 E
67 E
68 E
69 E
70 E
71 E
72 E
73 E
74 E
75 E
76 E
77 E
78 L
79 R
80 E
81 E
82 E
83 E
84 E
85 E
86 E
87 E
88 E
89 E
90 R
91 R
92 R
93 R
94 E
95 R
96 E
97 E
98 E
99 E
100 E
101 E
102 E
103 E
104 R
105 L
106 L
107 E
108 L
109 E
110 R
111 L
112 R
113 E
114 L
115 E
116 R
117 E
118 E
119 E
120 E
121 E
122 E
123 E
124 E
125 E
126 R
127 E
128 E
129 E
130 R
131 E
132 R
133 R
134 R
135 L
136 L
137 E
138 E
139 E
140 L
141 L
142 L
143 L
144 E
145 E
146 L
147 L
148 R
149 R
150 R
151 E
152 L
153 L
154 E
155 E
156 E
157 E
158 R
159 R
160 E
161 R
162 R
163 R
164 R
165 R
166 R
167 R
168 R
169 L
170 L
171 L
172 L
173 L
174 L
175 L
176 L
177 E
178 E
179 L
180 L
181 L
182 L
183 L
184 L
185 E
186 R
187 R
188 L
189 E
190 E
191 R
192 E
193 R
194 E
195 L
196 R
197 R
198 R
199 R
200 R
201 L
202 L
203 L
204 E
205 E
<precedence relations>
1,36
2,3
2,4
3,5
4,5
5,7
5,13
6,36
7,8
8,9
9,10
10,11
11,12
12,36
13,14
14,15
15,16
16,17
17,18
18,36
19,36
20,22
21,22
22,23
23,24
23,34
24,26
24,27
24,28
25,28
26,35
27,35
28,29
29,30
29,33
30,31
30,32
31,35
32,35
33,35
34,35
35,36
36,37
36,40
36,41
36,42
36,62
36,69
36,72
36,75
36,83
36,110
36,111
36,112
37,38
38,39
39,45
40,43
40,54
41,92
42,43
42,54
43,44
44,45
45,46
45,48
45,51
45,53
46,47
47,92
48,49
49,50
50,92
51,52
52,92
53,92
54,55
55,56
55,59
55,61
56,57
57,58
58,92
59,60
60,92
61,92
62,63
63,64
64,65
64,68
65,66
66,67
67,80
68,80
69,70
70,71
71,73
72,73
73,74
74,76
75,92
76,77
76,78
76,79
77,80
77,82
78,80
79,80
80,81
81,84
82,92
83,92
84,85
85,86
85,88
85,90
86,87
87,92
88,89
89,92
90,91
91,92
92,93
92,94
92,95
92,96
92,97
92,98
92,99
93,135
94,135
95,113
96,113
97,100
98,100
99,100
100,101
100,103
100,105
100,109
100,130
100,131
100,134
101,102
102,113
103,104
104,113
105,106
105,107
106,108
107,108
108,113
109,113
110,113
111,113
112,113
113,114
113,115
113,116
113,117
113,118
113,119
113,120
113,121
113,122
113,123
113,124
113,161
113,162
113,163
113,169
113,171
113,174
113,203
113,204
113,205
114,160
115,160
116,160
117,160
118,126
119,126
120,126
121,126
122,126
123,126
124,125
125,126
126,127
126,128
126,129
127,135
128,135
129,135
130,136
131,132
132,133
133,189
134,189
135,136
135,137
135,138
135,139
135,140
135,141
135,142
135,144
135,145
135,147
135,148
135,149
135,150
135,151
135,152
135,153
135,158
136,189
137,160
138,160
139,160
140,143
141,143
142,143
143,160
144,160
145,146
146,160
147,160
148,160
149,160
150,160
151,160
152,160
153,154
154,155
155,156
156,157
157,189
158,159
159,189
160,164
160,170
160,178
160,179
160,184
161,167
162,165
163,164
164,165
165,166
166,167
167,168
168,177
169,170
170,172
171,172
172,173
173,175
174,175
175,176
176,177
177,185
177,186
177,187
177,188
177,194
177,195
178,180
179,180
180,181
180,183
181,182
185,189
186,189
187,189
188,189
189,190
189,191
189,193
191,192
194,197
195,196
196,197
197,198
197,199
197,201
199,200
201,202
<end>