<number of tasks>
205
<number of mated-station>
8
<number of workers>
16
<task times>
1 692 146 125 671 609 100000 100000 381 112 561 381 139 664 685 540 374
2 42 29 15 100000 2 13 36 100000 17 33 37 100000 38 3 2 32
3 261 11 48 141 100000 110 134 4 6 154 243 149 230 196 97 175
4 261 240 87 162 4 110 196 100000 115 180 128 100000 173 199 100000 149
5 157 121 130 99 9 35 81 100000 100000 32 100000 100000 98 70 87 113
6 90 53 38 34 30 100000 17 87 38 100000 31 71 49 100000 100000 100000
7 54 53 27 100000 100000 26 13 100000 30 54 17 23 27 32 11 5
8 67 61 19 15 49 8 4 100000 47 100000 33 14 100000 48 100000 35
9 30 13 8 26 2 15 18 5 9 26 6 9 19 17 13 7
10 106 40 24 100000 77 54 68 51 33 37 79 26 86 91 100000 62
11 32 15 12 31 14 32 3 23 27 16 13 24 5 7 100000 18
12 62 58 33 45 58 30 100000 48 8 46 14 100000 35 33 100000 32
13 54 8 51 100000 47 52 24 18 30 100000 100000 47 36 100000 21 21
14 67 37 43 39 100000 10 57 100000 39 100000 100000 12 6 100000 41 100000
15 30 11 16 100000 2 7 17 29 7 15 12 100000 17 10 13 7
16 106 100000 80 23 100000 41 58 57 3 69 66 54 75 100000 8 70
17 32 22 30 19 28 21 13 3 3 11 20 4 10 28 2 20
18 62 60 100000 52 100000 100000 27 28 53 3 100000 100000 34 33 100000 33
19 56 3 7 10 6 49 14 5 26 9 100000 24 7 43 100000 100000
20 67 7 40 100000 44 100000 22 66 100000 33 100000 10 24 67 4 38
21 86 83 38 100000 22 19 67 38 100000 100000 15 86 64 12 100000 15
22 37 37 9 36 19 22 100000 33 10 31 21 32 29 19 33 100000
23 41 25 26 29 29 23 2 3 12 36 33 12 100000 100000 12 100000
24 72 11 59 49 5 37 2 47 4 16 100000 100000 17 66 44 59
25 86 31 38 7 15 42 100000 11 100000 18 35 100000 100000 51 73 62
26 16 100000 7 7 7 12 1 100000 100000 11 13 8 6 100000 100000 100000
27 51 29 12 100000 24 27 16 100000 100000 41 29 14 13 21 42 100000
28 66 54 56 62 25 26 3 15 63 24 61 42 9 23 26 2
29 41 23 32 26 25 8 5 100000 12 5 2 36 31 3 41 3
30 72 5 100000 100000 2 31 68 10 29 17 52 100000 27 15 17 68
31 51 50 49 12 19 27 10 36 43 29 42 44 25 100000 38 46
32 16 100000 12 100000 5 4 6 100000 3 100000 100000 7 8 12 15 100000
33 15 7 8 6 14 14 5 3 9 2 10 4 4 2 7 4
34 15 5 9 7 100000 7 100000 2 11 7 3 11 100000 7 5 8
35 85 100000 78 56 23 5 40 50 78 35 29 100000 35 16 100000 63
36 59 15 54 27 27 47 32 100000 2 31 33 8 7 53 47 27
37 23 100000 9 4 12 100000 18 5 100000 100000 8 10 16 100000 20 17
38 13 3 100000 10 12 6 100000 12 9 3 5 3 10 7 100000 2
39 19 13 4 16 100000 7 6 7 15 100000 9 100000 9 6 3 11
40 108 100000 33 82 43 23 8 25 100000 100000 5 108 48 86 27 69
41 214 31 100000 100000 46 18 84 56 178 100000 93 100000 100000 100000 100000 67
42 80 6 3 41 37 40 56 10 100000 100000 19 59 70 100000 37 44
43 37 12 18 100000 27 34 4 33 26 13 30 20 100000 24 25 100000
44 84 100000 13 77 14 13 100000 28 67 53 3 57 77 72 100000 100000
45 18 17 1 2 3 100000 16 15 2 4 100000 3 11 11 16 3
46 12 11 11 2 100000 2 3 2 3 9 10 6 8 5 7 10
47 29 11 5 11 26 19 20 23 2 16 12 5 15 27 12 24
48 37 32 27 36 14 9 18 100000 19 21 100000 14 100000 100000 100000 100000
49 13 4 2 4 12 8 2 12 4 2 100000 100000 10 10 5 4
50 70 64 40 22 20 13 17 8 18 17 59 21 31 51 35 56
51 217 109 126 57 141 182 55 7 120 100000 174 23 16 137 83 113
52 72 42 31 100000 61 22 16 25 51 100000 55 68 61 55 100000 7
53 85 43 100000 9 82 4 100000 6 58 46 100000 33 100000 18 74 100000
54 43 8 40 100000 41 39 17 37 33 100000 13 18 100000 25 100000 20
55 97 47 86 14 23 100000 4 100000 80 18 78 7 26 52 26 100000
56 37 27 100000 14 6 100000 13 17 100000 100000 100000 24 11 9 36 6
57 13 2 11 11 100000 100000 10 7 100000 12 3 13 4 13 4 7
58 35 4 28 100000 15 33 35 19 100000 10 18 100000 20 6 20 2
59 217 42 163 165 107 100000 100 193 100000 172 100000 139 40 100000 187 70
60 72 69 100000 13 100000 100000 100000 65 64 44 70 21 36 65 66 69
61 85 100000 100000 75 50 40 6 37 100000 69 59 6 41 32 84 56
62 25 3 100000 3 14 7 22 12 8 9 7 23 25 20 21 1
63 37 15 20 13 100000 100000 100000 7 18 100000 9 5 4 18 10 100000
64 37 16 23 28 100000 4 2 100000 33 21 100000 25 36 100000 31 100000
65 103 30 93 100000 100000 14 50 5 6 56 58 39 7 54 100000 28
66 140 100000 41 7 91 100000 107 48 100000 100000 47 100000 100000 64 100000 25
67 49 29 43 100000 20 13 15 42 2 13 33 8 100000 6 26 100000
68 35 12 18 5 2 35 13 1 30 28 24 31 100000 20 21 18
69 51 44 44 50 19 28 29 26 51 100000 49 3 32 40 51 21
70 88 31 100000 11 68 56 51 100000 26 43 21 15 19 100000 100000 100000
71 53 39 41 25 100000 100000 51 39 37 47 48 31 49 3 21 43
72 144 52 118 117 48 32 73 114 31 100 38 11 95 40 67 100000
73 337 100000 320 88 196 100000 263 100000 38 270 78 65 100000 100000 58 21
74 107 4 48 89 73 4 20 100000 97 82 26 99 22 56 105 100000
75 371 249 100000 12 345 249 53 100000 238 175 100000 53 279 53 86 249
76 97 94 34 73 50 37 80 53 48 57 62 47 39 82 34 65
77 166 100000 31 112 87 100000 138 161 85 55 60 67 100000 126 16 51
78 92 9 100000 56 100000 32 4 3 100000 17 87 9 32 40 47 67
79 92 100000 91 21 100000 3 48 13 43 100000 3 43 32 27 73 100000
80 106 100000 100000 89 51 2 27 90 100000 20 44 91 106 68 49 63
81 49 35 1 100000 34 21 18 33 37 24 100000 23 100000 43 100000 100000
82 92 19 100000 100000 32 54 3 80 90 100000 81 47 100000 74 100000 11
83 371 279 327 100000 100000 131 275 34 142 23 293 297 323 245 100000 100000
84 87 47 79 62 14 83 100000 47 67 100000 45 87 66 61 100000 24
85 162 136 30 64 19 72 100000 109 110 110 98 99 100000 12 32 133
86 96 52 87 19 83 73 82 10 85 8 93 3 48 100000 100000 100000
87 79 28 100000 58 55 65 75 25 47 100000 68 45 30 22 70 33
88 96 100000 100000 88 58 23 67 81 100000 68 91 100000 13 11 49 100000
89 42 31 27 17 28 37 100000 37 100000 29 35 25 10 100000 28 35
90 88 67 6 100000 34 24 71 38 62 31 43 69 100000 42 27 43
91 90 100000 18 47 100000 48 14 100000 100000 38 3 62 19 100000 6 22
92 97 11 100000 5 68 72 100000 100000 5 67 85 65 100000 31 62 45
93 270 25 79 68 109 100000 232 203 68 39 205 114 240 100000 57 211
94 452 258 452 100000 172 312 100000 60 100000 371 416 150 100000 227 317 294
95 48 17 32 100000 38 29 100000 3 18 20 40 33 12 30 14 100000
96 338 271 146 100000 82 52 318 149 217 281 18 95 136 100000 257 325
97 34 100000 100000 11 17 17 100000 2 21 22 100000 20 21 20 12 6
98 65 20 39 48 43 57 7 100000 2 52 100000 40 5 16 36 45
99 50 10 37 100000 2 27 16 34 29 16 33 3 34 13 13 26
100 112 65 63 100000 102 101 95 17 100000 94 5 100000 86 96 103 9
101 48 25 100000 15 100000 100000 19 48 8 42 43 32 1 28 2 100000
102 117 103 44 100000 14 20 91 108 43 60 44 75 54 100000 15 93
103 50 35 41 3 44 34 31 50 4 28 46 100000 38 32 42 100000
104 68 100000 6 50 37 100000 48 21 39 52 19 100000 26 18 38 10
105 232 100000 119 75 17 45 68 105 117 50 96 211 147 144 100000 149
106 122 100000 70 3 100000 115 86 75 82 60 100000 45 100000 34 58 100000
107 151 139 144 114 120 72 133 115 46 30 33 31 100000 151 102 81
108 31 8 26 28 28 5 22 26 26 21 21 100000 13 10 26 9
109 97 52 78 8 13 29 100000 3 100000 63 8 73 81 61 71 100000
110 308 13 253 100000 182 112 188 253 121 10 56 26 100000 176 53 296
111 116 92 32 7 115 90 100000 61 67 102 100000 17 62 80 23 114
112 312 94 250 10 60 100000 138 100000 247 13 100000 262 104 253 172 272
113 34 29 32 10 28 20 29 11 100000 8 29 32 31 4 30 100000
114 128 101 61 65 77 15 33 101 100000 11 115 100000 34 100000 75 52
115 54 18 5 48 5 38 100000 8 17 47 47 31 16 39 30 100000
116 175 118 175 100000 128 100000 95 149 18 128 86 119 100 4 20 123
117 55 16 33 35 40 20 25 48 50 53 18 28 100000 7 33 45
118 306 129 89 163 141 126 263 263 123 297 172 80 96 105 172 202
119 59 37 27 14 11 54 100000 51 25 4 53 38 20 19 52 100000
120 59 28 37 18 56 100000 17 32 40 100000 6 59 41 50 100000 24
121 66 24 45 21 100000 100000 100000 51 100000 15 59 100000 4 100000 15 100000
122 66 49 49 100000 16 34 2 48 100000 10 100000 37 9 19 34 66
123 23 13 22 3 13 12 100000 4 7 20 18 14 22 100000 2 100000
124 244 59 79 132 100000 100000 149 69 100000 100000 195 67 244 200 225 166
125 54 10 38 100000 25 100000 15 4 47 100000 49 38 51 31 30 8
126 294 112 221 118 121 224 7 48 30 133 100000 42 112 294 100000 7
127 84 3 19 23 39 13 72 5 58 100000 9 34 30 64 72 100000
128 61 100000 100000 18 12 100000 53 100000 20 46 35 9 57 54 38 5
129 57 100000 12 28 28 100000 55 100000 38 5 36 32 45 100000 47 32
130 38 12 35 7 30 4 22 100000 100000 100000 21 32 7 30 32 2
131 944 100000 312 699 256 727 869 491 614 237 100000 840 180 803 100000 218
132 511 343 389 100000 440 297 21 108 100000 67 399 100000 343 261 78 343
133 625 151 169 163 20 425 531 20 575 475 581 369 488 313 500 107
134 445 409 347 100000 45 76 272 100000 414 290 100000 139 19 100000 45 272
135 68 60 2 4 41 34 60 22 10 51 17 68 67 34 7 8
136 53 40 26 49 100000 18 19 20 100000 45 49 100000 42 19 7 100000
137 49 9 100000 45 17 15 15 49 27 100000 25 41 30 2 6 100000
138 92 100000 8 60 25 57 13 78 26 87 21 100000 16 57 28 36
139 236 231 100000 102 126 6 100000 196 100000 126 163 100000 130 147 100000 39
140 116 56 102 100 25 100000 100000 33 67 100000 100000 23 93 100000 106 4
141 265 257 93 117 67 64 100000 215 100000 100000 38 228 141 178 115 159
142 149 112 7 136 35 100000 66 133 145 22 115 102 100000 109 118 78
143 74 42 37 33 46 62 100000 34 41 72 20 58 100000 13 100000 57
144 332 84 299 239 51 100000 173 299 279 104 74 84 253 100000 223 61
145 324 182 301 100000 227 100000 156 111 195 100000 217 182 288 211 100000 217
146 104 56 50 20 57 100000 5 34 15 101 100000 88 85 29 40 77
147 51 42 47 5 24 100000 27 43 35 24 42 8 100000 32 34 9
148 58 32 26 37 17 47 8 55 23 57 14 20 18 4 100000 35
149 67 26 27 12 31 100000 60 100000 15 66 100000 58 31 27 9 62
150 49 100000 14 7 100000 100000 100000 20 13 20 16 21 100000 1 5 100000
151 107 43 57 88 41 71 99 77 100000 72 100000 100000 49 99 93 41
152 38 23 18 14 24 100000 100000 100000 1 100000 100000 100000 29 28 27 100000
153 27 3 11 23 100000 12 16 100000 100000 4 12 15 4 16 16 16
154 68 24 38 68 13 39 29 47 38 52 14 51 100000 62 41 34
155 207 110 100000 34 44 100000 100000 67 50 110 36 116 100 94 178 102
156 202 100000 85 100000 91 100000 128 116 124 166 100000 176 100000 142 100000 81
157 83 100000 34 38 100000 3 80 100000 65 66 24 14 100000 12 100000 20
158 35 2 19 30 28 32 20 20 15 1 100000 32 8 10 17 100000
159 58 37 24 23 22 16 14 12 58 22 100000 100000 21 19 37 56
160 42 28 18 100000 22 10 100000 17 27 100000 35 26 100000 31 24 23
161 68 44 62 26 8 67 19 38 16 7 47 21 30 32 14 42
162 68 100000 100000 18 28 67 9 27 59 100000 22 100000 28 46 38 19
163 68 100000 28 45 4 59 12 45 64 3 14 26 38 16 50 64
164 103 85 83 38 14 66 72 100000 43 29 28 100000 28 31 91 31
165 103 86 100000 3 100000 52 96 100000 53 75 70 96 29 100000 23 54
166 103 93 81 55 66 13 38 23 86 46 75 90 7 100000 50 2
167 103 28 61 100000 100000 35 100000 100000 14 91 57 100000 19 54 78 97
168 103 96 84 78 58 100000 100000 43 87 100000 71 19 97 19 62 15
169 68 100000 27 66 37 63 47 61 100000 68 22 100000 7 16 30 55
170 103 33 6 94 48 88 92 88 73 7 103 95 12 15 7 59
171 68 100000 100000 49 100000 30 11 45 24 100000 42 37 30 20 27 11
172 103 43 24 100000 100000 70 70 14 100000 38 24 18 12 30 21 100000
173 103 61 92 62 73 100000 29 29 91 73 27 100000 57 17 22 93
174 68 100000 100000 11 8 40 10 44 65 100000 100000 100000 7 22 12 5
175 103 54 57 52 15 44 47 89 42 42 75 20 38 100000 17 45
176 103 35 34 100000 6 74 100000 87 5 100000 56 83 65 58 75 4
177 10 5 1 4 100000 7 4 100000 100000 9 8 4 8 6 3 1
178 187 3 101 100000 150 48 148 40 5 137 10 107 100000 31 14 79
179 134 100000 18 100000 46 57 101 100000 42 87 28 125 79 64 126 125
180 89 35 41 100000 100000 80 74 42 31 38 36 75 51 87 37 53
181 58 53 24 52 15 57 100000 4 100000 55 7 17 57 18 42 38
182 49 100000 4 100000 38 37 4 16 100000 36 32 45 38 48 16 29
183 134 109 100000 10 100000 6 100000 100000 100000 14 100000 89 95 100000 100000 133
184 53 100000 7 28 26 100000 15 17 100000 100000 17 22 32 43 13 32
185 334 324 54 204 244 100000 164 207 31 287 267 334 91 100000 100000 100000
186 24 7 100000 5 5 12 9 12 16 100000 100000 7 20 20 19 100000
187 76 50 100000 100000 75 100000 49 29 100000 60 100000 68 100000 62 46 67
188 76 39 15 24 12 43 100000 29 100000 63 16 63 50 32 76 100000
189 192 186 98 100000 110 30 100 131 156 158 83 148 121 18 5 53
190 98 62 81 4 52 21 88 57 100000 36 62 27 97 100000 77 76
191 258 222 100000 168 204 100000 217 212 163 100000 76 189 27 100000 58 100000
192 165 75 90 117 100000 58 165 121 100000 94 4 117 55 16 160 155
193 38 22 9 34 30 100000 5 23 14 18 100000 1 4 2 100000 100000
194 115 89 84 35 50 100000 112 100000 24 93 10 112 47 115 115 100000
195 83 60 38 17 100000 35 59 45 56 3 15 100000 79 100000 44 2
196 56 100000 43 100000 54 33 56 100000 13 2 15 8 10 48 51 25
197 29 9 15 26 20 18 17 26 21 19 24 9 25 21 17 100000
198 303 100000 10 125 113 86 43 209 70 31 212 100000 297 100000 100000 89
199 18 5 100000 100000 100000 2 13 3 4 12 100000 100000 3 100000 8 9
200 29 100000 26 25 100000 10 9 21 14 8 100000 11 19 16 22 17
201 154 139 22 15 100000 84 47 100000 130 19 53 133 71 27 97 62
202 90 17 59 45 14 16 5 100000 48 51 65 86 40 62 16 9
203 93 48 63 45 11 27 44 11 25 73 26 87 16 34 100000 100000
204 94 89 37 100000 25 67 85 32 62 16 41 100000 88 68 100000 10
205 165 16 90 3 94 37 34 94 3 34 117 58 16 134 135 100000
<task directions>
1 E
2 E
3 R
4 L
5 E
6 E
7 R
8 R
9 R
10 R
11 R
12 R
13 L
14 L
15 L
16 L
17 L
18 L
19 E
20 E
21 E
22 E
23 E
24 E
25 R
26 L
27 R
28 R
29 R
30 R
31 R
32 R
33 R
34 L
35 E
36 E
37 L
38 L
39 L
40 E
41 E
42 E
43 L
44 L
45 L
46 L
47 L
48 L
49 L
50 L
51 L
52 L
53 L
54 R
55 R
56 R
57 R
58 R
59 R
60 R
61 R
62 E
63 E
64 E
65 E
66 E
67 E
68 E
69 E
70 E
71 E
72 E
73 E
74 E
75 E
76 E
77 E
78 L
79 R
80 E
81 E
82 E
83 E
84 E
85 E
86 E
87 E
88 E
89 E
90 R
91 R
92 R
93 R
94 E
95 R
96 E
97 E
98 E
99 E
100 E
101 E
102 E
103 E
104 R
105 L
106 L
107 E
108 L
109 E
110 R
111 L
112 R
113 E
114 L
115 E
116 R
117 E
118 E
119 E
120 E
121 E
122 E
123 E
124 E
125 E
126 R
127 E
128 E
129 E
130 R
131 E
132 R
133 R
134 R
135 L
136 L
137 E
138 E
139 E
140 L
141 L
142 L
143 L
144 E
145 E
146 L
147 L
148 R
149 R
150 R
151 E
152 L
153 L
154 E
155 E
156 E
157 E
158 R
159 R
160 E
161 R
162 R
163 R
164 R
165 R
166 R
167 R
168 R
169 L
170 L
171 L
172 L
173 L
174 L
175 L
176 L
177 E
178 E
179 L
180 L
181 L
182 L
183 L
184 L
185 E
186 R
187 R
188 L
189 E
190 E
191 R
192 E
193 R
194 E
195 L
196 R
197 R
198 R
199 R
200 R
201 L
202 L
203 L
204 E
205 E
<precedence relations>
1,36
2,3
2,4
3,5
4,5
5,7
5,13
6,36
7,8
8,9
9,10
10,11
11,12
12,36
13,14
14,15
15,16
16,17
17,18
18,36
19,36
20,22
21,22
22,23
23,24
23,34
24,26
24,27
24,28
25,28
26,35
27,35
28,29
29,30
29,33
30,31
30,32
31,35
32,35
33,35
34,35
35,36
36,37
36,40
36,41
36,42
36,62
36,69
36,72
36,75
36,83
36,110
36,111
36,112
37,38
38,39
39,45
40,43
40,54
41,92
42,43
42,54
43,44
44,45
45,46
45,48
45,51
45,53
46,47
47,92
48,49
49,50
50,92
51,52
52,92
53,92
54,55
55,56
55,59
55,61
56,57
57,58
58,92
59,60
60,92
61,92
62,63
63,64
64,65
64,68
65,66
66,67
67,80
68,80
69,70
70,71
71,73
72,73
73,74
74,76
75,92
76,77
76,78
76,79
77,80
77,82
78,80
79,80
80,81
81,84
82,92
83,92
84,85
85,86
85,88
85,90
86,87
87,92
88,89
89,92
90,91
91,92
92,93
92,94
92,95
92,96
92,97
92,98
92,99
93,135
94,135
95,113
96,113
97,100
98,100
99,100
100,101
100,103
100,105
100,109
100,130
100,131
100,134
101,102
102,113
103,104
104,113
105,106
105,107
106,108
107,108
108,113
109,113
110,113
111,113
112,113
113,114
113,115
113,116
113,117
113,118
113,119
113,120
113,121
113,122
113,123
113,124
113,161
113,162
113,163
113,169
113,171
113,174
113,203
113,204
113,205
114,160
115,160
116,160
117,160
118,126
119,126
120,126
121,126
122,126
123,126
124,125
125,126
126,127
126,128
126,129
127,135
128,135
129,135
130,136
131,132
132,133
133,189
134,189
135,136
135,137
135,138
135,139
135,140
135,141
135,142
135,144
135,145
135,147
135,148
135,149
135,150
135,151
135,152
135,153
135,158
136,189
137,160
138,160
139,160
140,143
141,143
142,143
143,160
144,160
145,146
146,160
147,160
148,160
149,160
150,160
151,160
152,160
153,154
154,155
155,156
156,157
157,189
158,159
159,189
160,164
160,170
160,178
160,179
160,184
161,167
162,165
163,164
164,165
165,166
166,167
167,168
168,177
169,170
170,172
171,172
172,173
173,175
174,175
175,176
176,177
177,185
177,186
177,187
177,188
177,194
177,195
178,180
179,180
180,181
180,183
181,182
185,189
186,189
187,189
188,189
189,190
189,191
189,193
191,192
194,197
195,196
196,197
197,198
197,199
197,201
199,200
201,202
<end>