<number of tasks>
205
<number of mated-station>
4
<number of workers>
8
<task times>
1 692 100000 1412 686 100000 100000 707 1848
2 42 56 44 76 66 31 16 11
3 261 501 580 752 603 329 689 290
4 261 423 100000 100000 345 100000 95 100000
5 157 274 250 104 123 368 161 100000
6 90 100000 162 39 227 100000 246 100000
7 54 12 100000 86 40 100000 86 152
8 67 17 21 100000 87 117 131 165
9 30 47 66 17 78 29 85 18
10 106 42 100000 100000 239 251 220 242
11 32 100000 88 90 22 87 100000 27
12 62 138 147 153 95 10 86 160
13 54 104 162 101 138 102 101 100000
14 67 105 100000 193 71 15 7 100000
15 30 48 77 82 37 9 85 100000
16 106 100000 30 242 305 100000 144 4
17 32 75 68 72 83 100000 10 71
18 62 90 29 3 84 160 100000 153
19 56 100000 74 100000 85 163 165 100000
20 67 100000 13 149 147 69 100000 87
21 86 100000 63 199 88 250 237 240
22 37 100000 15 100000 110 110 36 100000
23 41 30 100000 62 50 40 100000 78
24 72 59 100000 100000 7 100000 147 57
25 86 9 37 100000 109 209 207 4
26 16 5 3 44 40 25 16 47
27 51 132 48 127 144 10 39 48
28 66 137 105 105 125 80 54 56
29 41 111 80 19 58 66 119 66
30 72 89 124 40 100000 18 158 205
31 51 42 100000 85 45 22 100000 109
32 16 17 100000 14 8 32 29 100000
33 15 22 20 45 2 100000 100000 42
34 15 43 100000 100000 100000 30 39 30
35 85 92 184 100000 214 100000 100000 100000
36 59 159 84 94 121 100000 152 154
37 23 66 100000 8 47 18 28 100000
38 13 100000 34 35 31 8 23 100000
39 19 17 100000 11 100000 41 100000 26
40 108 100000 263 305 130 114 30 259
41 214 597 100000 187 322 302 148 168
42 80 42 233 135 180 214 15 15
43 37 100000 100000 76 67 93 65 100
44 84 64 56 71 29 244 101 100000
45 18 25 100000 100000 24 15 20 17
46 12 26 12 7 7 34 34 100000
47 29 50 19 70 100000 12 17 58
48 37 32 100000 9 92 18 100000 19
49 13 100000 35 19 28 23 10 100000
50 70 183 158 45 100000 100000 202 93
51 217 100000 131 417 60 645 138 112
52 72 100000 10 14 25 89 35 100000
53 85 100000 67 161 138 100000 230 230
54 43 25 23 100000 111 100000 92 100000
55 97 256 259 201 155 277 18 230
56 37 30 64 21 100000 56 58 91
57 13 38 32 33 100000 8 4 100000
58 35 4 57 84 100000 44 73 27
59 217 100000 125 86 47 476 66 105
60 72 102 212 100000 100000 3 48 63
61 85 100000 105 80 156 192 131 252
62 25 6 100000 75 15 65 15 100000
63 37 77 100000 100000 60 97 108 98
64 37 100000 16 15 53 54 16 36
65 103 100000 106 220 19 167 93 121
66 140 407 100000 244 395 236 378 319
67 49 84 19 103 84 46 2 64
68 35 76 51 51 94 51 31 30
69 51 53 85 112 139 142 63 9
70 88 46 35 227 77 35 133 211
71 53 105 83 100000 115 100000 91 96
72 144 376 156 100000 337 380 195 247
73 337 100000 173 486 100000 910 769 991
74 107 100000 123 167 100000 263 30 52
75 371 446 100000 100000 646 935 246 879
76 97 253 175 94 178 4 268 100000
77 166 418 90 41 16 289 394 354
78 92 86 95 12 125 117 100000 64
79 92 199 166 152 218 133 100000 20
80 106 179 274 11 80 274 100000 144
81 49 26 43 26 8 33 116 13
82 92 106 221 273 18 180 100000 128
83 371 146 1046 100000 100000 913 100000 501
84 87 102 100000 219 191 240 115 19
85 162 103 100000 100000 302 336 30 462
86 96 87 185 78 100000 100000 165 41
87 79 100000 204 93 22 218 183 119
88 96 242 100000 100000 100000 87 122 268
89 42 55 100000 105 105 40 22 80
90 88 209 100000 19 100000 143 100000 75
91 90 20 100000 230 127 173 100000 170
92 97 129 56 256 233 24 256 100000
93 270 82 244 58 155 100000 100000 74
94 452 96 1166 1085 313 15 1288 1166
95 48 118 78 21 130 110 55 50
96 338 700 173 771 102 781 761 994
97 34 8 46 101 100000 19 77 22
98 65 106 191 133 100000 129 61 100000
99 50 100000 52 34 126 98 100000 56
100 112 48 14 232 100000 100000 252 100000
101 48 25 81 100000 35 34 100000 130
102 117 239 204 351 100000 267 100000 183
103 50 43 100000 2 35 100000 53 100000
104 68 100000 172 100000 100000 17 25 100000
105 232 425 100000 640 100000 362 223 328
106 122 78 121 337 100000 132 16 100000
107 151 100000 308 100000 119 100000 100000 232
108 31 76 45 10 79 72 61 66
109 97 76 103 100000 285 288 21 100000
110 308 361 306 100000 463 822 100000 130
111 116 157 50 244 119 348 100000 100000
112 312 562 100000 805 29 253 403 291
113 34 100000 20 62 100000 88 75 70
114 128 208 100000 212 100000 365 376 100000
115 54 100000 96 91 112 62 135 96
116 175 100000 100000 17 100000 399 504 100000
117 55 11 150 34 100000 150 121 100000
118 306 625 84 432 359 285 652 111
119 59 119 77 77 73 5 100000 71
120 59 173 100000 41 100000 128 59 112
121 66 131 119 165 100000 21 17 141
122 66 107 78 84 107 170 40 194
123 23 24 68 32 19 4 17 11
124 244 454 228 535 374 257 520 505
125 54 33 99 100000 43 100000 49 100000
126 294 177 160 80 706 142 248 45
127 84 111 167 81 6 100000 81 41
128 61 100000 67 57 117 100000 117 136
129 57 118 100000 100000 100000 129 137 59
130 38 56 100000 19 99 38 64 42
131 944 58 100000 86 312 1813 1530 58
132 511 200 100000 1273 100000 215 537 399
133 625 1107 170 100000 1763 100000 100000 1013
134 445 214 775 1108 521 100000 100000 735
135 68 105 100 100000 100000 52 169 141
136 53 132 72 137 120 77 82 78
137 49 100000 86 100000 27 42 127 46
138 92 100000 273 100000 174 70 100000 117
139 236 100000 100000 284 241 100000 8 616
140 116 289 341 282 100000 303 233 100000
141 265 755 747 200 100000 406 25 477
142 149 100000 224 228 300 100000 322 100000
143 74 169 145 173 145 100000 100 100000
144 332 658 369 240 429 260 250 946
145 324 100000 419 457 807 923 118 603
146 104 181 41 41 100000 135 247 54
147 51 100 100000 153 48 48 100000 115
148 58 169 67 86 120 79 136 122
149 67 133 165 199 100000 115 100000 21
150 49 71 137 58 132 46 118 11
151 107 100000 23 292 151 177 171 206
152 38 22 3 100000 107 44 104 55
153 27 24 66 24 68 45 26 75
154 68 86 7 184 174 48 131 60
155 207 100000 100000 509 88 100000 13 13
156 202 431 255 358 110 370 43 521
157 83 98 85 68 100000 18 23 249
158 35 44 102 27 30 100000 27 27
159 58 100000 46 86 27 62 141 51
160 42 21 115 10 100000 124 15 100000
161 68 100000 198 100000 33 186 159 143
162 68 100000 100000 100000 100000 74 111 131
163 68 196 159 169 33 33 133 186
164 103 100000 140 183 50 143 272 300
165 103 69 16 229 100000 272 100000 143
166 103 244 140 100000 100000 100000 226 272
167 103 29 152 281 130 269 66 13
168 103 100000 84 100000 232 303 127 53
169 68 58 103 36 143 56 96 13
170 103 269 195 100000 35 149 143 100000
171 68 169 66 200 100000 100000 50 25
172 103 100000 38 100000 127 180 232 241
173 103 173 281 287 309 100000 189 100
174 68 100000 15 100000 109 66 190 92
175 103 226 217 100000 100 167 100000 32
176 103 7 84 195 53 303 241 124
177 10 22 100000 18 10 3 16 18
178 187 100000 57 46 455 100000 100000 113
179 134 238 310 49 370 5 100000 238
180 89 100000 161 100000 187 89 33 126
181 58 60 119 132 43 158 51 164
182 49 8 125 100000 78 38 48 144
183 134 294 93 334 169 137 149 100000
184 53 110 71 135 105 100000 85 82
185 334 251 401 311 81 31 592 81
186 24 19 54 100000 49 2 100000 14
187 76 92 21 146 100000 100000 155 205
188 76 185 117 51 62 185 108 100000
189 192 100000 289 185 100000 519 133 100000
190 98 104 194 238 42 224 189 100000
191 258 449 100000 581 473 148 503 689
192 165 100000 159 475 292 199 100000 238
193 38 100 34 108 81 90 41 50
194 115 100000 25 335 187 156 290 100000
195 83 95 8 177 118 120 110 120
196 56 100000 100000 96 165 128 3 105
197 29 76 17 100000 66 100000 66 26
198 303 909 65 410 101 410 410 391
199 18 26 4 3 38 40 6 100000
200 29 100000 39 100000 4 28 78 100000
201 154 365 176 268 287 264 338 236
202 90 101 141 114 100000 203 211 31
203 93 151 235 59 109 68 57 45
204 94 276 212 158 248 215 100000 178
205 165 90 100000 154 100000 263 100000 485
<task directions>
1 E
2 E
3 R
4 L
5 E
6 E
7 R
8 R
9 R
10 R
11 R
12 R
13 L
14 L
15 L
16 L
17 L
18 L
19 E
20 E
21 E
22 E
23 E
24 E
25 R
26 L
27 R
28 R
29 R
30 R
31 R
32 R
33 R
34 L
35 E
36 E
37 L
38 L
39 L
40 E
41 E
42 E
43 L
44 L
45 L
46 L
47 L
48 L
49 L
50 L
51 L
52 L
53 L
54 R
55 R
56 R
57 R
58 R
59 R
60 R
61 R
62 E
63 E
64 E
65 E
66 E
67 E
68 E
69 E
70 E
71 E
72 E
73 E
74 E
75 E
76 E
77 E
78 L
79 R
80 E
81 E
82 E
83 E
84 E
85 E
86 E
87 E
88 E
89 E
90 R
91 R
92 R
93 R
94 E
95 R
96 E
97 E
98 E
99 E
100 E
101 E
102 E
103 E
104 R
105 L
106 L
107 E
108 L
109 E
110 R
111 L
112 R
113 E
114 L
115 E
116 R
117 E
118 E
119 E
120 E
121 E
122 E
123 E
124 E
125 E
126 R
127 E
128 E
129 E
130 R
131 E
132 R
133 R
134 R
135 L
136 L
137 E
138 E
139 E
140 L
141 L
142 L
143 L
144 E
145 E
146 L
147 L
148 R
149 R
150 R
151 E
152 L
153 L
154 E
155 E
156 E
157 E
158 R
159 R
160 E
161 R
162 R
163 R
164 R
165 R
166 R
167 R
168 R
169 L
170 L
171 L
172 L
173 L
174 L
175 L
176 L
177 E
178 E
179 L
180 L
181 L
182 L
183 L
184 L
185 E
186 R
187 R
188 L
189 E
190 E
191 R
192 E
193 R
194 E
195 L
196 R
197 R
198 R
199 R
200 R
201 L
202 L
203 L
204 E
205 E
<precedence relations>
1,36
2,3
2,4
3,5
4,5
5,7
5,13
6,36
7,8
8,9
9,10
10,11
11,12
12,36
13,14
14,15
15,16
16,17
17,18
18,36
19,36
20,22
21,22
22,23
23,24
23,34
24,26
24,27
24,28
25,28
26,35
27,35
28,29
29,30
29,33
30,31
30,32
31,35
32,35
33,35
34,35
35,36
36,37
36,40
36,41
36,42
36,62
36,69
36,72
36,75
36,83
36,110
36,111
36,112
37,38
38,39
39,45
40,43
40,54
41,92
42,43
42,54
43,44
44,45
45,46
45,48
45,51
45,53
46,47
47,92
48,49
49,50
50,92
51,52
52,92
53,92
54,55
55,56
55,59
55,61
56,57
57,58
58,92
59,60
60,92
61,92
62,63
63,64
64,65
64,68
65,66
66,67
67,80
68,80
69,70
70,71
71,73
72,73
73,74
74,76
75,92
76,77
76,78
76,79
77,80
77,82
78,80
79,80
80,81
81,84
82,92
83,92
84,85
85,86
85,88
85,90
86,87
87,92
88,89
89,92
90,91
91,92
92,93
92,94
92,95
92,96
92,97
92,98
92,99
93,135
94,135
95,113
96,113
97,100
98,100
99,100
100,101
100,103
100,105
100,109
100,130
100,131
100,134
101,102
102,113
103,104
104,113
105,106
105,107
106,108
107,108
108,113
109,113
110,113
111,113
112,113
113,114
113,115
113,116
113,117
113,118
113,119
113,120
113,121
113,122
113,123
113,124
113,161
113,162
113,163
113,169
113,171
113,174
113,203
113,204
113,205
114,160
115,160
116,160
117,160
118,126
119,126
120,126
121,126
122,126
123,126
124,125
125,126
126,127
126,128
126,129
127,135
128,135
129,135
130,136
131,132
132,133
133,189
134,189
135,136
135,137
135,138
135,139
135,140
135,141
135,142
135,144
135,145
135,147
135,148
135,149
135,150
135,151
135,152
135,153
135,158
136,189
137,160
138,160
139,160
140,143
141,143
142,143
143,160
144,160
145,146
146,160
147,160
148,160
149,160
150,160
151,160
152,160
153,154
154,155
155,156
156,157
157,189
158,159
159,189
160,164
160,170
160,178
160,179
160,184
161,167
162,165
163,164
164,165
165,166
166,167
167,168
168,177
169,170
170,172
171,172
172,173
173,175
174,175
175,176
176,177
177,185
177,186
177,187
177,188
177,194
177,195
178,180
179,180
180,181
180,183
181,182
185,189
186,189
187,189
188,189
189,190
189,191
189,193
191,192
194,197
195,196
196,197
197,198
197,199
197,201
199,200
201,202
<end>