<number of tasks>
205
<number of mated-station>
13
<number of workers>
26
<task times>
1 692 1039 1080 831 100000 1059 2055 1848 437 100000 1205 1350 1703 375 1267 395 2076 354 167 100000 790 1537 707 100000 1329 1599
2 42 91 112 25 31 100000 74 16 100000 41 6 16 100000 71 11 116 97 59 42 20 100000 100000 100000 7 122 107
3 261 408 100000 674 103 100000 439 181 251 236 376 470 100000 95 251 126 595 478 760 314 509 100000 611 100000 439 100000
4 261 100000 87 290 588 110 744 100000 228 666 369 32 517 642 100000 345 267 150 728 236 595 100000 100000 100000 345 306
5 157 377 363 25 349 10 433 269 448 100000 57 255 405 100000 20 20 100000 34 100000 100000 104 100 100000 330 292 100000
6 90 36 98 82 203 149 170 168 60 100000 23 119 106 173 197 170 160 33 109 130 130 100000 95 168 100000 100000
7 54 30 96 100000 56 127 100000 100000 114 100000 40 100000 160 100000 51 33 162 148 100000 112 22 127 138 157 112 107
8 67 131 193 113 183 29 185 187 100000 100000 81 25 101 183 67 147 93 100000 100000 100000 199 100000 97 103 161 37
9 30 27 62 25 77 100000 100000 67 55 15 67 69 10 30 30 100000 48 66 50 46 21 51 78 6 43 77
10 106 175 264 33 191 267 100000 100000 90 248 100000 99 100000 283 36 264 201 191 299 172 55 121 100000 267 264 23
11 32 87 4 18 100000 100000 11 41 44 22 86 26 43 4 57 3 43 100000 24 48 100000 23 100000 100000 67 54
12 62 95 7 136 100000 142 114 66 32 23 99 82 12 105 92 119 69 121 100000 97 164 121 51 100000 179 114
13 54 100000 61 101 46 69 82 114 6 85 100000 100000 41 100000 106 100000 100000 100000 53 96 85 12 38 106 62 100000
14 67 100000 13 81 100000 195 179 100000 143 100000 100000 155 101 43 100000 61 37 135 9 199 121 100000 100000 191 195 105
15 30 21 33 100000 50 100000 100000 19 21 14 50 13 40 100000 23 56 61 100000 54 100000 84 67 28 88 67 63
16 106 23 289 213 96 188 100000 229 255 318 100000 213 20 175 26 302 58 201 49 261 312 210 289 236 296 264
17 32 16 100000 59 70 18 100000 9 92 50 87 46 15 2 9 100000 100000 16 31 37 68 100000 100000 38 43 74
18 62 21 123 169 53 69 112 88 29 106 136 169 82 100000 82 66 114 82 18 100000 88 38 100000 156 68 127
19 56 33 100000 81 86 64 81 133 136 100000 23 74 100000 145 100000 115 100000 73 100000 111 93 163 36 165 101 100000
20 67 100000 89 175 143 100000 100000 100000 155 107 33 100000 187 25 15 75 41 147 173 75 177 175 153 31 127 43
21 86 4 70 40 124 100000 99 109 250 204 240 100000 204 45 153 232 209 135 145 201 117 60 100000 194 227 96
22 37 22 89 37 100000 99 65 19 4 89 14 66 60 32 38 101 35 19 76 91 108 76 111 9 59 32
23 41 85 73 100000 95 40 118 74 34 52 34 30 86 111 100000 100000 12 12 22 19 118 100000 25 106 45 105
24 72 100000 104 167 126 197 139 190 100000 152 100000 156 100000 100000 100000 205 48 143 50 18 100000 29 134 10 100000 100000
25 86 191 237 212 100000 100000 158 63 173 42 96 81 140 248 100000 100000 100000 100000 209 83 112 42 100000 122 168 194
26 16 100000 100000 24 100000 100000 38 43 36 5 11 5 100000 100000 31 3 7 25 44 45 34 100000 10 35 100000 100000
27 51 6 71 71 89 113 135 82 110 39 42 44 31 97 51 135 100000 60 141 120 97 51 100000 31 139 103
28 66 66 100000 25 184 188 86 107 190 88 31 100000 182 82 100000 94 31 100000 100000 143 100000 101 94 64 60 121
29 41 122 100000 117 23 73 50 100000 106 12 91 34 123 55 2 100000 27 88 101 114 95 23 42 45 12 121
30 72 7 167 134 57 188 87 201 93 210 210 104 212 81 100000 53 18 100000 31 100000 93 7 117 167 192 100000
31 51 124 150 53 100000 100000 88 103 100000 126 88 95 139 100000 22 33 100000 127 39 82 83 31 21 142 113 42
32 16 21 47 28 37 24 25 17 8 100000 25 40 18 19 17 38 36 27 12 6 100000 45 100000 37 100000 33
33 15 34 1 21 42 19 6 12 11 21 30 27 38 32 27 10 12 27 5 26 34 100000 1 40 21 9
34 15 15 100000 100000 100000 19 24 100000 100000 4 6 19 100000 100000 19 100000 35 12 40 100000 16 41 31 23 3 9
35 85 4 222 204 100000 100000 100000 87 49 158 100000 100000 100000 227 100000 100000 141 103 100000 212 166 100000 158 100000 92 230
36 59 110 168 50 54 175 77 100000 122 40 80 100000 89 82 26 49 29 13 17 149 100 17 101 78 56 43
37 23 10 100000 66 16 42 100000 100000 31 57 55 55 46 36 14 32 48 17 69 100000 12 25 48 100000 20 54
38 13 8 34 35 22 26 30 33 20 17 11 37 15 26 100000 39 7 6 8 37 28 6 10 3 15 100000
39 19 55 51 49 16 100000 100000 45 55 11 12 6 3 26 44 100000 50 100000 11 56 32 5 9 35 100000 100000
40 108 100000 95 100000 175 79 288 100000 156 240 240 314 79 137 85 311 272 237 100000 4 98 75 100000 117 192 100000
41 214 443 488 642 334 334 136 398 100000 437 100000 100000 100000 257 104 591 219 142 264 100000 72 219 174 174 100000 100000
42 80 63 61 207 82 97 238 178 49 23 100000 49 137 100000 209 92 100000 54 100000 100000 68 135 118 87 70 100000
43 37 57 73 70 96 100000 46 24 10 40 3 100000 58 97 100000 20 21 81 57 59 42 97 100000 103 79 79
44 84 119 9 154 192 84 159 100000 41 207 86 252 144 212 154 114 100000 100000 232 167 229 100000 219 144 132 100000
45 18 100000 50 15 35 27 100000 14 41 100000 3 100000 23 51 47 3 49 49 100000 100000 17 47 51 6 10 25
46 12 35 25 18 23 100000 100000 2 34 16 2 22 21 100000 29 100000 10 28 22 27 11 100000 28 34 100000 26
47 29 81 21 59 100000 59 35 32 15 83 49 42 29 17 100000 32 100000 82 23 60 100000 5 17 24 66 100000
48 37 87 27 15 100000 60 66 30 16 2 29 60 95 100000 24 100000 63 9 100000 2 100000 19 96 96 107 92
49 13 100000 11 31 34 7 16 26 11 100000 100000 29 39 17 100000 100000 26 27 8 37 31 100000 24 4 15 100000
50 70 55 120 100000 139 145 11 118 183 100000 154 100000 24 89 164 99 195 103 100000 183 133 116 18 89 95 193
51 217 125 404 371 100000 606 599 228 586 489 79 86 170 346 196 100000 294 528 73 100000 378 281 456 138 515 100000
52 72 158 96 109 100000 128 136 154 50 100000 98 207 61 109 126 16 109 100000 167 70 100000 121 100000 188 205 143
53 85 143 103 100000 181 14 31 100000 62 100000 100000 247 100 70 82 100000 100000 252 192 100000 230 100000 199 247 100000 100000
54 43 11 107 53 91 100000 98 5 62 96 52 92 100000 37 98 38 84 9 60 100000 18 79 100000 92 57 109
55 97 79 91 45 169 36 53 230 274 216 175 100000 71 268 224 33 149 117 233 277 94 71 291 248 100000 134
56 37 91 16 100000 85 100000 78 49 9 15 91 75 100000 65 31 78 71 86 100000 81 19 100000 109 79 22 100000
57 13 31 39 100000 100000 37 15 16 4 13 4 12 100000 100000 39 26 35 39 100000 100000 37 25 100000 20 3 19
58 35 79 93 70 100000 100000 13 80 59 100000 99 21 67 103 76 46 79 100000 43 100000 100000 64 100000 16 48 100000
59 217 79 100000 100000 638 248 554 411 534 47 339 8 502 476 100000 274 79 469 118 99 53 100000 100000 495 645 482
60 72 100000 42 171 100000 136 74 3 100000 175 214 48 100 190 27 184 162 20 109 126 38 171 74 162 40 83
61 85 176 105 148 202 136 181 217 100000 100000 232 192 34 108 108 100000 255 123 9 92 9 181 72 100000 204 174
62 25 100000 2 39 30 5 51 17 37 74 62 55 100000 66 15 57 28 5 34 6 73 69 100000 54 59 74
63 37 52 30 47 109 97 87 67 80 100000 100000 65 54 100000 25 100000 5 100000 107 109 32 41 86 100000 67 27
64 37 24 100000 92 99 5 109 100000 63 88 29 100000 49 100000 84 100000 102 84 21 100000 41 82 88 102 33 100000
65 103 294 192 100000 287 269 232 247 278 263 257 100000 297 100000 100000 278 100000 180 118 291 180 217 220 100000 223 235
66 140 412 307 143 100000 303 198 89 378 22 269 100000 100000 14 257 353 51 100000 273 100000 202 252 100000 139 100000 223
67 49 71 48 29 26 100000 100000 135 29 100000 100000 100000 100000 23 143 26 146 93 52 4 100000 62 71 100 124 74
68 35 89 100000 70 63 52 71 86 38 41 100000 19 75 6 31 104 88 30 95 100000 100000 21 53 6 93 100000
69 51 53 100000 72 100000 150 10 37 79 92 6 13 36 139 88 139 86 144 106 24 98 130 12 48 100000 65
70 88 100000 100000 156 143 190 180 111 130 100000 27 133 219 169 125 230 100000 12 100000 100000 27 159 109 204 259 4
71 53 145 48 10 17 23 89 69 88 100000 3 146 15 91 12 153 151 22 104 100000 143 14 14 59 156 100000
72 144 109 316 100000 156 100000 234 100000 354 100 100000 18 251 354 100000 14 337 204 148 5 208 113 367 294 92 359
73 337 647 870 930 395 355 769 233 233 880 870 668 617 567 62 100000 100000 476 132 365 728 839 385 587 860 668
74 107 174 68 100000 263 251 100000 100000 321 212 100000 167 174 68 100000 132 100000 100000 241 100000 94 292 100 180 27 231
75 371 802 257 1113 201 257 279 100000 100000 100000 479 601 100000 624 891 390 79 100000 100000 100000 435 379 535 100000 168 768
76 97 230 152 161 253 262 100000 50 163 13 221 201 100 100000 285 129 248 24 100000 187 277 163 126 100000 250 50
77 166 200 100000 100000 31 304 195 160 66 21 279 130 349 85 180 125 31 180 225 81 165 100000 205 100000 46 100000
78 92 262 51 100000 67 31 139 213 276 67 128 155 177 106 34 97 100000 216 4 26 227 117 100000 59 40 59
79 92 18 78 100000 100000 100000 185 199 117 15 169 235 268 229 23 273 100000 108 106 100000 243 108 271 62 29 260
80 106 194 210 270 68 308 318 121 286 137 20 166 194 289 226 125 223 204 172 318 96 258 239 172 100000 100000
81 49 128 86 38 100000 128 100000 105 100 5 138 78 17 33 100000 42 21 100000 61 108 23 115 100000 143 100000 143
82 92 81 56 100000 205 48 100000 78 37 103 100000 128 100000 144 45 73 7 100000 106 73 150 18 243 202 183 128
83 371 57 935 601 34 212 1024 100000 735 991 824 668 1069 100000 679 713 557 679 368 390 1057 791 779 290 1057 279
84 87 95 30 100000 82 201 100000 238 261 95 56 227 193 100000 27 87 225 100000 56 50 100000 6 102 105 245 118
85 162 100000 214 467 331 100000 100000 205 100000 100000 161 336 229 171 88 100000 321 214 413 156 481 100000 438 100000 394 59
86 96 100000 176 282 225 259 127 100000 50 219 44 100000 96 100000 100000 100000 130 136 100000 100000 150 41 15 104 35 44
87 79 100000 100 86 77 183 93 60 39 88 86 192 105 51 213 102 211 154 216 100000 223 79 211 100000 124 202
88 96 219 245 268 199 100000 100000 100000 254 100000 142 231 170 176 136 193 61 10 100000 100000 245 245 259 100000 279 150
89 42 39 100000 71 11 100000 4 65 25 106 84 125 29 82 40 11 66 76 57 50 59 30 41 19 2 46
90 88 264 238 100000 40 232 140 100000 230 100000 100000 240 61 101 54 35 80 256 111 64 230 61 253 101 227 122
91 90 149 49 109 100000 133 230 100000 205 100000 168 100000 101 176 130 265 230 36 270 214 146 55 200 100000 197 100000
92 97 230 219 132 219 132 277 71 16 152 248 108 71 16 146 213 100000 233 279 259 230 140 271 100000 250 100000
93 270 519 705 486 179 535 381 389 624 100000 100000 244 689 438 130 268 100000 9 100000 349 139 219 567 721 41 454
94 452 489 28 963 895 841 1099 1126 733 679 597 462 218 733 42 584 1234 100000 1099 100000 529 1315 814 353 1329 1248
95 48 54 144 61 88 4 50 10 57 77 107 118 118 35 100000 100 101 41 98 100000 21 81 61 140 100000 81
96 338 832 72 416 659 862 153 264 984 173 11 903 234 133 832 100000 963 102 832 680 100000 933 100000 153 100000 477
97 34 89 95 77 12 75 71 48 100000 46 32 56 73 100000 77 15 27 35 31 33 4 14 45 91 59 81
98 65 123 100000 137 20 102 119 178 79 51 32 7 55 59 100000 81 139 112 183 18 143 170 36 46 71 30
99 50 140 137 76 28 76 100000 100000 87 25 47 55 7 71 100000 150 122 50 64 92 132 71 71 10 149 100000
100 112 286 279 125 152 100000 212 169 28 185 212 262 112 179 35 45 195 100000 61 199 175 165 24 88 192 115
101 48 135 124 88 134 143 25 100000 144 124 135 24 8 60 41 100000 100000 100000 94 68 4 88 18 2 24 84
102 117 75 278 309 229 173 330 100000 47 100000 337 127 100000 100000 232 281 71 173 100000 288 100000 29 99 351 100000 257
103 50 100000 50 96 100000 113 50 149 111 101 98 105 101 95 86 41 147 122 147 43 77 146 49 110 41 100000
104 68 9 100000 50 100000 103 100000 200 40 135 100 198 100000 48 137 76 100000 123 98 7 100000 178 92 90 145 176
105 232 564 119 100000 494 100000 335 522 328 613 43 100000 189 508 126 98 8 100000 474 369 216 453 91 100000 390 196
106 122 304 326 41 63 308 355 129 100000 81 38 132 278 326 227 41 27 340 19 326 340 132 56 326 191 100000
107 151 182 372 100000 132 168 173 204 250 100000 195 100000 308 168 100000 82 100 218 159 227 24 218 96 403 250 439
108 31 70 18 87 15 6 64 85 40 57 26 100000 100000 30 63 100000 16 17 100000 88 24 28 100000 100000 100000 58
109 97 158 248 100000 143 100000 100000 100000 224 27 100000 285 21 221 103 175 224 100000 21 27 100000 134 230 24 100000 239
110 308 527 407 481 100000 100000 100000 352 100000 278 721 149 712 306 749 472 573 269 100000 100000 223 546 100000 906 100000 786
111 116 178 100000 244 143 74 154 320 292 100000 313 303 136 32 43 331 178 100000 140 199 327 154 168 129 109 100000
112 312 291 861 100000 319 562 917 197 100000 674 100000 216 57 599 347 272 674 627 100000 571 899 207 618 506 169 843
113 34 100000 79 61 100000 79 21 49 77 100 19 7 7 79 70 100000 85 9 100000 13 15 42 97 100000 40 100000
114 128 100000 100000 154 292 292 100000 35 100000 116 100000 100000 181 93 181 101 100000 143 208 81 100000 100000 116 369 100000 74
115 54 41 25 82 117 119 100000 72 138 100000 100000 40 67 24 162 100000 54 41 75 98 100000 61 100000 138 86 127
116 175 457 100000 305 321 100000 100000 289 100000 32 363 100000 300 100000 100000 294 100000 100000 310 268 100000 100000 342 100000 205 420
117 55 62 50 19 17 100000 147 106 45 100000 42 93 140 100000 100000 19 122 57 47 132 152 100000 100000 126 101 14
118 306 100000 588 478 166 826 313 100000 368 100000 100000 29 771 845 100000 100000 100000 496 276 909 19 625 432 542 100000 542
119 59 108 49 100000 100000 89 91 100000 145 6 149 87 82 129 96 100000 8 10 100000 59 24 6 163 135 158 166
120 59 91 91 149 154 147 26 101 131 41 100000 6 64 3 17 100000 100000 100000 142 15 91 54 59 108 161 94
121 66 82 145 131 147 100000 100000 115 72 100000 100000 180 84 21 17 139 129 68 100000 147 186 161 68 100000 36 9
122 66 101 23 78 143 101 100000 100000 72 58 70 27 174 44 100000 166 192 190 100000 100000 107 180 100000 100000 82 186
123 23 34 21 100000 29 51 30 100000 100000 100000 63 100000 100000 24 20 33 7 17 15 4 63 55 63 55 55 100000
124 244 220 315 67 242 100000 100000 659 359 242 220 100000 447 125 542 100000 8 100000 608 454 147 652 103 23 725 100000
125 54 152 133 100000 57 125 30 106 100000 64 100000 59 100000 100000 100000 12 100000 27 48 100000 93 77 100000 19 107 100000
126 294 512 415 10 847 116 627 186 688 767 512 160 618 873 450 100000 812 618 204 89 100000 248 547 301 100000 838
127 84 100000 100000 100000 100000 244 139 86 194 237 100000 11 129 132 114 119 154 164 124 174 100000 96 26 202 84 21
128 61 43 67 5 68 178 92 168 56 147 83 76 123 145 32 159 107 100000 181 6 147 63 121 100000 77 97
129 57 140 76 100000 127 64 100000 108 6 100000 3 66 156 10 100000 100000 110 64 159 20 15 37 91 137 59 18
130 38 55 9 6 8 44 76 100 100000 78 109 102 100000 16 68 59 91 86 9 30 93 17 19 100000 72 79
131 944 2634 171 2407 964 2181 2181 171 1501 2294 2294 2124 2634 2011 1841 100000 2096 100000 2068 2436 1671 1388 2662 426 100000 1813
132 511 981 353 415 124 1288 1043 124 553 1319 1456 874 16 100000 598 537 721 936 1027 100000 185 568 476 537 568 32
133 625 1182 1444 1350 100000 188 1050 1463 100000 395 1594 788 1013 100000 76 151 619 1350 100000 1538 100000 788 170 1200 1650 957
134 445 735 100000 761 188 615 1242 294 100000 801 801 775 895 41 828 401 100000 294 908 881 1215 721 1268 188 655 695
135 68 111 184 100000 147 86 159 165 157 180 117 145 46 194 29 11 153 100000 31 204 115 121 100000 176 40 192
136 53 156 45 58 42 110 20 145 100000 131 100000 61 99 100000 100000 23 3 89 127 75 10 96 140 83 31 12
137 49 83 116 137 100000 100000 116 46 100000 113 97 100000 100000 40 96 40 100000 75 146 65 16 100000 21 89 138 87
138 92 260 48 147 128 40 64 78 100000 100000 147 100000 251 26 210 12 62 227 20 235 166 133 147 9 273 56
139 236 192 347 22 36 531 263 453 644 326 100000 86 43 227 100000 666 461 538 340 666 376 135 15 602 192 432
140 116 275 100000 286 254 178 178 32 272 268 171 299 57 22 22 100000 303 199 292 185 100000 247 109 102 63 292
141 265 406 176 88 100000 96 207 100000 112 509 100000 100000 763 581 100000 96 724 747 100000 485 731 100000 100000 366 176 100000
142 149 95 273 86 100000 46 100000 278 72 100000 255 100000 286 170 389 260 353 300 228 224 37 19 273 295 77 99
143 74 14 25 100000 218 153 151 153 158 14 100000 25 105 211 153 204 171 171 100000 39 100000 28 63 213 134 169
144 332 608 180 21 389 737 71 976 658 100000 916 897 71 439 100000 100000 787 518 409 936 707 319 538 469 658 459
145 324 690 438 554 253 720 244 100000 321 321 147 195 865 156 554 477 914 224 603 545 100000 100000 195 215 584 885
146 104 247 100000 17 265 73 107 247 51 265 100000 17 194 100000 35 57 97 35 268 100000 82 268 104 122 113 157
147 51 144 100000 112 33 100000 115 19 63 126 100000 100000 31 107 100000 18 71 15 7 136 51 100000 75 139 37 117
148 58 60 75 20 146 43 160 22 134 100000 155 152 164 32 65 15 117 100000 77 46 100000 100000 124 101 152 25
149 67 131 139 153 189 100000 100000 100000 201 165 187 171 7 199 93 73 109 25 23 105 87 100000 175 100000 183 100000
150 49 83 46 7 10 119 112 100000 135 129 2 89 17 74 93 20 13 124 38 24 100000 55 13 109 113 100000
151 107 286 164 116 270 263 315 212 286 100000 100000 91 251 100000 225 100000 33 119 49 100000 100000 97 100000 126 11 251
152 38 28 73 22 35 100000 97 111 33 17 100000 51 100000 69 17 99 69 22 58 64 98 114 72 100000 94 100000
153 27 100000 45 62 43 78 20 6 100000 79 76 59 100000 75 100000 11 100000 39 4 6 100000 100000 35 49 100000 100000
154 68 31 163 100000 100000 70 169 72 167 100000 100000 42 192 25 100000 100000 141 100000 15 3 100000 204 100000 176 90 100000
155 207 485 584 361 224 466 137 100000 100000 137 255 559 13 354 410 100000 410 602 565 609 63 243 367 305 100 44
156 202 552 183 43 37 49 92 183 201 412 473 370 100000 479 394 100000 400 100000 352 100000 100000 539 176 225 564 49
157 83 170 142 108 137 100000 229 227 53 36 118 120 53 157 100000 147 204 90 145 140 162 182 165 229 209 219
158 35 25 29 100000 103 100000 100000 2 45 100000 55 38 70 22 29 35 63 85 100000 105 102 19 27 61 78 5
159 58 27 82 162 100000 65 100000 29 93 108 100000 162 160 100000 81 139 105 139 32 46 10 63 113 150 100000 131
160 42 100000 109 100000 107 91 80 85 82 100000 84 122 84 100000 7 16 17 115 42 22 37 122 122 89 100000 120
161 68 113 115 153 169 64 125 163 147 180 42 105 100000 167 125 100000 100000 109 169 70 100000 100000 100000 119 100000 66
162 68 38 94 100000 100000 141 163 100000 145 60 100000 42 202 184 46 100000 176 192 157 196 123 68 90 62 100000 113
163 68 100000 42 105 78 11 204 50 200 149 94 100000 151 29 174 186 143 11 33 131 68 62 100000 121 159 184
164 103 16 32 100000 201 254 103 100000 100000 35 130 214 100000 103 287 109 7 13 75 16 149 284 69 72 309 10
165 103 47 100000 192 23 44 284 149 127 275 201 186 173 100000 149 173 207 257 133 180 294 220 50 201 284 235
166 103 44 152 223 100000 26 164 241 220 173 100000 100000 84 155 146 106 130 66 100000 118 100000 257 137 158 220 100000
167 103 238 100000 198 100000 210 41 100000 26 226 217 189 226 115 69 210 214 100000 23 164 100 303 78 10 284 53
168 103 81 100000 291 100000 173 287 106 44 90 60 204 173 100000 69 23 112 35 247 16 100000 309 291 124 130 56
169 68 100000 21 64 29 3 139 100000 174 127 161 103 157 165 94 143 100000 11 100000 100000 31 5 151 119 169 100000
170 103 232 266 109 100 124 47 13 112 16 177 170 47 60 291 300 284 47 4 100000 69 63 100000 75 106 291
171 68 100000 127 139 38 204 15 98 109 92 100000 23 90 178 188 113 82 117 33 123 40 137 42 143 204 115
172 103 235 75 180 306 164 257 72 106 44 257 60 100000 100000 226 133 100000 72 250 72 195 220 100000 29 149 140
173 103 254 100000 226 244 53 140 23 96 192 100000 140 32 13 272 214 229 161 254 118 56 220 56 32 217 100000
174 68 84 121 151 64 105 25 52 100000 23 155 94 139 54 74 84 100000 82 109 9 125 66 100000 42 107 66
175 103 100000 210 201 56 235 26 69 100000 284 260 35 130 118 100000 183 100000 10 238 201 100000 100000 100000 207 53 112
176 103 309 235 207 50 133 204 100000 100000 100000 223 183 100000 100000 118 100000 186 180 29 269 19 281 100000 207 306 100000
177 10 10 20 23 13 22 22 100000 100000 12 24 4 14 8 100000 6 18 28 11 29 27 24 3 7 28 9
178 187 102 100000 100000 100000 18 561 124 12 387 337 208 29 292 275 281 275 100000 281 203 460 326 242 100000 421 18
179 134 37 65 141 226 246 100000 100000 197 254 282 73 181 100000 21 117 61 113 100000 230 37 394 210 133 258 100000
180 89 214 169 36 198 201 131 169 224 100000 38 137 100000 100000 203 211 100000 41 121 78 201 99 195 131 100000 182
181 58 62 105 152 105 112 25 8 63 146 53 103 172 164 3 63 53 145 143 172 79 100000 122 107 79 49
182 49 70 109 100000 109 13 100000 65 137 35 56 100000 92 132 132 78 144 112 40 100000 100000 10 100000 100000 14 100000
183 134 366 314 29 390 210 294 366 29 9 9 73 25 214 100000 374 354 177 101 141 366 234 100000 398 81 85
184 53 26 108 17 100000 80 100000 45 59 100000 10 93 41 151 129 120 107 83 44 100000 69 100000 78 116 15 157
185 334 702 141 892 100000 481 942 522 101 471 100000 100000 221 151 832 151 892 612 311 100000 542 251 301 982 51 100000
186 24 100000 100000 52 64 100000 100000 100000 46 41 72 100000 100000 47 37 22 7 27 37 68 44 36 41 100000 33 29
187 76 12 71 153 96 49 201 87 99 189 105 183 78 142 192 92 139 142 130 210 203 146 139 203 100000 17
188 76 78 96 69 126 26 100000 100000 223 46 185 42 100000 100000 100000 55 185 49 178 100000 92 139 210 85 51 100000
189 192 427 329 507 174 100000 369 340 133 225 100000 346 93 100000 455 116 197 214 300 542 100000 444 363 100000 202 450
190 98 39 100000 92 100000 45 101 282 19 95 183 276 100000 100000 86 22 276 273 100000 262 77 227 16 100000 98 203
191 258 24 426 534 418 488 295 295 100000 774 310 712 581 117 588 550 697 202 418 310 47 100000 86 287 318 101
192 165 431 100000 115 441 90 100000 441 95 194 406 90 396 179 164 446 75 100000 223 204 436 268 125 199 100000 110
193 38 64 55 27 100000 108 102 19 13 74 42 4 10 36 41 100000 3 7 42 100 100000 44 29 26 51 100000
194 115 42 287 97 300 231 269 235 290 307 163 290 100000 304 100000 293 180 238 156 342 100000 145 331 249 25 29
195 83 100000 227 100000 48 247 100000 100000 70 135 165 100000 85 182 33 157 100000 234 237 100000 135 242 36 155 157 100000
196 56 128 66 131 74 136 53 8 100 100000 121 100000 93 18 126 59 13 100000 23 165 161 56 128 8 26 18
197 29 87 25 72 84 49 8 77 100000 100000 100000 51 100000 76 83 100000 81 28 22 49 14 8 63 3 72 33
198 303 319 37 391 100000 428 855 519 346 65 328 491 55 100000 92 100000 46 100000 855 292 428 201 55 201 100000 100000
199 18 25 30 24 100000 37 45 21 15 35 29 100000 47 54 26 28 2 100000 22 18 100000 24 4 100000 16 47
200 29 35 53 29 59 28 50 100000 20 15 21 18 59 100000 37 66 56 39 67 100000 59 2 13 16 100000 100000
201 154 158 144 98 291 167 351 100000 236 100000 75 102 79 100000 213 15 384 301 393 100000 282 370 100000 227 176 439
202 90 82 133 117 173 100000 259 100000 154 136 152 87 100000 4 119 100000 4 219 100000 219 39 179 33 219 152 122
203 93 100000 7 132 207 157 26 100000 100000 100000 100000 45 90 151 100000 84 57 226 123 96 262 20 96 251 37 137
204 94 100000 100000 181 100000 178 231 262 71 116 279 21 257 203 254 142 100000 29 7 97 52 113 186 100000 91 248
205 165 100000 100000 372 100000 302 149 465 100000 164 115 125 31 174 490 31 441 352 21 60 100000 100000 307 455 238 322
<task directions>
1 E
2 E
3 R
4 L
5 E
6 E
7 R
8 R
9 R
10 R
11 R
12 R
13 L
14 L
15 L
16 L
17 L
18 L
19 E
20 E
21 E
22 E
23 E
24 E
25 R
26 L
27 R
28 R
29 R
30 R
31 R
32 R
33 R
34 L
35 E
36 E
37 L
38 L
39 L
40 E
41 E
42 E
43 L
44 L
45 L
46 L
47 L
48 L
49 L
50 L
51 L
52 L
53 L
54 R
55 R
56 R
57 R
58 R
59 R
60 R
61 R
62 E
63 E
64 E
65 E
66 E
67 E
68 E
69 E
70 E
71 E
72 E
73 E
74 E
75 E
76 E
77 E
78 L
79 R
80 E
81 E
82 E
83 E
84 E
85 E
86 E
87 E
88 E
89 E
90 R
91 R
92 R
93 R
94 E
95 R
96 E
97 E
98 E
99 E
100 E
101 E
102 E
103 E
104 R
105 L
106 L
107 E
108 L
109 E
110 R
111 L
112 R
113 E
114 L
115 E
116 R
117 E
118 E
119 E
120 E
121 E
122 E
123 E
124 E
125 E
126 R
127 E
128 E
129 E
130 R
131 E
132 R
133 R
134 R
135 L
136 L
137 E
138 E
139 E
140 L
141 L
142 L
143 L
144 E
145 E
146 L
147 L
148 R
149 R
150 R
151 E
152 L
153 L
154 E
155 E
156 E
157 E
158 R
159 R
160 E
161 R
162 R
163 R
164 R
165 R
166 R
167 R
168 R
169 L
170 L
171 L
172 L
173 L
174 L
175 L
176 L
177 E
178 E
179 L
180 L
181 L
182 L
183 L
184 L
185 E
186 R
187 R
188 L
189 E
190 E
191 R
192 E
193 R
194 E
195 L
196 R
197 R
198 R
199 R
200 R
201 L
202 L
203 L
204 E
205 E
<precedence relations>
1,36
2,3
2,4
3,5
4,5
5,7
5,13
6,36
7,8
8,9
9,10
10,11
11,12
12,36
13,14
14,15
15,16
16,17
17,18
18,36
19,36
20,22
21,22
22,23
23,24
23,34
24,26
24,27
24,28
25,28
26,35
27,35
28,29
29,30
29,33
30,31
30,32
31,35
32,35
33,35
34,35
35,36
36,37
36,40
36,41
36,42
36,62
36,69
36,72
36,75
36,83
36,110
36,111
36,112
37,38
38,39
39,45
40,43
40,54
41,92
42,43
42,54
43,44
44,45
45,46
45,48
45,51
45,53
46,47
47,92
48,49
49,50
50,92
51,52
52,92
53,92
54,55
55,56
55,59
55,61
56,57
57,58
58,92
59,60
60,92
61,92
62,63
63,64
64,65
64,68
65,66
66,67
67,80
68,80
69,70
70,71
71,73
72,73
73,74
74,76
75,92
76,77
76,78
76,79
77,80
77,82
78,80
79,80
80,81
81,84
82,92
83,92
84,85
85,86
85,88
85,90
86,87
87,92
88,89
89,92
90,91
91,92
92,93
92,94
92,95
92,96
92,97
92,98
92,99
93,135
94,135
95,113
96,113
97,100
98,100
99,100
100,101
100,103
100,105
100,109
100,130
100,131
100,134
101,102
102,113
103,104
104,113
105,106
105,107
106,108
107,108
108,113
109,113
110,113
111,113
112,113
113,114
113,115
113,116
113,117
113,118
113,119
113,120
113,121
113,122
113,123
113,124
113,161
113,162
113,163
113,169
113,171
113,174
113,203
113,204
113,205
114,160
115,160
116,160
117,160
118,126
119,126
120,126
121,126
122,126
123,126
124,125
125,126
126,127
126,128
126,129
127,135
128,135
129,135
130,136
131,132
132,133
133,189
134,189
135,136
135,137
135,138
135,139
135,140
135,141
135,142
135,144
135,145
135,147
135,148
135,149
135,150
135,151
135,152
135,153
135,158
136,189
137,160
138,160
139,160
140,143
141,143
142,143
143,160
144,160
145,146
146,160
147,160
148,160
149,160
150,160
151,160
152,160
153,154
154,155
155,156
156,157
157,189
158,159
159,189
160,164
160,170
160,178
160,179
160,184
161,167
162,165
163,164
164,165
165,166
166,167
167,168
168,177
169,170
170,172
171,172
172,173
173,175
174,175
175,176
176,177
177,185
177,186
177,187
177,188
177,194
177,195
178,180
179,180
180,181
180,183
181,182
185,189
186,189
187,189
188,189
189,190
189,191
189,193
191,192
194,197
195,196
196,197
197,198
197,199
197,201
199,200
201,202
<end>