<number of tasks>
205
<number of mated-station>
6
<number of workers>
12
<task times>
1 692 264 505 201 360 623 402 100000 637 181 160 360
2 42 21 6 37 40 26 100000 41 42 1 2 31
3 261 128 196 4 56 24 209 100000 102 100000 240 37
4 261 100000 134 74 100000 149 115 165 235 100000 102 79
5 157 100000 99 130 23 24 100000 81 113 143 110 100000
6 90 15 13 30 56 54 9 54 16 37 70 50
7 54 44 23 100000 11 54 12 21 11 46 49 51
8 67 42 51 40 23 49 2 35 54 6 100000 37
9 30 15 13 25 12 8 9 100000 24 21 22 6
10 106 106 96 60 64 73 84 37 71 7 29 83
11 32 100000 3 27 100000 32 11 27 15 31 2 31
12 62 39 59 52 40 29 100000 23 100000 12 55 47
13 54 31 41 14 46 21 34 15 19 43 15 27
14 67 16 19 5 20 49 56 67 23 54 100000 2
15 30 16 6 15 23 17 9 2 25 100000 9 27
16 106 100000 21 49 45 33 56 35 94 33 3 54
17 32 18 18 18 100000 16 22 11 28 11 5 28
18 62 52 48 47 27 44 45 26 57 100000 38 39
19 56 14 100000 5 25 100000 16 11 41 53 15 22
20 67 51 39 63 43 27 26 51 51 22 23 10
21 86 26 18 23 61 20 17 76 70 65 62 25
22 37 12 32 25 7 16 2 26 7 28 4 20
23 41 100000 20 31 8 100000 32 23 16 7 27 13
24 72 50 46 32 39 37 66 72 24 52 22 69
25 86 24 57 5 34 72 9 36 41 43 100000 49
26 16 4 3 12 2 3 12 14 3 2 1 1
27 51 42 23 43 50 17 25 12 20 28 28 31
28 66 100000 46 41 50 40 11 55 37 100000 65 34
29 41 22 36 100000 11 14 10 31 33 39 2 8
30 72 62 67 19 72 26 28 49 16 4 8 27
31 51 15 100000 38 2 8 32 44 7 37 23 43
32 16 9 9 7 15 9 15 11 100000 11 7 100000
33 15 7 11 100000 7 10 5 7 6 13 8 14
34 15 11 6 7 2 8 5 4 100000 100000 11 100000
35 85 25 74 100000 46 46 100000 84 3 52 46 64
36 59 32 40 36 40 54 25 18 11 10 21 47
37 23 2 21 19 14 5 13 4 19 17 7 14
38 13 6 2 100000 100000 100000 5 6 11 3 11 8
39 19 4 6 12 10 12 8 17 5 100000 12 2
40 108 77 40 100000 82 7 60 100000 98 80 100000 4
41 214 44 22 10 16 142 131 56 174 10 191 154
42 80 78 28 58 79 47 100000 39 14 31 37 6
43 37 26 23 27 100000 2 10 36 25 36 8 23
44 84 58 23 100000 5 9 13 48 100000 52 100000 77
45 18 12 17 14 7 8 3 16 18 16 3 14
46 12 3 12 12 10 9 100000 100000 2 9 6 10
47 29 6 100000 24 29 28 8 5 2 16 23 3
48 37 20 3 20 22 28 16 29 100000 11 34 100000
49 13 4 13 3 13 6 9 4 7 9 5 100000
50 70 58 34 4 9 53 61 47 39 100000 66 32
51 217 16 72 72 161 7 137 135 100000 165 195 100000
52 72 55 69 3 5 27 39 31 46 54 51 38
53 85 73 32 25 82 65 72 52 20 42 30 23
54 43 29 32 100000 17 10 1 36 34 40 35 1
55 97 14 23 100000 37 87 39 100000 20 88 37 84
56 37 26 20 21 100000 100000 36 16 32 15 16 36
57 13 5 3 6 8 7 1 6 10 9 3 11
58 35 23 26 5 23 21 11 20 31 22 33 7
59 217 96 100000 74 124 161 83 40 198 12 100000 139
60 72 57 66 11 41 9 24 57 64 48 44 22
61 85 15 54 54 77 6 16 100000 7 11 64 12
62 25 5 15 20 2 7 18 21 20 19 14 3
63 37 28 16 31 36 100000 24 9 31 5 100000 15
64 37 19 4 3 13 7 14 28 9 17 33 2
65 103 83 31 74 29 88 87 100000 96 83 68 100000
66 140 18 39 71 58 30 40 87 100000 23 105 11
67 49 2 38 37 27 29 8 7 6 15 24 100000
68 35 26 14 25 35 13 25 35 10 24 100000 28
69 51 3 5 16 38 23 100000 35 18 17 22 18
70 88 57 79 30 85 45 31 35 32 100000 71 24
71 53 100000 35 4 45 44 29 100000 9 7 100000 47
72 144 125 110 100000 90 65 58 141 97 80 124 48
73 337 159 100000 45 277 75 92 100000 317 300 162 100000
74 107 3 44 35 93 65 77 18 103 29 100000 81
75 371 119 341 219 168 86 341 108 308 38 245 20
76 97 35 80 13 11 46 5 33 90 100000 42 91
77 166 26 37 100000 64 100000 36 154 54 100000 100 32
78 92 24 75 68 56 7 50 5 17 76 91 85
79 92 24 52 21 74 30 9 3 6 83 16 56
80 106 91 85 8 102 73 50 68 100000 100000 8 92
81 49 26 47 2 8 100000 44 25 38 10 28 11
82 92 46 79 28 75 76 61 90 100000 8 100000 12
83 371 171 168 186 316 100000 312 341 175 256 249 264
84 87 57 24 100000 84 32 21 52 2 80 19 84
85 162 127 109 112 135 117 82 99 67 30 157 157
86 96 78 55 55 35 40 4 83 73 31 15 29
87 79 11 52 47 13 7 42 46 25 30 3 68
88 96 92 63 58 88 2 48 65 88 49 69 62
89 42 12 38 24 19 41 30 11 36 30 27 28
90 88 100000 11 76 26 74 100000 22 7 14 68 18
91 90 46 49 34 5 13 64 18 54 4 86 37
92 97 58 100000 16 10 10 79 43 41 65 84 80
93 270 200 154 181 262 41 100000 144 125 136 114 101
94 452 384 109 100 452 136 452 154 91 91 344 100000
95 48 15 100000 100000 19 100000 46 22 14 100000 11 100000
96 338 156 271 156 217 311 132 250 318 143 119 126
97 34 16 30 29 26 27 7 3 100000 24 10 25
98 65 64 11 34 38 16 26 54 36 2 100000 31
99 50 29 39 25 100000 17 12 11 9 49 50 44
100 112 5 106 81 100000 100000 98 7 83 7 57 106
101 48 13 23 27 23 5 48 22 100000 21 36 37
102 117 94 100000 47 20 100000 58 91 78 67 93 4
103 50 100000 19 26 25 100000 39 31 6 100000 2 35
104 68 41 28 30 44 68 7 34 100000 15 39 100000
105 232 100000 223 70 179 61 197 3 190 84 220 128
106 122 71 29 103 19 72 58 62 60 84 43 94
107 151 57 45 127 106 130 145 42 33 16 45 49
108 31 29 100000 30 100000 29 22 20 7 8 18 13
109 97 25 6 31 20 9 100000 21 45 44 50 82
110 308 234 56 222 234 44 124 22 191 38 13 100000
111 116 100000 108 27 17 25 100000 84 100000 44 80 48
112 312 262 247 197 222 110 100000 63 256 100000 85 191
113 34 28 100000 6 23 19 22 1 19 100000 18 28
114 128 34 57 15 26 44 123 99 125 114 61 34
115 54 48 100000 54 44 45 100000 13 40 39 7 18
116 175 165 100000 137 165 72 69 88 100000 48 114 81
117 55 13 47 53 21 48 53 48 28 10 5 49
118 306 96 193 105 99 59 50 208 285 108 276 193
119 59 46 41 26 18 2 3 54 42 100000 4 14
120 59 33 49 47 27 17 51 28 41 31 44 28
121 66 14 10 21 37 60 100000 58 50 32 35 34
122 66 21 47 33 40 37 41 34 100000 6 57 55
123 23 3 6 12 1 16 15 16 10 15 18 14
124 244 42 50 86 37 100000 28 96 154 225 79 161
125 54 7 100000 12 3 53 32 50 22 22 35 23
126 294 118 68 16 30 238 200 191 74 165 244 265
127 84 18 49 41 100000 84 100000 82 7 100000 33 30
128 61 30 100000 3 50 60 21 20 30 100000 54 100000
129 57 37 50 4 54 6 29 3 56 39 4 13
130 38 7 28 100000 33 33 22 13 100000 22 1 28
131 944 774 605 331 100000 718 774 100000 737 124 633 124
132 511 78 231 16 429 52 297 100000 100000 62 100000 363
133 625 313 494 588 413 457 400 26 413 606 350 88
134 445 28 232 81 19 365 50 72 254 161 59 121
135 68 19 65 49 100000 42 39 34 8 41 6 51
136 53 45 21 15 43 100000 8 44 20 100000 3 15
137 49 39 37 16 100000 100000 12 27 48 2 30 21
138 92 60 6 20 40 85 80 78 64 61 52 27
139 236 69 32 234 175 196 126 32 20 180 182 217
140 116 10 54 82 24 85 68 99 100000 15 100000 62
141 265 6 64 93 115 202 146 128 100000 88 252 231
142 149 7 99 116 142 97 130 60 106 111 56 136
143 74 71 51 46 33 62 74 67 58 56 60 24
144 332 292 117 239 315 312 100000 120 24 100000 200 286
145 324 124 243 179 237 285 166 227 301 75 137 137
146 104 100000 50 2 56 104 17 20 100000 30 5 83
147 51 44 41 6 36 31 4 21 48 25 17 43
148 58 19 35 57 100000 13 39 12 13 20 32 2
149 67 56 2 41 100000 21 18 41 2 39 27 39
150 49 9 22 28 30 32 40 37 14 13 3 10
151 107 62 5 3 100000 5 82 9 58 70 100000 33
152 38 35 35 32 37 32 22 11 17 11 37 11
153 27 24 2 2 2 5 6 11 2 10 22 100000
154 68 48 40 55 18 28 30 65 6 14 58 12
155 207 199 42 3 153 135 164 158 26 125 90 139
156 202 71 47 192 168 188 29 186 5 138 116 100000
157 83 63 76 8 81 23 68 79 80 16 68 7
158 35 31 27 100000 10 10 100000 33 23 26 23 27
159 58 20 12 3 100000 14 100000 57 51 49 55 53
160 42 26 3 33 30 19 100000 21 33 12 19 37
161 68 100000 44 44 18 15 16 67 51 52 33 20
162 68 55 42 64 16 2 18 2 10 20 24 45
163 68 56 23 16 100000 59 52 33 47 6 60 24
164 103 20 55 8 80 3 57 92 28 61 70 61
165 103 46 92 58 69 25 34 43 2 35 40 36
166 103 97 66 78 102 100000 38 9 2 70 2 101
167 103 41 24 71 50 9 93 7 100000 94 103 41
168 103 63 22 60 24 97 102 16 3 57 21 89
169 68 63 12 100000 44 25 100000 19 32 68 37 19
170 103 100000 69 36 67 53 100000 12 94 9 35 103
171 68 32 16 100000 6 14 15 58 20 18 100000 49
172 103 9 9 36 98 101 4 65 46 6 36 90
173 103 65 101 16 98 63 59 87 89 100000 44 100000
174 68 3 11 100000 59 38 16 14 9 2 36 36
175 103 60 85 9 15 42 71 4 100000 79 81 35
176 103 58 73 97 36 68 16 23 62 7 90 14
177 10 7 100000 5 10 9 5 7 8 5 3 8
178 187 98 90 34 36 135 38 170 70 174 155 72
179 134 117 99 10 44 18 100000 83 115 100000 54 38
180 89 86 100000 87 100000 26 10 76 87 63 19 72
181 58 40 37 19 48 100000 3 47 43 40 3 27
182 49 18 17 43 17 6 28 10 32 14 26 19
183 134 37 10 42 123 107 74 25 66 94 5 122
184 53 5 11 46 44 51 14 24 8 6 29 48
185 334 111 294 291 144 297 124 34 211 100000 34 287
186 24 13 24 17 13 10 11 8 21 6 24 9
187 76 60 72 100000 100000 100000 2 42 42 100000 49 21
188 76 28 71 66 43 48 100000 2 38 100000 27 39
189 192 74 100000 161 121 152 144 104 54 75 118 169
190 98 67 18 96 44 11 97 100000 83 50 89 83
191 258 189 178 219 158 176 16 94 78 40 96 83
192 165 113 76 100000 3 100000 124 32 113 142 145 111
193 38 14 14 25 13 31 2 6 36 9 3 21
194 115 100000 100000 100000 8 7 20 66 90 32 19 76
195 83 54 43 30 100000 31 82 12 53 73 9 100000
196 56 41 15 46 49 40 43 32 21 19 48 14
197 29 12 28 23 10 14 2 20 11 21 20 100000
198 303 100000 218 212 240 52 122 37 100000 267 7 261
199 18 15 17 13 8 10 16 10 14 17 13 2
200 29 14 100000 9 100000 7 4 24 25 19 27 25
201 154 48 62 113 73 128 100000 136 3 142 96 84
202 90 100000 56 58 100000 20 100000 67 17 11 41 65
203 93 59 76 100000 22 84 26 100000 6 64 56 80
204 94 100000 70 6 61 34 61 59 17 78 63 15
205 165 3 100000 124 129 108 81 134 22 132 114 100000
<task directions>
1 E
2 E
3 R
4 L
5 E
6 E
7 R
8 R
9 R
10 R
11 R
12 R
13 L
14 L
15 L
16 L
17 L
18 L
19 E
20 E
21 E
22 E
23 E
24 E
25 R
26 L
27 R
28 R
29 R
30 R
31 R
32 R
33 R
34 L
35 E
36 E
37 L
38 L
39 L
40 E
41 E
42 E
43 L
44 L
45 L
46 L
47 L
48 L
49 L
50 L
51 L
52 L
53 L
54 R
55 R
56 R
57 R
58 R
59 R
60 R
61 R
62 E
63 E
64 E
65 E
66 E
67 E
68 E
69 E
70 E
71 E
72 E
73 E
74 E
75 E
76 E
77 E
78 L
79 R
80 E
81 E
82 E
83 E
84 E
85 E
86 E
87 E
88 E
89 E
90 R
91 R
92 R
93 R
94 E
95 R
96 E
97 E
98 E
99 E
100 E
101 E
102 E
103 E
104 R
105 L
106 L
107 E
108 L
109 E
110 R
111 L
112 R
113 E
114 L
115 E
116 R
117 E
118 E
119 E
120 E
121 E
122 E
123 E
124 E
125 E
126 R
127 E
128 E
129 E
130 R
131 E
132 R
133 R
134 R
135 L
136 L
137 E
138 E
139 E
140 L
141 L
142 L
143 L
144 E
145 E
146 L
147 L
148 R
149 R
150 R
151 E
152 L
153 L
154 E
155 E
156 E
157 E
158 R
159 R
160 E
161 R
162 R
163 R
164 R
165 R
166 R
167 R
168 R
169 L
170 L
171 L
172 L
173 L
174 L
175 L
176 L
177 E
178 E
179 L
180 L
181 L
182 L
183 L
184 L
185 E
186 R
187 R
188 L
189 E
190 E
191 R
192 E
193 R
194 E
195 L
196 R
197 R
198 R
199 R
200 R
201 L
202 L
203 L
204 E
205 E
<precedence relations>
1,36
2,3
2,4
3,5
4,5
5,7
5,13
6,36
7,8
8,9
9,10
10,11
11,12
12,36
13,14
14,15
15,16
16,17
17,18
18,36
19,36
20,22
21,22
22,23
23,24
23,34
24,26
24,27
24,28
25,28
26,35
27,35
28,29
29,30
29,33
30,31
30,32
31,35
32,35
33,35
34,35
35,36
36,37
36,40
36,41
36,42
36,62
36,69
36,72
36,75
36,83
36,110
36,111
36,112
37,38
38,39
39,45
40,43
40,54
41,92
42,43
42,54
43,44
44,45
45,46
45,48
45,51
45,53
46,47
47,92
48,49
49,50
50,92
51,52
52,92
53,92
54,55
55,56
55,59
55,61
56,57
57,58
58,92
59,60
60,92
61,92
62,63
63,64
64,65
64,68
65,66
66,67
67,80
68,80
69,70
70,71
71,73
72,73
73,74
74,76
75,92
76,77
76,78
76,79
77,80
77,82
78,80
79,80
80,81
81,84
82,92
83,92
84,85
85,86
85,88
85,90
86,87
87,92
88,89
89,92
90,91
91,92
92,93
92,94
92,95
92,96
92,97
92,98
92,99
93,135
94,135
95,113
96,113
97,100
98,100
99,100
100,101
100,103
100,105
100,109
100,130
100,131
100,134
101,102
102,113
103,104
104,113
105,106
105,107
106,108
107,108
108,113
109,113
110,113
111,113
112,113
113,114
113,115
113,116
113,117
113,118
113,119
113,120
113,121
113,122
113,123
113,124
113,161
113,162
113,163
113,169
113,171
113,174
113,203
113,204
113,205
114,160
115,160
116,160
117,160
118,126
119,126
120,126
121,126
122,126
123,126
124,125
125,126
126,127
126,128
126,129
127,135
128,135
129,135
130,136
131,132
132,133
133,189
134,189
135,136
135,137
135,138
135,139
135,140
135,141
135,142
135,144
135,145
135,147
135,148
135,149
135,150
135,151
135,152
135,153
135,158
136,189
137,160
138,160
139,160
140,143
141,143
142,143
143,160
144,160
145,146
146,160
147,160
148,160
149,160
150,160
151,160
152,160
153,154
154,155
155,156
156,157
157,189
158,159
159,189
160,164
160,170
160,178
160,179
160,184
161,167
162,165
163,164
164,165
165,166
166,167
167,168
168,177
169,170
170,172
171,172
172,173
173,175
174,175
175,176
176,177
177,185
177,186
177,187
177,188
177,194
177,195
178,180
179,180
180,181
180,183
181,182
185,189
186,189
187,189
188,189
189,190
189,191
189,193
191,192
194,197
195,196
196,197
197,198
197,199
197,201
199,200
201,202
<end>