<number of tasks>
205
<number of mated-station>
5
<number of workers>
10
<task times>
1 692 22 100000 105 1288 271 1454 1599 852 478
2 42 40 100000 97 54 34 100000 12 52 41
3 261 100000 243 100000 455 64 525 32 494 100000
4 261 134 705 100000 462 126 165 408 525 100000
5 157 151 100000 231 100000 198 330 302 109 166
6 90 17 138 6 100000 189 224 44 187 162
7 54 62 100000 96 30 51 100000 61 102 62
8 67 127 169 151 31 167 100000 173 31 167
9 30 33 54 61 22 32 36 100000 46 100000
10 106 109 106 213 100000 217 293 100000 100000 118
11 32 63 100000 3 40 95 38 69 79 53
12 62 49 100000 69 100000 32 100000 140 100000 164
13 54 107 115 65 138 102 6 100000 117 152
14 67 51 100000 100000 99 165 100000 41 123 185
15 30 37 82 85 90 37 22 100000 86 68
16 106 289 96 160 100000 61 169 71 232 258
17 32 78 93 100000 24 32 87 27 94 8
18 62 38 68 103 103 100000 164 16 60 149
19 56 100000 123 133 155 71 49 115 100000 155
20 67 11 177 111 89 45 151 25 135 100000
21 86 194 119 119 19 100000 245 100000 160 100000
22 37 27 55 58 46 43 100000 59 78 20
23 41 100000 42 77 100000 117 64 100000 108 84
24 72 109 46 100000 63 48 164 197 197 100000
25 86 83 100000 100000 147 209 16 194 217 209
26 16 7 100000 47 11 5 100000 25 100000 21
27 51 100000 100000 104 100000 100000 63 100000 69 100000
28 66 190 98 178 100000 121 100000 70 105 96
29 41 114 99 69 45 82 73 106 103 107
30 72 126 126 175 70 199 214 100000 38 10
31 51 100000 39 9 48 139 110 63 51 144
32 16 100000 31 16 39 9 100000 19 10 33
33 15 34 30 17 13 8 35 24 100000 29
34 15 44 100000 16 18 44 27 42 100000 15
35 85 113 90 67 230 19 113 174 77 230
36 59 135 100000 152 61 41 100000 145 40 91
37 23 46 36 24 58 65 59 100000 20 27
38 13 100000 23 100000 25 7 20 3 25 100000
39 19 30 18 46 7 5 22 100000 7 56
40 108 195 100000 250 100000 100000 100000 243 111 24
41 214 187 443 97 392 168 213 616 456 27
42 80 30 164 100000 159 209 137 125 100000 118
43 37 45 30 45 81 52 93 100000 67 74
44 84 89 116 4 24 100000 100000 174 51 11
45 18 45 100000 25 43 54 35 54 100000 14
46 12 8 3 22 5 22 16 100000 10 1
47 29 67 12 3 74 20 69 100000 48 100000
48 37 20 20 100000 67 100000 100000 24 47 75
49 13 100000 3 26 18 14 3 23 25 16
50 70 7 151 154 30 128 91 137 158 97
51 217 606 528 456 190 333 100000 100000 125 521
52 72 98 117 100000 160 66 210 182 158 207
53 85 158 100 197 100000 85 100000 39 70 100000
54 43 71 32 100000 116 106 2 92 100000 129
55 97 259 100000 39 239 85 100000 100000 21 230
56 37 95 40 85 16 8 74 54 100000 97
57 13 100000 100000 21 100000 3 25 100000 25 12
58 35 98 31 69 86 79 100000 8 5 100000
59 217 131 100000 580 92 100000 625 100000 515 307
60 72 115 100000 42 145 53 61 171 18 3
61 85 100000 31 204 82 100000 113 57 217 230
62 25 100000 100000 62 69 100000 72 20 100000 36
63 37 106 26 100000 100000 104 9 13 92 25
64 37 82 92 21 100000 80 91 36 101 100000
65 103 303 100000 96 66 100000 7 201 13 232
66 140 177 135 156 298 81 391 290 135 324
67 49 111 24 65 100000 116 45 113 118 52
68 35 91 52 100000 100000 33 98 91 100000 2
69 51 100000 151 100000 100000 100000 25 53 98 13
70 88 100000 100000 119 227 135 217 59 17 88
71 53 134 31 69 100000 34 148 18 37 101
72 144 255 100000 100000 100000 122 242 66 294 135
73 337 395 100000 100000 678 223 72 476 31 456
74 107 100000 100000 81 81 295 68 100000 286 100000
75 371 23 223 57 735 235 100000 824 446 100000
76 97 152 100000 227 71 100000 166 7 268 65
77 166 160 85 473 100000 230 100000 478 175 498
78 92 163 64 183 180 40 103 100000 232 128
79 92 191 59 207 166 64 235 45 205 100000
80 106 61 106 96 299 100000 58 248 30 147
81 49 33 119 127 100000 100000 39 100000 121 100000
82 92 100000 26 251 100000 191 150 188 51 4
83 371 401 100000 746 679 68 579 68 100000 668
84 87 108 14 219 100000 214 92 100000 217 27
85 162 45 205 321 16 331 311 331 190 16
86 96 64 231 4 127 81 136 100000 185 228
87 79 3 100000 53 164 213 6 3 232 22
88 96 242 100000 100000 271 100000 107 53 228 256
89 42 109 26 97 55 116 40 15 52 101
90 88 80 100000 100000 159 246 100000 219 125 243
91 90 100000 200 125 39 111 6 224 52 9
92 97 108 192 277 76 56 85 288 175 18
93 270 187 713 462 737 100000 179 100000 33 100000
94 452 1017 1248 218 692 1315 462 773 949 286
95 48 100000 100000 30 134 105 12 100000 67 85
96 338 376 690 100000 11 386 100000 21 842 224
97 34 27 100000 53 28 7 2 65 8 33
98 65 42 176 65 51 170 59 100000 145 100000
99 50 100000 16 95 40 23 100000 117 34 100000
100 112 4 100000 100000 100000 309 88 24 100000 100000
101 48 100 100000 137 100000 105 85 100 12 100000
102 117 113 313 299 302 100000 99 187 215 302
103 50 143 62 34 100000 64 23 81 83 102
104 68 100000 172 90 100000 141 5 40 143 204
105 232 647 100000 481 203 647 411 126 606 307
106 122 151 311 125 100000 359 154 100000 202 100000
107 151 100000 173 28 15 435 100000 403 426 340
108 31 100000 11 6 8 50 11 30 100000 92
109 97 132 10 91 262 184 100 239 65 39
110 308 370 546 112 656 629 112 527 490 259
111 116 216 150 8 292 202 233 100000 126 129
112 312 590 599 777 506 740 95 562 29 469
113 34 10 77 100000 11 49 89 100000 100000 70
114 128 5 101 353 323 380 100000 150 85 269
115 54 100000 88 33 57 100000 102 125 96 83
116 175 174 27 200 48 100000 101 483 100000 425
117 55 132 131 76 140 35 85 80 62 68
118 306 414 100000 744 100000 881 496 808 166 790
119 59 47 80 38 100000 73 64 57 20 100000
120 59 100000 100000 50 114 78 100000 168 175 22
121 66 17 27 100000 74 46 80 100000 182 125
122 66 100000 100000 90 147 131 100000 7 100000 54
123 23 100000 16 51 64 66 100000 100000 6 13
124 244 100000 681 410 191 557 100000 100000 483 198
125 54 64 90 30 96 100000 11 102 136 14
126 294 723 100000 100000 829 803 785 715 100000 547
127 84 106 152 54 214 217 212 197 14 71
128 61 94 167 138 128 41 168 88 25 179
129 57 151 30 4 100000 125 169 21 81 50
130 38 16 59 100000 54 53 17 20 19 18
131 944 850 100000 2322 86 143 1728 1756 1586 935
132 511 307 1196 100000 1380 1487 100000 706 1487 100000
133 625 1425 132 451 100000 100000 1425 994 188 100000
134 445 481 1188 748 815 100000 134 100000 1148 1135
135 68 100000 169 84 198 56 184 165 100000 84
136 53 154 100000 99 39 121 34 64 159 36
137 49 108 100000 128 58 127 68 100000 100000 38
138 92 221 7 92 158 4 130 188 150 67
139 236 602 100000 340 326 100000 100000 397 164 475
140 116 244 213 102 199 268 175 195 74 133
141 265 763 684 517 215 501 509 485 100000 215
142 149 416 385 322 104 100000 385 95 193 23
143 74 72 198 78 100000 100000 96 45 19 63
144 332 100000 359 290 449 51 946 787 270 499
145 324 972 321 855 690 100000 613 923 681 700
146 104 284 231 284 100000 100000 166 51 13 100000
147 51 139 62 30 7 34 72 53 36 15
148 58 136 37 27 100000 101 100000 100000 41 112
149 67 161 23 29 17 123 105 189 100000 81
150 49 86 100000 90 96 26 143 39 99 27
151 107 302 286 4 100000 158 7 148 260 241
152 38 100000 111 3 111 6 100000 51 85 107
153 27 38 100000 3 100000 64 100000 18 27 75
154 68 70 194 100000 40 182 5 111 23 198
155 207 168 547 100000 156 125 100000 100000 181 106
156 202 449 588 183 100000 564 100000 485 261 521
157 83 244 113 165 224 58 100000 100000 177 115
158 35 75 105 86 67 100000 96 63 19 36
159 58 100000 74 55 124 41 115 100000 100000 32
160 42 94 30 36 117 100000 29 31 40 47
161 68 100000 100000 86 60 90 100000 84 100 56
162 68 186 180 7 54 88 15 100000 135 192
163 68 100000 29 100000 143 100000 100000 172 100000 196
164 103 100000 309 127 41 309 183 29 106 103
165 103 100000 207 38 41 223 96 29 195 4
166 103 44 93 146 137 103 192 149 32 112
167 103 167 103 4 238 87 244 140 130 69
168 103 100000 26 247 121 287 291 100000 241 26
169 68 100000 202 90 54 113 100000 68 192 184
170 103 241 109 41 263 100000 7 100000 269 100000
171 68 190 159 100000 62 44 19 198 46 11
172 103 96 38 180 103 100000 250 170 96 100000
173 103 100000 53 257 294 306 149 152 263 241
174 68 36 100000 44 5 100000 88 70 159 90
175 103 204 127 133 201 100000 78 53 29 81
176 103 100000 7 254 19 207 284 281 272 198
177 10 25 15 29 26 5 4 24 29 16
178 187 96 511 404 533 100000 315 100000 236 100000
179 134 250 100000 234 85 394 137 100000 137 73
180 89 9 4 14 113 12 171 211 65 267
181 58 174 100000 158 43 100000 39 49 75 100000
182 49 100000 100000 75 55 100000 109 45 100000 2
183 134 21 374 390 100000 100000 262 246 125 238
184 53 99 127 37 22 48 93 72 72 100000
185 334 71 100000 100000 100000 622 71 582 61 582
186 24 22 29 12 58 50 44 100000 65 42
187 76 196 185 19 100000 100000 180 100000 219 212
188 76 10 8 226 92 3 21 185 96 87
189 192 220 415 473 145 375 100000 398 375 450
190 98 273 247 39 259 16 36 291 197 100000
191 258 426 326 643 140 233 100000 100000 341 100000
192 165 100000 100000 495 80 164 228 208 100000 100000
193 38 36 89 15 15 37 94 55 9 100000
194 115 100000 314 221 252 269 42 42 100000 39
195 83 61 202 224 152 212 185 26 100000 155
196 56 21 86 135 51 108 100000 141 69 100000
197 29 33 41 7 23 45 100000 13 100000 59
198 303 736 100000 155 100000 519 100000 100000 628 891
199 18 53 40 25 30 17 15 5 100000 49
200 29 100000 100000 100000 81 100000 75 59 54 80
201 154 250 204 100000 100000 301 255 19 75 100000
202 90 208 114 240 100000 82 267 251 208 133
203 93 276 248 109 93 151 165 254 100000 148
204 94 12 71 240 74 209 226 100000 100000 52
205 165 446 223 100000 139 357 100000 110 154 228
<task directions>
1 E
2 E
3 R
4 L
5 E
6 E
7 R
8 R
9 R
10 R
11 R
12 R
13 L
14 L
15 L
16 L
17 L
18 L
19 E
20 E
21 E
22 E
23 E
24 E
25 R
26 L
27 R
28 R
29 R
30 R
31 R
32 R
33 R
34 L
35 E
36 E
37 L
38 L
39 L
40 E
41 E
42 E
43 L
44 L
45 L
46 L
47 L
48 L
49 L
50 L
51 L
52 L
53 L
54 R
55 R
56 R
57 R
58 R
59 R
60 R
61 R
62 E
63 E
64 E
65 E
66 E
67 E
68 E
69 E
70 E
71 E
72 E
73 E
74 E
75 E
76 E
77 E
78 L
79 R
80 E
81 E
82 E
83 E
84 E
85 E
86 E
87 E
88 E
89 E
90 R
91 R
92 R
93 R
94 E
95 R
96 E
97 E
98 E
99 E
100 E
101 E
102 E
103 E
104 R
105 L
106 L
107 E
108 L
109 E
110 R
111 L
112 R
113 E
114 L
115 E
116 R
117 E
118 E
119 E
120 E
121 E
122 E
123 E
124 E
125 E
126 R
127 E
128 E
129 E
130 R
131 E
132 R
133 R
134 R
135 L
136 L
137 E
138 E
139 E
140 L
141 L
142 L
143 L
144 E
145 E
146 L
147 L
148 R
149 R
150 R
151 E
152 L
153 L
154 E
155 E
156 E
157 E
158 R
159 R
160 E
161 R
162 R
163 R
164 R
165 R
166 R
167 R
168 R
169 L
170 L
171 L
172 L
173 L
174 L
175 L
176 L
177 E
178 E
179 L
180 L
181 L
182 L
183 L
184 L
185 E
186 R
187 R
188 L
189 E
190 E
191 R
192 E
193 R
194 E
195 L
196 R
197 R
198 R
199 R
200 R
201 L
202 L
203 L
204 E
205 E
<precedence relations>
1,36
2,3
2,4
3,5
4,5
5,7
5,13
6,36
7,8
8,9
9,10
10,11
11,12
12,36
13,14
14,15
15,16
16,17
17,18
18,36
19,36
20,22
21,22
22,23
23,24
23,34
24,26
24,27
24,28
25,28
26,35
27,35
28,29
29,30
29,33
30,31
30,32
31,35
32,35
33,35
34,35
35,36
36,37
36,40
36,41
36,42
36,62
36,69
36,72
36,75
36,83
36,110
36,111
36,112
37,38
38,39
39,45
40,43
40,54
41,92
42,43
42,54
43,44
44,45
45,46
45,48
45,51
45,53
46,47
47,92
48,49
49,50
50,92
51,52
52,92
53,92
54,55
55,56
55,59
55,61
56,57
57,58
58,92
59,60
60,92
61,92
62,63
63,64
64,65
64,68
65,66
66,67
67,80
68,80
69,70
70,71
71,73
72,73
73,74
74,76
75,92
76,77
76,78
76,79
77,80
77,82
78,80
79,80
80,81
81,84
82,92
83,92
84,85
85,86
85,88
85,90
86,87
87,92
88,89
89,92
90,91
91,92
92,93
92,94
92,95
92,96
92,97
92,98
92,99
93,135
94,135
95,113
96,113
97,100
98,100
99,100
100,101
100,103
100,105
100,109
100,130
100,131
100,134
101,102
102,113
103,104
104,113
105,106
105,107
106,108
107,108
108,113
109,113
110,113
111,113
112,113
113,114
113,115
113,116
113,117
113,118
113,119
113,120
113,121
113,122
113,123
113,124
113,161
113,162
113,163
113,169
113,171
113,174
113,203
113,204
113,205
114,160
115,160
116,160
117,160
118,126
119,126
120,126
121,126
122,126
123,126
124,125
125,126
126,127
126,128
126,129
127,135
128,135
129,135
130,136
131,132
132,133
133,189
134,189
135,136
135,137
135,138
135,139
135,140
135,141
135,142
135,144
135,145
135,147
135,148
135,149
135,150
135,151
135,152
135,153
135,158
136,189
137,160
138,160
139,160
140,143
141,143
142,143
143,160
144,160
145,146
146,160
147,160
148,160
149,160
150,160
151,160
152,160
153,154
154,155
155,156
156,157
157,189
158,159
159,189
160,164
160,170
160,178
160,179
160,184
161,167
162,165
163,164
164,165
165,166
166,167
167,168
168,177
169,170
170,172
171,172
172,173
173,175
174,175
175,176
176,177
177,185
177,186
177,187
177,188
177,194
177,195
178,180
179,180
180,181
180,183
181,182
185,189
186,189
187,189
188,189
189,190
189,191
189,193
191,192
194,197
195,196
196,197
197,198
197,199
197,201
199,200
201,202
<end>