<number of tasks>
205
<number of mated-station>
7
<number of workers>
14
<task times>
1 692 374 36 374 333 685 671 402 167 568 561 257 450 312
2 42 21 31 7 14 19 3 18 16 27 24 100000 34 100000
3 261 48 240 180 126 100000 14 30 9 243 82 89 170 84
4 261 204 162 217 118 139 6 53 74 134 6 157 128 165
5 157 102 20 107 31 13 42 26 93 10 146 138 62 100000
6 90 49 2 86 34 11 31 5 88 18 5 72 11 100000
7 54 27 43 21 27 26 40 39 20 32 47 9 46 28
8 67 7 100000 24 60 4 43 27 36 100000 43 33 49 15
9 30 2 2 3 21 19 18 26 4 12 100000 100000 24 10
10 106 36 23 12 6 94 35 85 41 8 48 100000 34 100000
11 32 21 15 16 12 100000 23 31 28 2 100000 3 23 1
12 62 4 6 40 35 57 48 6 51 19 37 39 60 4
13 54 53 8 15 53 21 39 100000 6 20 14 51 38 46
14 67 8 28 29 100000 18 8 40 39 62 34 40 41 10
15 30 100000 11 24 100000 21 2 12 19 100000 5 14 20 7
16 106 30 9 40 94 83 92 65 30 80 100000 43 99 86
17 32 24 15 2 18 28 28 17 29 23 27 3 7 8
18 62 49 27 5 54 100000 35 30 10 56 46 61 28 57
19 56 7 11 100000 44 14 8 30 33 19 3 32 34 16
20 67 25 18 16 14 12 100000 45 17 56 56 57 56 55
21 86 21 72 66 54 21 12 26 79 28 100000 63 72 49
22 37 5 13 7 13 1 5 100000 32 14 18 100000 10 29
23 41 23 19 32 100000 100000 18 32 100000 8 17 37 37 25
24 72 37 19 63 48 100000 56 49 29 53 5 17 17 59
25 86 43 27 12 100000 18 53 34 4 55 70 63 55 49
26 16 2 10 12 100000 100000 15 4 7 100000 4 5 5 6
27 51 13 8 3 36 100000 14 39 26 20 51 17 11 34
28 66 48 13 47 15 49 37 9 22 60 6 100000 6 13
29 41 29 35 22 7 35 6 20 21 7 28 27 41 100000
30 72 4 61 58 58 44 56 5 65 25 57 63 33 7
31 51 21 24 32 35 35 100000 26 13 100000 28 100000 18 43
32 16 15 7 14 15 4 3 15 13 6 12 2 14 2
33 15 100000 10 100000 14 100000 5 5 13 4 9 100000 11 13
34 15 5 14 13 10 7 14 11 14 9 10 14 10 12
35 85 70 100000 62 27 30 9 4 33 60 42 100000 39 29
36 59 24 43 23 45 10 25 31 27 16 100000 100000 39 55
37 23 10 15 17 16 21 100000 1 2 5 12 3 20 20
38 13 1 11 5 1 12 13 11 5 5 6 2 12 11
39 19 6 5 3 16 2 14 15 19 14 12 11 9 13
40 108 96 103 8 100000 62 61 14 32 25 77 100000 76 75
41 214 159 174 100000 99 108 174 100000 82 82 61 100000 127 100000
42 80 45 4 12 32 49 58 76 56 2 42 100000 41 24
43 37 16 32 5 12 16 100000 22 36 31 11 100000 21 34
44 84 36 8 33 49 78 72 100000 72 100000 11 23 8 100000
45 18 6 17 12 13 6 8 6 11 100000 7 15 5 14
46 12 12 2 5 9 8 9 6 4 4 3 7 7 2
47 29 1 21 13 24 14 26 26 100000 2 9 20 14 18
48 37 22 2 14 21 11 36 22 16 14 21 27 19 100000
49 13 5 100000 9 12 7 2 2 4 10 7 9 2 6
50 70 31 67 4 36 2 42 100000 27 9 62 33 26 64
51 217 100000 146 202 100 217 107 55 85 12 169 154 111 94
52 72 16 13 28 27 5 19 68 51 100000 25 26 2 2
53 85 84 24 56 17 45 40 100000 40 39 100000 40 17 72
54 43 27 11 37 7 100000 100000 3 10 7 40 100000 100000 33
55 97 100000 17 100000 93 7 71 37 93 3 64 32 57 72
56 37 33 7 20 15 100000 2 29 6 20 100000 13 35 12
57 13 4 2 6 9 6 7 7 9 2 9 100000 100000 1
58 35 18 4 29 2 31 11 25 10 100000 100000 100000 100000 21
59 217 46 96 146 113 23 72 40 120 44 193 109 202 208
60 72 28 50 34 5 12 100000 100000 28 19 100000 20 100000 26
61 85 31 100000 100000 11 68 9 100000 66 41 25 3 24 100000
62 25 5 10 24 18 100000 14 100000 20 14 2 19 5 18
63 37 2 16 27 10 32 7 6 31 15 100000 24 36 100000
64 37 13 28 26 18 22 23 12 23 21 11 100000 28 10
65 103 82 7 101 100000 4 36 28 92 54 54 52 35 102
66 140 127 66 134 100000 37 118 102 71 139 122 8 79 69
67 49 44 32 46 46 19 14 19 27 8 43 36 48 44
68 35 24 4 100000 33 4 18 7 19 19 25 100000 30 16
69 51 100000 4 41 100000 25 12 40 45 39 49 50 23 32
70 88 74 44 38 24 100000 18 25 54 48 72 45 16 19
71 53 7 41 28 29 26 50 31 9 36 19 26 25 4
72 144 61 100000 12 121 50 100000 15 123 71 21 18 114 97
73 337 189 105 324 300 100000 145 45 206 240 78 92 313 65
74 107 60 52 12 32 100000 71 100000 85 77 74 47 69 20
75 371 345 31 20 219 94 8 223 100000 60 100000 253 275 20
76 97 12 95 2 58 20 27 37 82 30 41 9 29 37
77 166 131 118 70 112 65 110 130 3 46 46 74 32 153
78 92 86 25 38 20 36 32 38 4 90 83 88 88 59
79 92 76 100000 77 60 12 30 100000 7 100000 12 44 47 51
80 106 105 18 61 22 60 24 22 100 16 103 92 67 100000
81 49 7 16 40 12 100000 100000 40 41 19 13 11 49 9
82 92 80 34 100000 11 40 100000 61 15 92 67 63 21 47
83 371 193 16 116 334 242 290 267 12 282 293 75 60 253
84 87 62 35 50 28 68 100000 28 73 65 4 46 68 25
85 162 73 67 123 136 128 135 61 127 82 54 100000 117 157
86 96 41 32 96 74 45 60 37 100000 69 100000 78 25 14
87 79 26 66 100000 40 71 35 17 70 21 3 49 77 28
88 96 77 100000 42 67 31 2 100000 23 69 40 40 74 4
89 42 28 16 22 14 33 21 17 7 28 40 34 15 14
90 88 59 88 71 62 77 100000 35 45 41 49 59 100000 100000
91 90 13 100000 25 21 29 7 100000 47 54 100000 57 55 41
92 97 100000 15 85 47 64 27 32 18 94 61 100000 20 100000
93 270 160 60 28 270 270 57 60 224 47 208 160 243 208
94 452 303 227 362 33 416 267 375 290 100000 249 231 258 42
95 48 5 48 30 38 46 20 4 13 5 15 100000 27 33
96 338 100000 58 287 260 92 311 21 100000 190 170 328 146 4
97 34 33 33 30 15 5 16 3 17 16 100000 10 21 8
98 65 9 41 23 52 60 34 61 52 53 46 32 10 61
99 50 16 100000 8 40 100000 1 100000 15 9 35 100000 38 32
100 112 60 96 109 98 18 98 85 94 37 39 91 57 9
101 48 44 100000 19 32 17 30 23 42 19 47 7 32 100000
102 117 102 33 90 45 100000 60 22 4 97 107 100000 7 46
103 50 26 28 32 3 42 46 44 27 26 100000 10 47 100000
104 68 37 3 30 65 6 46 50 31 7 32 24 62 13
105 232 211 121 107 211 98 13 80 31 82 209 68 3 209
106 122 65 107 20 58 88 68 2 117 116 120 83 62 115
107 151 144 100000 48 33 138 94 114 15 99 99 148 139 19
108 31 8 2 100000 24 24 10 24 100000 26 3 18 29 15
109 97 9 47 71 13 55 53 45 17 100000 50 100000 60 82
110 308 100000 53 207 38 280 100000 296 90 274 56 65 142 207
111 116 105 22 9 2 2 85 70 91 78 23 64 79 75
112 312 26 303 240 125 7 194 100000 300 293 178 63 26 216
113 34 27 100000 25 4 100000 5 28 10 30 100000 10 15 6
114 128 58 105 76 52 100000 86 106 122 37 100000 63 90 42
115 54 53 49 100000 100000 47 50 7 30 26 5 40 40 8
116 175 158 57 142 18 102 154 78 105 128 100000 112 142 114
117 55 4 34 100000 3 3 16 28 36 47 47 2 50 49
118 306 100000 102 22 135 157 10 279 102 123 282 291 236 172
119 59 17 9 34 27 100000 6 3 42 16 32 21 43 31
120 59 48 31 18 100000 47 50 3 11 40 4 4 20 6
121 66 45 52 43 26 58 2 43 36 2 51 28 6 9
122 66 30 32 47 28 51 54 3 9 54 58 19 62 54
123 23 18 16 23 13 3 12 18 16 13 15 100000 23 2
124 244 159 88 205 30 40 237 76 100000 100000 76 100000 45 217
125 54 2 42 100000 4 38 17 24 24 32 5 30 48 43
126 294 77 288 279 212 159 51 118 74 253 115 83 112 118
127 84 67 31 69 33 36 100000 100000 7 67 13 100000 75 59
128 61 27 5 60 100000 42 25 17 37 42 19 20 21 44
129 57 32 57 38 19 26 37 16 100000 24 35 100000 3 53
130 38 5 34 24 31 16 9 17 100000 10 4 100000 21 36
131 944 944 256 100000 586 689 100000 840 925 840 48 784 652 906
132 511 174 200 338 78 11 164 389 42 174 100000 394 251 159
133 625 338 481 126 556 388 157 120 201 100000 332 238 100000 132
134 445 143 236 100000 267 254 103 276 174 100000 100000 50 90 307
135 68 9 67 14 65 100000 24 55 16 37 53 3 35 6
136 53 6 48 6 51 42 2 49 23 42 29 23 13 28
137 49 25 41 42 8 10 8 15 14 40 25 13 17 24
138 92 66 35 4 79 81 46 48 100000 92 100000 35 26 70
139 236 196 166 100000 154 114 10 158 62 69 163 100000 201 20
140 116 4 75 37 72 114 96 107 22 76 60 100000 79 48
141 265 96 72 19 178 244 165 239 144 38 244 225 183 100000
142 149 112 72 50 5 26 65 42 91 79 41 50 139 133
143 74 22 46 65 100000 18 5 100000 66 7 44 35 71 43
144 332 104 18 100000 176 266 97 97 100000 239 51 123 37 246
145 324 117 72 7 250 11 169 295 214 49 43 62 172 301
146 104 72 85 100000 42 42 84 47 28 17 32 61 53 86
147 51 51 30 20 11 100000 9 100000 39 12 24 40 39 100000
148 58 40 49 40 15 28 100000 43 45 48 3 47 31 9
149 67 100000 56 100000 66 56 66 18 37 45 67 14 16 39
150 49 31 16 2 100000 100000 15 9 47 13 3 19 17 30
151 107 86 74 71 66 15 46 99 70 40 31 47 100000 58
152 38 22 18 12 2 100000 27 6 27 24 4 11 10 4
153 27 7 21 25 22 16 6 16 12 11 14 11 100000 24
154 68 63 2 40 11 65 61 16 61 45 64 16 64 41
155 207 3 9 145 90 149 42 69 17 5 197 145 100000 48
156 202 57 41 162 144 200 29 27 19 45 31 126 182 168
157 83 37 43 3 81 53 54 66 71 34 50 9 8 26
158 35 20 16 35 28 31 29 13 8 18 100000 3 19 10
159 58 32 33 50 5 6 35 15 10 52 14 34 28 32
160 42 29 30 32 38 3 20 7 4 16 40 3 11 4
161 68 54 57 12 35 100000 16 18 39 39 45 67 57 50
162 68 59 8 46 58 14 100000 51 22 22 100000 51 100000 18
163 68 57 19 66 67 100000 55 15 33 49 18 8 9 26
164 103 72 31 17 97 100 51 23 35 9 9 100000 97 100000
165 103 6 97 100000 100000 3 92 45 80 25 71 99 38 49
166 103 42 35 99 69 91 96 88 87 95 44 42 68 79
167 103 11 54 76 40 10 40 27 57 62 57 14 43 67
168 103 51 13 87 72 4 89 3 51 65 75 68 8 67
169 68 26 30 39 50 45 6 39 57 58 20 30 22 100000
170 103 49 103 75 91 100000 93 30 48 42 63 95 64 6
171 68 63 56 65 64 15 39 37 35 60 4 100000 51 100000
172 103 96 10 69 34 100000 91 36 62 100000 33 43 75 95
173 103 82 93 48 86 100000 47 33 15 23 31 35 15 100000
174 68 65 100000 21 39 26 11 65 61 59 22 27 35 50
175 103 29 70 82 16 25 75 68 38 14 70 8 36 42
176 103 16 36 100000 89 3 52 45 100000 56 57 98 100000 100
177 10 7 8 2 100000 9 10 2 6 3 9 3 7 7
178 187 122 85 183 103 100000 36 79 150 180 100000 40 33 163
179 134 29 85 127 57 57 74 87 71 100000 29 133 97 66
180 89 27 25 88 56 41 10 22 53 28 60 34 100000 85
181 58 15 100000 35 27 27 13 23 55 18 28 46 100000 57
182 49 33 2 41 46 45 18 13 34 6 8 17 8 21
183 134 100000 74 22 24 68 17 29 129 81 65 5 109 100000
184 53 44 47 18 2 6 8 3 21 100000 29 14 19 37
185 334 158 104 44 111 174 154 61 284 204 78 14 31 207
186 24 21 15 17 18 15 14 100000 18 11 100000 11 20 8
187 76 9 42 62 9 37 43 42 62 12 16 51 48 60
188 76 53 2 45 51 56 66 32 21 35 51 45 23 5
189 192 72 14 108 156 100000 12 22 32 100 100000 100000 118 190
190 98 21 42 51 83 44 23 75 11 11 91 100000 58 82
191 258 6 214 100000 16 155 199 29 70 100000 183 245 68 4
192 165 104 24 162 17 4 116 129 158 17 132 103 57 134
193 38 2 20 20 14 100000 22 9 18 18 6 10 35 30
194 115 7 40 87 99 35 3 12 42 67 76 3 96 48
195 83 17 82 100000 43 39 2 100000 100000 49 78 30 10 27
196 56 43 16 16 53 35 32 13 5 53 100000 5 4 27
197 29 25 7 19 27 24 7 21 12 19 19 8 10 8
198 303 49 100000 100000 237 179 10 10 252 291 86 125 100000 100000
199 18 11 14 3 16 4 5 7 13 6 5 12 17 2
200 29 22 6 8 18 4 9 4 2 9 4 27 19 28
201 154 154 42 30 110 33 111 51 123 151 114 73 45 120
202 90 6 6 25 31 100000 68 77 72 100000 87 66 100000 77
203 93 2 67 100000 30 70 100000 80 82 65 11 17 57 10
204 94 42 50 37 85 54 92 61 29 45 59 90 41 44
205 165 57 129 100000 12 32 57 53 165 93 40 155 53 100000
<task directions>
1 E
2 E
3 R
4 L
5 E
6 E
7 R
8 R
9 R
10 R
11 R
12 R
13 L
14 L
15 L
16 L
17 L
18 L
19 E
20 E
21 E
22 E
23 E
24 E
25 R
26 L
27 R
28 R
29 R
30 R
31 R
32 R
33 R
34 L
35 E
36 E
37 L
38 L
39 L
40 E
41 E
42 E
43 L
44 L
45 L
46 L
47 L
48 L
49 L
50 L
51 L
52 L
53 L
54 R
55 R
56 R
57 R
58 R
59 R
60 R
61 R
62 E
63 E
64 E
65 E
66 E
67 E
68 E
69 E
70 E
71 E
72 E
73 E
74 E
75 E
76 E
77 E
78 L
79 R
80 E
81 E
82 E
83 E
84 E
85 E
86 E
87 E
88 E
89 E
90 R
91 R
92 R
93 R
94 E
95 R
96 E
97 E
98 E
99 E
100 E
101 E
102 E
103 E
104 R
105 L
106 L
107 E
108 L
109 E
110 R
111 L
112 R
113 E
114 L
115 E
116 R
117 E
118 E
119 E
120 E
121 E
122 E
123 E
124 E
125 E
126 R
127 E
128 E
129 E
130 R
131 E
132 R
133 R
134 R
135 L
136 L
137 E
138 E
139 E
140 L
141 L
142 L
143 L
144 E
145 E
146 L
147 L
148 R
149 R
150 R
151 E
152 L
153 L
154 E
155 E
156 E
157 E
158 R
159 R
160 E
161 R
162 R
163 R
164 R
165 R
166 R
167 R
168 R
169 L
170 L
171 L
172 L
173 L
174 L
175 L
176 L
177 E
178 E
179 L
180 L
181 L
182 L
183 L
184 L
185 E
186 R
187 R
188 L
189 E
190 E
191 R
192 E
193 R
194 E
195 L
196 R
197 R
198 R
199 R
200 R
201 L
202 L
203 L
204 E
205 E
<precedence relations>
1,36
2,3
2,4
3,5
4,5
5,7
5,13
6,36
7,8
8,9
9,10
10,11
11,12
12,36
13,14
14,15
15,16
16,17
17,18
18,36
19,36
20,22
21,22
22,23
23,24
23,34
24,26
24,27
24,28
25,28
26,35
27,35
28,29
29,30
29,33
30,31
30,32
31,35
32,35
33,35
34,35
35,36
36,37
36,40
36,41
36,42
36,62
36,69
36,72
36,75
36,83
36,110
36,111
36,112
37,38
38,39
39,45
40,43
40,54
41,92
42,43
42,54
43,44
44,45
45,46
45,48
45,51
45,53
46,47
47,92
48,49
49,50
50,92
51,52
52,92
53,92
54,55
55,56
55,59
55,61
56,57
57,58
58,92
59,60
60,92
61,92
62,63
63,64
64,65
64,68
65,66
66,67
67,80
68,80
69,70
70,71
71,73
72,73
73,74
74,76
75,92
76,77
76,78
76,79
77,80
77,82
78,80
79,80
80,81
81,84
82,92
83,92
84,85
85,86
85,88
85,90
86,87
87,92
88,89
89,92
90,91
91,92
92,93
92,94
92,95
92,96
92,97
92,98
92,99
93,135
94,135
95,113
96,113
97,100
98,100
99,100
100,101
100,103
100,105
100,109
100,130
100,131
100,134
101,102
102,113
103,104
104,113
105,106
105,107
106,108
107,108
108,113
109,113
110,113
111,113
112,113
113,114
113,115
113,116
113,117
113,118
113,119
113,120
113,121
113,122
113,123
113,124
113,161
113,162
113,163
113,169
113,171
113,174
113,203
113,204
113,205
114,160
115,160
116,160
117,160
118,126
119,126
120,126
121,126
122,126
123,126
124,125
125,126
126,127
126,128
126,129
127,135
128,135
129,135
130,136
131,132
132,133
133,189
134,189
135,136
135,137
135,138
135,139
135,140
135,141
135,142
135,144
135,145
135,147
135,148
135,149
135,150
135,151
135,152
135,153
135,158
136,189
137,160
138,160
139,160
140,143
141,143
142,143
143,160
144,160
145,146
146,160
147,160
148,160
149,160
150,160
151,160
152,160
153,154
154,155
155,156
156,157
157,189
158,159
159,189
160,164
160,170
160,178
160,179
160,184
161,167
162,165
163,164
164,165
165,166
166,167
167,168
168,177
169,170
170,172
171,172
172,173
173,175
174,175
175,176
176,177
177,185
177,186
177,187
177,188
177,194
177,195
178,180
179,180
180,181
180,183
181,182
185,189
186,189
187,189
188,189
189,190
189,191
189,193
191,192
194,197
195,196
196,197
197,198
197,199
197,201
199,200
201,202
<end>