<number of tasks>
205
<number of mated-station>
13
<number of workers>
26
<task times>
1 692 1993 1225 271 312 810 1516 1350 541 1827 582 100000 1661 1018 520 1288 1661 437 1661 2055 624 2014 1018 84 1599 100000
2 42 11 66 24 92 102 17 66 12 60 24 100000 21 69 35 39 100000 124 5 41 101 17 119 35 67 64
3 261 283 501 760 100000 56 588 494 697 204 650 478 228 728 486 361 720 564 100000 100000 462 588 595 275 181 329
4 261 118 361 760 752 470 556 150 439 415 197 100000 236 447 314 447 100000 24 478 462 71 236 259 100000 666 126
5 157 198 401 81 405 95 429 184 405 443 419 109 401 316 100000 100000 321 321 255 391 321 20 151 43 189 137
6 90 66 71 119 214 95 82 146 203 257 162 117 127 232 187 122 71 141 222 130 100000 144 39 9 9 205
7 54 61 82 157 136 98 156 131 100000 100000 11 96 100000 80 17 62 77 11 100000 62 159 151 85 110 57 100000
8 67 57 11 199 131 107 25 185 57 135 159 167 161 55 59 100000 59 181 39 55 107 65 181 107 100000 169
9 30 15 16 54 47 90 100000 30 89 76 18 34 25 21 57 6 35 45 69 34 65 19 64 100000 28 5
10 106 163 179 102 74 11 217 100000 217 182 33 80 239 156 258 4 308 128 258 318 30 277 131 128 245 270
11 32 61 56 49 94 90 10 53 100000 100000 68 47 50 83 79 40 63 94 67 52 26 94 25 23 100000 28
12 62 38 53 88 47 182 34 21 114 131 7 100000 92 29 75 134 84 145 21 29 95 45 171 71 53 8
13 54 90 67 94 4 115 154 28 64 51 148 136 67 33 91 78 120 123 27 19 70 141 64 127 98 64
14 67 100000 17 15 57 149 49 197 31 81 163 155 51 55 167 100000 159 97 165 75 67 33 63 11 65 95
15 30 28 42 39 19 5 100000 24 21 62 8 21 65 81 55 33 84 6 87 57 100000 19 4 56 5 68
16 106 26 23 100000 96 140 144 96 144 201 277 20 100000 210 175 236 137 239 210 198 201 99 144 188 185 58
17 32 73 43 29 63 64 3 86 89 86 12 16 17 15 64 47 70 30 78 68 38 7 100000 78 11 53
18 62 82 153 100000 153 100000 100000 108 143 3 169 158 49 106 5 149 44 100000 90 121 69 100000 49 151 179 138
19 56 49 121 138 21 166 3 106 33 160 8 121 100000 100000 28 160 38 150 90 39 161 51 21 83 141 41
20 67 123 45 191 61 121 63 9 29 131 37 121 173 145 53 100000 100000 100000 155 100000 65 199 57 100000 125 47
21 86 253 100000 24 173 245 158 58 124 109 42 201 235 147 100000 232 16 181 145 207 96 42 207 40 158 86
22 37 96 91 59 77 49 97 88 96 49 100000 95 78 37 100000 111 31 53 87 62 7 36 95 16 71 48
23 41 72 62 38 100000 3 51 35 69 8 56 99 100000 100000 33 94 100000 91 11 85 33 72 6 121 83 38
24 72 100000 76 38 152 25 100000 147 124 3 25 23 96 212 33 12 188 96 29 76 136 100000 175 199 93 162
25 86 65 60 88 100000 24 147 6 160 225 201 34 240 160 150 219 245 183 196 204 230 55 214 232 194 178
26 16 25 3 13 32 5 39 38 32 39 35 100000 9 23 12 100000 3 37 100000 32 18 2 40 4 28 31
27 51 100000 123 100 66 15 100000 6 27 66 44 42 16 39 109 28 136 92 142 41 45 147 127 100000 135 132
28 66 163 100000 100000 40 186 11 52 100000 119 109 9 163 100000 145 174 52 27 23 100000 76 27 180 147 139 166
29 41 84 40 118 3 49 83 85 8 16 30 11 103 5 6 55 64 83 100000 84 100000 69 61 103 46 36
30 72 98 14 199 55 63 33 124 31 212 121 119 177 23 201 141 14 18 23 100000 201 203 59 212 96 78
31 51 36 104 12 130 7 15 133 57 77 88 13 91 85 56 53 74 37 104 151 100000 45 18 124 129 22
32 16 20 28 2 100000 35 29 38 19 100000 36 42 21 100000 38 100000 4 35 4 39 25 37 37 4 32 20
33 15 6 20 21 32 37 8 100000 34 14 6 100000 26 32 27 6 38 16 32 13 34 6 28 43 12 39
34 15 18 10 17 40 36 22 16 30 22 19 3 1 23 24 27 23 18 100000 18 2 35 39 32 12 16
35 85 242 252 100000 9 171 9 57 110 199 42 6 105 123 16 186 237 113 47 4 95 255 21 179 100000 153
36 59 45 117 40 54 87 24 175 59 8 98 63 100000 100000 126 172 34 3 156 151 149 163 84 100000 166 100000
37 23 47 52 51 8 45 16 44 15 27 100000 26 4 13 22 64 3 38 51 100000 2 7 42 43 100000 17
38 13 37 100000 20 15 19 100000 26 11 29 14 36 100000 26 24 33 28 32 100000 18 18 14 11 10 11 37
39 19 100000 51 36 53 48 14 12 31 26 100000 40 24 26 23 21 4 39 22 9 29 4 27 27 17 44
40 108 230 88 143 43 182 308 217 153 295 130 56 314 185 100000 100000 272 91 204 88 91 169 272 27 175 143
41 214 7 174 604 100000 527 225 200 443 597 206 142 463 610 488 225 636 354 100000 14 604 591 100000 392 514 206
42 80 111 207 77 15 106 166 75 25 180 132 128 68 94 149 140 6 238 63 30 130 238 185 56 100000 180
43 37 71 82 69 45 100000 100000 78 100000 2 111 15 58 58 15 43 53 59 5 41 18 100000 31 100000 43 57
44 84 54 100000 100000 162 217 31 222 247 71 76 46 51 207 189 21 242 11 44 84 41 252 86 36 147 36
45 18 54 100000 36 20 47 25 54 53 44 8 32 39 41 23 40 47 14 29 33 3 31 8 40 100000 9
46 12 17 32 5 100000 10 23 1 100000 31 100000 29 6 30 1 7 22 16 2 34 100000 100000 28 28 31 2
47 29 3 75 43 53 61 56 38 84 10 64 72 11 14 29 2 66 14 100000 10 35 47 78 59 5 85
48 37 86 10 60 43 24 40 25 79 78 100000 49 60 30 100000 59 42 100000 100000 71 96 21 49 107 100000 21
49 13 10 18 26 15 16 27 17 25 5 30 100000 6 16 12 39 15 6 15 24 11 4 36 28 39 22
50 70 78 116 103 170 76 91 100000 60 183 14 32 164 147 99 100000 51 122 76 7 124 100000 89 174 160 172
51 217 294 203 255 547 34 430 248 586 398 100000 554 157 326 404 365 92 320 320 599 79 268 495 86 625 326
52 72 61 156 57 29 152 162 55 48 50 74 12 115 100000 173 44 134 141 121 132 89 152 158 66 117 145
53 85 80 235 222 100000 204 113 204 113 141 98 87 100000 100000 100000 235 240 123 39 72 44 29 181 82 141 57
54 43 6 65 52 15 29 100000 20 89 101 126 51 74 119 128 84 120 100000 85 27 25 94 32 83 29 71
55 97 158 114 152 42 291 53 100000 114 10 100000 117 105 16 56 242 111 4 152 227 230 137 271 216 18 97
56 37 16 3 21 80 111 103 76 4 106 103 63 37 104 44 75 76 103 32 46 33 100000 54 22 66 48
57 13 14 27 32 16 33 31 17 100000 38 36 21 26 15 22 5 16 22 3 100000 15 36 3 13 2 32
58 35 90 102 83 72 10 87 64 27 103 35 100000 8 12 70 67 3 10 86 4 62 2 27 37 7 104
59 217 27 99 638 346 53 638 528 645 554 34 398 371 261 100000 333 449 385 196 100000 307 547 365 645 183 222
60 72 128 167 91 186 100000 44 171 100000 119 55 124 210 199 14 177 68 10 156 192 126 16 167 89 85 93
61 85 232 65 42 82 174 100000 217 100000 100000 131 100000 21 47 115 100000 133 42 100000 133 87 49 179 52 158 245
62 25 53 14 17 37 5 60 25 59 66 100000 45 17 31 51 58 38 34 5 27 18 38 72 21 18 54
63 37 18 108 18 107 45 22 48 14 8 22 97 97 54 100000 100000 85 9 92 87 111 100000 100000 89 86 29
64 37 36 4 32 82 35 111 65 63 98 100000 56 109 103 31 100000 68 79 22 88 19 88 76 100000 100000 100000
65 103 16 220 272 38 93 118 247 155 100000 115 100000 164 281 278 87 106 23 50 281 297 291 161 118 100000 207
66 140 223 311 148 64 231 89 106 60 374 332 219 257 349 223 278 30 194 324 336 202 349 286 97 252 311
67 49 129 75 137 86 64 87 30 100 135 105 121 97 33 105 92 56 100000 56 105 100000 100000 61 30 26 92
68 35 3 28 78 57 91 44 25 104 97 8 53 11 25 69 59 22 61 33 60 62 65 80 22 73 9
69 51 100 34 100000 97 136 100000 126 151 79 100000 126 6 100000 28 45 21 112 148 135 126 89 6 153 88 100000
70 88 109 67 100000 180 75 235 27 61 100000 54 204 225 22 219 217 27 69 214 164 101 98 77 100000 4 100000
71 53 100000 143 159 71 88 89 121 100000 121 100000 102 48 61 140 17 127 14 53 56 59 113 31 45 80 138
72 144 290 135 281 423 70 92 44 44 415 14 182 35 389 87 35 316 40 346 225 109 100000 294 199 104 234
73 337 738 627 961 607 62 284 789 294 950 100000 849 506 748 122 466 92 476 100000 112 668 21 284 940 809 920
74 107 129 257 183 267 27 59 206 161 267 286 164 23 17 199 244 81 87 17 302 254 145 107 84 167 100000
75 371 946 100000 57 1046 79 613 713 79 590 1069 357 257 891 412 1113 34 646 1057 1113 724 546 412 579 301 1024
76 97 65 100000 184 68 71 18 39 259 13 117 100000 91 166 178 291 47 94 50 74 45 155 178 88 134 88
77 166 190 453 314 6 76 36 155 294 294 100000 46 21 453 483 155 324 165 344 180 294 264 175 384 359 279
78 92 221 205 180 81 29 271 100000 150 133 73 210 251 92 23 18 100000 100000 114 106 150 40 70 150 224 174
79 92 106 213 67 207 205 183 75 86 119 144 254 246 166 147 81 45 216 100000 268 95 67 207 227 273 158
80 106 109 150 270 264 100000 33 185 99 283 210 17 30 239 229 213 93 99 308 302 100000 121 55 251 289 185
81 49 93 115 147 134 93 127 26 13 122 100000 68 122 13 11 10 137 129 90 39 36 118 108 77 102 77
82 92 185 257 240 100000 103 163 59 100000 196 100000 227 34 45 100000 268 133 34 262 48 246 86 257 276 81 194
83 371 100000 134 268 257 635 100000 100000 57 479 668 1057 312 100000 501 45 1035 924 57 713 112 123 100000 702 100000 891
84 87 147 100000 243 191 193 178 11 4 100000 128 76 126 178 219 89 71 240 118 152 152 251 214 45 69 30
85 162 413 433 219 205 370 486 404 100000 345 137 185 100000 229 195 64 103 273 311 64 59 365 132 297 273 311
86 96 288 142 165 139 67 90 245 70 90 185 84 24 116 18 242 279 100000 33 271 185 61 170 156 56 242
87 79 161 218 51 13 29 202 100000 180 51 53 36 13 192 91 77 36 195 180 126 197 74 102 195 192 95
88 96 256 110 216 58 100000 127 285 100000 56 122 222 100000 100000 179 262 170 219 64 70 58 87 282 122 78 182
89 42 69 76 97 124 124 30 2 100000 22 15 114 71 36 61 100000 29 59 75 26 100 92 55 30 21 84
90 88 246 190 25 140 259 130 100000 190 83 14 188 106 196 256 138 117 125 259 251 114 93 4 164 38 130
91 90 195 136 179 100000 100000 33 189 84 9 117 103 251 157 23 17 100000 170 262 246 20 90 36 100000 197 79
92 97 239 166 21 117 274 108 233 56 166 65 85 204 279 291 227 82 42 166 271 7 161 42 256 187 137
93 270 600 25 90 155 284 462 300 737 58 600 171 381 33 74 333 98 100000 600 583 729 511 292 219 236 705
94 452 814 502 299 245 462 245 100000 855 1071 204 746 367 1342 28 1261 529 692 733 1275 69 204 100000 313 1017 868
95 48 114 128 58 141 124 97 48 91 48 35 8 18 97 135 32 143 140 15 115 35 51 100000 62 35 60
96 338 62 305 649 123 670 862 487 102 406 730 811 82 386 214 913 953 1014 183 781 822 264 447 42 568 295
97 34 94 22 96 62 59 34 41 15 97 9 14 34 26 55 7 100 100000 69 52 94 31 22 31 70 74
98 65 108 115 135 112 135 20 152 100000 133 18 7 119 187 55 53 100000 158 135 44 48 139 133 100000 94 100000
99 50 34 90 13 19 22 64 138 5 77 150 13 7 101 131 135 68 43 47 14 111 74 114 123 113 26
100 112 115 282 122 333 333 185 55 185 61 55 38 202 71 88 58 95 306 100000 38 286 142 185 85 276 78
101 48 24 54 70 140 27 37 117 100000 128 100 55 100000 108 83 100000 103 50 67 101 104 100000 77 47 100 80
102 117 64 138 152 110 348 215 99 194 288 299 78 120 285 232 330 71 169 218 100000 162 278 232 145 232 61
103 50 47 2 23 135 138 104 87 132 55 140 28 80 20 19 23 28 129 26 17 146 55 132 100000 41 125
104 68 100000 5 105 88 127 202 88 202 27 90 17 149 82 56 121 80 88 182 25 62 100000 182 155 169 115
105 232 133 508 564 453 100000 196 557 154 474 168 494 487 494 286 487 8 154 439 376 355 627 536 487 100000 50
106 122 59 41 8 85 125 184 129 96 253 319 48 63 355 100000 30 41 213 74 100 19 319 147 264 304 96
107 151 100000 335 6 435 155 421 218 73 186 132 399 100000 60 299 128 227 268 250 91 55 367 28 421 268 290
108 31 40 85 7 46 4 89 81 61 92 44 100000 49 68 40 45 100000 86 58 90 84 18 67 67 7 13
109 97 210 91 88 132 85 100000 120 13 123 227 103 239 190 100000 100000 256 245 195 149 56 79 71 219 172 268
110 308 186 167 499 786 435 269 278 481 795 100000 379 739 813 324 315 324 278 352 223 850 758 767 29 749 223
111 116 105 100000 306 247 18 29 22 67 327 60 206 136 209 223 84 171 100000 157 334 100000 171 164 240 39 178
112 312 599 57 384 478 431 786 833 459 534 272 394 100000 814 160 282 76 562 646 515 100000 609 889 674 100000 100000
113 34 20 50 97 100000 38 16 85 87 56 88 37 54 28 72 47 32 6 44 100000 66 8 37 74 34 94
114 128 258 357 12 170 100000 384 376 311 223 323 212 196 104 51 215 292 357 185 177 185 346 369 135 357 380
115 54 141 100000 90 6 12 40 128 100000 64 22 25 107 49 141 160 59 91 123 82 40 69 77 15 102 94
116 175 331 100000 100000 420 368 38 127 373 504 420 169 158 399 347 347 336 420 226 483 420 116 467 132 100000 80
117 55 58 100000 81 3 137 103 19 140 157 100000 67 114 53 100000 75 152 134 67 19 76 126 114 100000 122 58
118 306 496 790 395 817 111 100000 780 93 716 100000 826 478 606 542 56 735 478 100000 100000 918 487 102 890 56 414
119 59 126 61 177 168 26 45 117 103 100000 77 173 73 57 24 103 85 10 98 80 101 27 151 119 75 114
120 59 100000 57 52 135 100000 100000 175 8 89 161 103 78 100000 154 165 27 105 124 54 149 126 158 47 33 129
121 66 29 100000 129 149 31 127 34 137 38 46 11 58 64 141 34 143 111 170 7 72 121 165 198 133 113
122 66 36 80 44 176 147 96 188 149 170 194 165 100000 131 161 113 60 100000 70 100000 3 145 100000 125 100000 151
123 23 40 21 24 25 100000 2 22 6 52 25 21 15 41 34 100000 57 4 14 27 38 57 8 51 6 58
124 244 100000 118 330 176 155 644 100000 688 432 45 432 315 103 323 118 505 100000 213 16 388 125 498 557 52 447
125 54 62 57 130 100000 100000 157 44 72 102 100000 144 100000 128 109 136 67 46 4 40 20 41 70 120 61 75
126 294 618 168 345 618 100000 397 274 100000 63 100000 873 556 301 63 644 27 856 688 732 530 882 309 785 336 618
127 84 247 174 214 116 101 86 66 207 159 129 147 100000 234 76 242 249 100000 234 36 189 229 172 64 124 16
128 61 114 76 43 45 100000 16 119 100000 41 143 85 101 152 74 83 79 43 100000 37 156 108 19 117 17 167
129 57 49 30 32 100000 100000 27 89 100000 108 122 159 4 44 30 84 169 52 168 110 166 115 40 13 120 130
130 38 100000 26 3 89 70 42 20 56 62 89 77 108 34 82 105 74 95 17 12 34 32 100000 70 100000 111
131 944 1218 1671 1615 2662 2294 1473 1133 1926 850 879 2690 100000 2181 596 1105 2521 1898 652 100000 1445 737 1360 2577 227 2011
132 511 1012 108 951 369 874 353 100000 154 1211 1058 1165 100000 1502 1364 1502 844 124 767 277 1211 185 1456 1349 1349 767
133 625 1332 975 769 432 601 732 1594 1575 507 975 1219 57 1369 282 413 1594 1781 1819 76 357 470 1369 1182 544 95
134 445 54 54 1042 148 214 348 828 615 721 495 428 1308 641 1108 1082 68 908 1028 1188 1162 535 468 988 575 1215
135 68 48 100000 52 198 84 86 100000 100000 82 27 3 155 68 3 17 157 139 100000 100 76 72 48 139 121 115
136 53 121 59 85 61 151 131 44 138 80 47 89 135 23 91 42 123 112 134 86 156 151 39 113 74 9
137 49 103 77 137 78 140 109 58 129 80 118 59 46 137 14 39 100000 83 131 84 143 39 128 90 86 83
138 92 100000 216 40 276 59 100000 240 163 273 152 100000 40 100000 205 12 169 188 53 89 51 122 183 161 199 84
139 236 149 355 567 50 425 666 220 574 29 178 595 595 171 552 666 29 475 390 637 588 347 284 340 659 121
140 116 195 29 192 258 29 100000 129 313 119 100000 154 303 178 60 95 154 43 345 95 164 202 157 181 303 279
141 265 382 303 485 33 263 509 279 501 136 763 17 406 152 565 100000 33 100000 700 287 100000 33 446 644 438 100000
142 149 349 255 336 72 233 117 77 434 447 59 41 139 411 242 108 336 304 135 46 380 19 211 242 135 242
143 74 16 100000 100000 19 123 100000 100000 43 63 189 72 100000 100000 189 165 211 39 47 180 89 100000 89 100000 162 100
144 332 140 101 429 41 120 678 926 100000 588 250 857 459 558 110 379 210 429 698 71 638 469 359 887 996 409
145 324 380 778 448 817 351 100000 729 380 438 807 88 283 127 302 477 331 321 661 496 642 50 749 535 564 797
146 104 138 153 85 225 216 94 138 284 97 191 281 200 110 73 10 175 85 225 262 20 290 82 100000 275 129
147 51 71 141 100000 100000 31 53 118 28 77 92 25 39 12 19 129 80 100000 3 118 31 138 100000 27 60 39
148 58 10 127 62 155 105 62 96 94 44 100000 46 86 162 100000 22 169 74 100000 81 43 174 100000 11 145 48
149 67 39 51 141 73 193 100000 123 143 41 5 73 177 45 151 165 9 5 99 3 147 59 125 41 89 135
150 49 100000 80 108 146 48 100000 100000 143 86 4 54 135 113 100000 106 125 108 100000 71 108 118 93 75 125 78
151 107 100000 71 196 100000 257 209 39 302 267 292 235 212 155 238 17 100000 100000 91 17 68 167 100 110 65 148
152 38 81 15 111 100000 42 104 112 47 91 78 100000 16 100000 13 100000 103 94 103 7 100000 30 44 26 86 86
153 27 32 32 63 35 11 21 43 52 20 27 64 13 42 50 76 51 17 11 70 44 69 34 24 59 75
154 68 27 64 141 125 194 52 19 100000 70 15 13 169 66 96 88 163 100000 40 3 131 153 17 117 54 13
155 207 100000 100000 416 609 423 13 100000 621 423 305 522 534 261 398 466 187 206 540 609 454 94 286 447 100000 491
156 202 31 461 515 594 164 322 352 467 291 503 352 152 467 582 455 100000 92 291 164 267 49 279 100000 316 134
157 83 219 41 162 229 194 140 95 56 105 85 95 157 100000 127 13 95 234 150 63 80 123 83 142 100000 165
158 35 80 76 48 80 83 52 80 52 58 73 59 42 42 12 35 86 100000 61 79 6 19 103 19 100000 39
159 58 77 29 93 115 169 48 74 25 8 94 23 70 93 148 68 100000 25 100000 100000 81 36 136 158 62 49
160 42 100000 34 26 47 111 92 100 56 62 42 22 66 115 42 100000 90 11 51 122 52 36 22 20 120 102
161 68 131 111 100000 23 137 196 40 100000 86 117 125 52 100000 84 133 100000 15 42 157 157 169 192 68 21 64
162 68 94 98 100000 76 139 88 72 88 100000 149 169 204 182 119 13 111 42 100000 25 98 50 13 68 107 176
163 68 60 70 88 58 60 82 27 169 36 92 111 80 33 36 139 23 109 38 198 129 60 78 80 100000 52
164 103 180 247 50 106 204 309 19 177 90 287 161 143 201 56 93 100000 269 106 100000 272 63 263 100 84 137
165 103 96 263 281 66 263 35 173 223 155 140 217 137 100000 263 47 195 100000 103 100000 109 41 32 100000 189 16
166 103 103 226 133 189 118 294 35 241 118 4 100000 250 214 100 100000 84 294 186 75 220 75 272 100 41 186
167 103 297 100000 306 100000 38 7 170 291 53 56 266 269 201 226 100000 100000 260 207 100000 69 100000 100000 291 100000 155
168 103 177 281 177 100000 23 41 214 177 244 69 16 100000 201 66 109 226 47 260 269 100000 284 300 19 241 223
169 68 174 15 36 113 115 157 161 176 115 56 86 182 86 165 161 105 105 182 137 15 161 137 163 107 186
170 103 263 229 109 232 303 130 195 180 254 38 127 269 69 281 177 306 100000 133 100000 35 263 183 133 263 38
171 68 38 38 161 172 78 78 174 145 196 36 192 100000 100000 88 105 105 15 100000 129 84 25 42 23 113 33
172 103 272 275 275 115 38 50 146 170 164 103 100000 226 275 210 158 100000 250 75 90 100 100 23 226 121 26
173 103 53 137 100000 66 223 106 223 235 100000 100000 201 41 100000 78 173 146 260 300 220 118 287 198 155 100000 195
174 68 84 200 44 11 155 153 100000 100000 145 50 107 64 68 13 98 100 100000 127 186 27 60 100000 119 92 62
175 103 84 35 247 100000 66 100000 241 226 235 254 130 294 161 23 100000 300 137 167 112 220 38 100000 170 69 155
176 103 247 146 229 56 100000 100000 100000 100000 220 115 127 75 263 210 118 306 198 53 35 84 100000 137 247 50 35
177 10 10 100000 11 22 29 20 27 30 26 1 26 23 9 14 27 5 12 15 18 23 4 3 26 6 20
178 187 348 100000 359 427 359 527 253 449 100000 505 516 477 460 365 460 91 119 100000 343 550 152 100000 203 309 180
179 134 77 226 386 100000 29 189 230 73 100000 370 250 394 246 338 25 346 100000 100000 100000 298 100000 290 266 181 57
180 89 30 235 94 131 179 246 28 100000 198 89 110 187 198 105 94 240 100000 211 44 97 235 22 145 54 193
181 58 129 171 131 100000 74 29 34 10 13 100000 134 13 11 86 82 60 70 100000 8 100000 110 34 113 10 18
182 49 128 14 105 38 32 42 100000 67 100000 90 51 127 97 59 39 2 55 100000 108 141 55 56 102 20 36
183 134 274 394 125 125 145 338 358 100000 254 125 77 49 202 45 226 29 93 81 238 100000 294 61 85 73 189
184 53 59 34 120 97 138 23 78 135 100000 15 15 45 74 41 100000 23 82 75 89 36 18 15 154 99 102
185 334 121 632 100000 592 241 882 341 512 100000 772 852 100000 902 100000 461 552 932 251 141 952 161 351 251 692 972
186 24 37 13 100000 100000 100000 39 30 3 100000 5 62 17 15 40 19 27 51 32 44 60 24 13 71 13 100000
187 76 219 194 212 55 58 49 203 100000 119 3 100000 42 53 130 187 110 142 226 24 96 83 46 42 26 115
188 76 221 100000 160 100000 65 212 214 205 100000 142 85 105 223 28 90 137 44 26 160 60 119 80 124 160 108
189 192 570 352 70 100000 185 122 231 352 438 122 294 404 271 467 231 363 202 151 100000 243 151 100000 87 110 536
190 98 54 145 121 215 63 130 100000 276 80 36 101 95 235 100000 224 19 139 63 60 238 60 177 124 171 39
191 258 542 100000 217 542 658 573 581 674 101 349 480 434 418 310 627 534 40 117 434 743 728 666 94 689 295
192 165 125 243 100000 31 416 495 100000 120 297 263 100 144 55 184 337 159 446 426 238 100 50 283 100000 278 332
193 38 109 4 100000 19 76 2 74 111 67 42 70 77 100000 111 22 4 106 33 52 53 100000 43 100000 64 108
194 115 190 207 152 307 8 183 190 4 324 252 214 321 111 100000 142 145 66 252 207 90 100000 221 118 53 183
195 83 118 88 21 100000 93 162 204 167 244 68 177 38 100000 170 100000 150 217 214 100000 209 108 192 100000 100000 88
196 56 125 18 33 69 81 24 100000 59 19 116 160 126 128 36 146 100000 66 58 51 100000 58 148 100000 100000 51
197 29 59 9 29 39 100000 25 41 52 29 2 45 5 63 32 100000 16 23 4 8 100000 53 65 82 39 27
198 303 100000 519 591 100000 46 119 192 664 709 410 382 555 809 28 782 282 74 900 618 519 746 782 546 673 419
199 18 32 21 42 48 14 28 36 50 21 17 4 17 100000 38 11 52 22 100000 51 36 49 3 6 3 14
200 29 59 100000 47 40 46 33 24 64 15 27 29 29 29 26 100000 47 26 26 76 100000 100000 8 78 64 59
201 154 176 342 181 245 100000 29 47 139 333 264 379 121 130 324 421 100000 314 208 19 268 430 264 397 351 384
202 90 165 176 181 9 100000 82 216 87 9 33 254 23 109 57 6 160 154 168 71 49 251 133 248 31 130
203 93 29 57 101 243 173 100000 165 173 96 257 196 210 198 151 246 65 98 115 273 168 115 68 210 100000 100000
204 94 226 43 167 254 100000 274 100000 186 223 251 119 100000 184 119 35 35 77 68 279 136 243 147 156 97 100000
205 165 396 189 258 194 283 213 75 100000 441 31 16 45 475 416 258 31 495 243 213 105 100000 357 416 376 174
<task directions>
1 E
2 E
3 R
4 L
5 E
6 E
7 R
8 R
9 R
10 R
11 R
12 R
13 L
14 L
15 L
16 L
17 L
18 L
19 E
20 E
21 E
22 E
23 E
24 E
25 R
26 L
27 R
28 R
29 R
30 R
31 R
32 R
33 R
34 L
35 E
36 E
37 L
38 L
39 L
40 E
41 E
42 E
43 L
44 L
45 L
46 L
47 L
48 L
49 L
50 L
51 L
52 L
53 L
54 R
55 R
56 R
57 R
58 R
59 R
60 R
61 R
62 E
63 E
64 E
65 E
66 E
67 E
68 E
69 E
70 E
71 E
72 E
73 E
74 E
75 E
76 E
77 E
78 L
79 R
80 E
81 E
82 E
83 E
84 E
85 E
86 E
87 E
88 E
89 E
90 R
91 R
92 R
93 R
94 E
95 R
96 E
97 E
98 E
99 E
100 E
101 E
102 E
103 E
104 R
105 L
106 L
107 E
108 L
109 E
110 R
111 L
112 R
113 E
114 L
115 E
116 R
117 E
118 E
119 E
120 E
121 E
122 E
123 E
124 E
125 E
126 R
127 E
128 E
129 E
130 R
131 E
132 R
133 R
134 R
135 L
136 L
137 E
138 E
139 E
140 L
141 L
142 L
143 L
144 E
145 E
146 L
147 L
148 R
149 R
150 R
151 E
152 L
153 L
154 E
155 E
156 E
157 E
158 R
159 R
160 E
161 R
162 R
163 R
164 R
165 R
166 R
167 R
168 R
169 L
170 L
171 L
172 L
173 L
174 L
175 L
176 L
177 E
178 E
179 L
180 L
181 L
182 L
183 L
184 L
185 E
186 R
187 R
188 L
189 E
190 E
191 R
192 E
193 R
194 E
195 L
196 R
197 R
198 R
199 R
200 R
201 L
202 L
203 L
204 E
205 E
<precedence relations>
1,36
2,3
2,4
3,5
4,5
5,7
5,13
6,36
7,8
8,9
9,10
10,11
11,12
12,36
13,14
14,15
15,16
16,17
17,18
18,36
19,36
20,22
21,22
22,23
23,24
23,34
24,26
24,27
24,28
25,28
26,35
27,35
28,29
29,30
29,33
30,31
30,32
31,35
32,35
33,35
34,35
35,36
36,37
36,40
36,41
36,42
36,62
36,69
36,72
36,75
36,83
36,110
36,111
36,112
37,38
38,39
39,45
40,43
40,54
41,92
42,43
42,54
43,44
44,45
45,46
45,48
45,51
45,53
46,47
47,92
48,49
49,50
50,92
51,52
52,92
53,92
54,55
55,56
55,59
55,61
56,57
57,58
58,92
59,60
60,92
61,92
62,63
63,64
64,65
64,68
65,66
66,67
67,80
68,80
69,70
70,71
71,73
72,73
73,74
74,76
75,92
76,77
76,78
76,79
77,80
77,82
78,80
79,80
80,81
81,84
82,92
83,92
84,85
85,86
85,88
85,90
86,87
87,92
88,89
89,92
90,91
91,92
92,93
92,94
92,95
92,96
92,97
92,98
92,99
93,135
94,135
95,113
96,113
97,100
98,100
99,100
100,101
100,103
100,105
100,109
100,130
100,131
100,134
101,102
102,113
103,104
104,113
105,106
105,107
106,108
107,108
108,113
109,113
110,113
111,113
112,113
113,114
113,115
113,116
113,117
113,118
113,119
113,120
113,121
113,122
113,123
113,124
113,161
113,162
113,163
113,169
113,171
113,174
113,203
113,204
113,205
114,160
115,160
116,160
117,160
118,126
119,126
120,126
121,126
122,126
123,126
124,125
125,126
126,127
126,128
126,129
127,135
128,135
129,135
130,136
131,132
132,133
133,189
134,189
135,136
135,137
135,138
135,139
135,140
135,141
135,142
135,144
135,145
135,147
135,148
135,149
135,150
135,151
135,152
135,153
135,158
136,189
137,160
138,160
139,160
140,143
141,143
142,143
143,160
144,160
145,146
146,160
147,160
148,160
149,160
150,160
151,160
152,160
153,154
154,155
155,156
156,157
157,189
158,159
159,189
160,164
160,170
160,178
160,179
160,184
161,167
162,165
163,164
164,165
165,166
166,167
167,168
168,177
169,170
170,172
171,172
172,173
173,175
174,175
175,176
176,177
177,185
177,186
177,187
177,188
177,194
177,195
178,180
179,180
180,181
180,183
181,182
185,189
186,189
187,189
188,189
189,190
189,191
189,193
191,192
194,197
195,196
196,197
197,198
197,199
197,201
199,200
201,202
<end>