<number of tasks>
205
<number of mated-station>
5
<number of workers>
10
<task times>
1 692 100000 395 298 100000 464 132 602 312 243
2 42 33 10 12 100000 100000 100000 14 31 41
3 261 100000 24 245 204 100 100 115 4 227
4 261 61 110 160 139 256 178 43 100000 14
5 157 100000 100000 100000 40 54 26 73 67 32
6 90 75 13 100000 65 33 100000 100000 6 35
7 54 46 42 50 44 21 10 4 100000 13
8 67 39 34 59 4 43 67 100000 35 100000
9 30 100000 14 29 22 23 13 2 20 24
10 106 49 8 61 96 56 97 9 43 40
11 32 15 2 12 21 18 10 5 16 20
12 62 44 16 38 13 100000 60 62 35 100000
13 54 23 43 100000 43 100000 28 100000 100000 3
14 67 100000 100000 14 100000 37 64 100000 7 100000
15 30 26 9 30 3 13 100000 28 100000 100000
16 106 4 100000 12 25 39 100000 46 100000 99
17 32 100000 24 100000 100000 12 8 100000 100000 24
18 62 27 14 17 60 47 5 46 44 49
19 56 2 37 48 30 29 38 48 44 100000
20 67 47 100000 64 57 53 60 18 45 36
21 86 32 67 100000 100000 100000 15 43 17 63
22 37 19 100000 33 100000 14 100000 100000 4 100000
23 41 13 3 38 100000 100000 14 28 25 100000
24 72 34 49 53 100000 100000 100000 38 100000 100000
25 86 100000 66 22 3 100000 71 3 7 68
26 16 12 2 16 10 6 16 14 100000 14
27 51 14 33 100000 100000 100000 42 8 38 51
28 66 100000 100000 100000 64 36 56 100000 59 58
29 41 15 7 100000 35 100000 25 39 12 21
30 72 16 48 43 34 100000 7 66 8 61
31 51 41 5 10 100000 100000 29 23 25 2
32 16 16 100000 9 10 4 13 6 1 8
33 15 5 100000 4 7 100000 6 2 9 4
34 15 12 13 5 9 5 5 11 7 100000
35 85 41 8 32 100000 56 67 100000 4 25
36 59 7 21 20 100000 45 41 100000 12 54
37 23 3 16 14 19 6 17 100000 19 100000
38 13 12 5 13 12 12 7 3 4 13
39 19 5 14 10 13 100000 13 7 3 100000
40 108 3 58 93 12 4 108 107 60 22
41 214 212 152 71 100000 171 88 93 150 176
42 80 54 28 65 69 20 75 43 44 100000
43 37 34 12 100000 9 13 100000 100000 9 29
44 84 33 25 21 83 55 18 100000 66 27
45 18 9 11 7 2 16 4 5 2 16
46 12 7 100000 12 6 3 6 6 6 100000
47 29 100000 4 100000 17 5 100000 9 19 100000
48 37 16 20 2 100000 9 28 12 17 3
49 13 3 6 12 5 8 9 7 4 100000
50 70 100000 51 100000 13 100000 34 56 100000 100000
51 217 103 141 159 206 154 74 185 5 36
52 72 13 22 27 66 44 56 100000 72 44
53 85 80 71 29 79 36 100000 14 23 100000
54 43 22 12 100000 12 33 100000 12 7 100000
55 97 85 85 64 37 14 10 95 41 58
56 37 12 36 13 19 25 100000 22 7 27
57 13 2 10 13 10 6 2 5 10 4
58 35 12 33 32 28 5 24 30 11 20
59 217 208 152 12 131 100 178 29 42 18
60 72 23 100000 53 14 58 24 65 53 37
61 85 100000 41 22 100000 100000 55 100000 77 40
62 25 10 25 8 1 10 21 100000 7 16
63 37 10 36 14 12 13 30 32 31 100000
64 37 100000 31 24 100000 36 100000 26 100000 33
65 103 58 68 47 21 49 36 100000 81 59
66 140 130 65 30 18 105 100000 98 100000 100000
67 49 7 100000 16 30 100000 100000 39 100000 27
68 35 8 20 11 3 100000 22 100000 4 25
69 51 7 23 45 27 43 38 25 30 26
70 88 75 66 45 52 58 8 43 42 47
71 53 22 15 7 7 11 50 100000 100000 30
72 144 131 100000 64 100000 42 98 100000 100000 104
73 337 277 100000 156 327 290 216 216 256 330
74 107 3 100000 67 90 44 100000 85 3 100000
75 371 349 145 367 53 304 227 100000 201 97
76 97 13 83 31 7 100000 75 34 60 5
77 166 100000 159 102 37 130 80 143 39 136
78 92 78 15 20 80 61 55 91 15 49
79 92 4 100000 83 15 40 92 22 67 28
80 106 100000 59 98 24 100000 100 3 25 100000
81 49 35 12 23 43 28 100000 26 100000 3
82 92 75 15 61 36 59 100000 86 57 19
83 371 345 316 234 345 212 334 256 116 79
84 87 49 33 5 16 14 80 79 68 100000
85 162 35 133 112 57 80 4 100000 109 100000
86 96 2 45 100000 30 20 20 58 33 26
87 79 42 67 43 9 24 36 44 63 100000
88 96 82 79 29 75 62 27 100000 66 27
89 42 4 20 42 29 100000 33 2 37 100000
90 88 80 100000 82 9 48 42 84 10 40
91 90 51 59 46 62 50 14 100000 54 24
92 97 30 100000 46 77 7 30 100000 100000 100000
93 270 36 25 4 267 162 100000 157 103 195
94 452 100000 159 434 227 407 24 420 348 317
95 48 100000 39 100000 14 20 25 100000 24 12
96 338 62 274 210 267 100000 291 237 173 112
97 34 25 15 13 100000 33 25 31 24 100000
98 65 60 100000 100000 9 100000 14 21 62 9
99 50 27 29 47 45 35 100000 42 100000 2
100 112 90 30 100000 9 100000 110 100000 109 100000
101 48 24 43 100000 18 100000 45 13 23 48
102 117 97 3 14 110 108 98 78 43 3
103 50 19 100000 18 36 13 16 13 100000 100000
104 68 51 51 4 14 32 61 43 17 4
105 232 77 151 170 66 197 100000 100000 70 128
106 122 84 54 105 100000 5 45 92 48 86
107 151 133 46 100000 78 147 18 84 108 100000
108 31 25 15 6 31 8 13 8 28 6
109 97 61 57 17 17 83 64 100000 38 100000
110 308 280 296 170 16 87 259 210 53 136
111 116 65 101 61 39 11 100000 70 54 100000
112 312 54 188 169 104 163 281 247 191 212
113 34 14 100000 3 14 14 32 30 100000 12
114 128 18 68 51 105 91 82 100000 100000 105
115 54 26 31 100000 35 30 16 46 100000 17
116 175 100000 4 76 100000 76 142 128 31 45
117 55 11 49 29 7 24 2 30 100000 5
118 306 99 279 184 111 120 89 230 230 181
119 59 21 10 45 100000 100000 100000 35 24 21
120 59 50 51 46 28 24 36 54 2 25
121 66 40 100000 100000 39 12 35 54 19 100000
122 66 5 24 28 20 60 41 100000 100000 56
123 23 100000 18 17 14 100000 5 100000 10 4
124 244 93 157 59 100000 42 67 100000 142 84
125 54 35 46 100000 13 42 100000 52 39 100000
126 294 227 98 100000 133 194 36 130 100000 112
127 84 8 61 45 100000 17 100000 52 53 100000
128 61 7 27 6 8 10 8 45 3 17
129 57 30 27 20 12 100000 25 24 39 49
130 38 100000 13 35 33 23 100000 28 17 100000
131 944 501 831 218 114 284 303 100000 586 482
132 511 180 266 93 57 72 373 103 302 271
133 625 100000 26 157 588 100000 100000 138 100000 100000
134 445 325 361 250 112 41 100000 272 210 100000
135 68 6 14 100000 39 100000 47 8 59 62
136 53 100000 100000 12 18 17 4 100000 13 100000
137 49 30 35 100000 8 38 29 35 7 44
138 92 17 72 67 76 11 87 87 82 100000
139 236 50 173 166 142 64 76 48 81 213
140 116 107 82 9 30 111 91 21 100000 23
141 265 100000 252 72 151 252 215 181 146 100000
142 149 118 139 105 90 100000 100000 11 119 60
143 74 12 25 27 72 8 100000 71 100000 14
144 332 325 100000 80 309 137 236 302 87 147
145 324 100000 172 100000 100000 30 100000 263 301 7
146 104 96 100000 27 75 91 41 56 88 31
147 51 21 12 100000 14 29 6 100000 39 20
148 58 4 41 58 34 33 26 37 58 10
149 67 100000 15 14 47 23 100000 15 28 12
150 49 36 41 14 26 100000 46 100000 34 44
151 107 29 100000 52 87 100000 59 64 73 32
152 38 9 10 100000 34 23 2 34 28 24
153 27 5 4 3 6 9 16 8 1 10
154 68 55 45 25 57 40 41 8 9 10
155 207 100000 147 153 141 120 36 53 135 156
156 202 77 192 27 100000 100000 104 63 100000 51
157 83 46 100000 71 79 68 50 40 57 5
158 35 6 21 24 6 33 100000 20 3 100000
159 58 14 100000 100000 24 100000 35 39 40 27
160 42 100000 17 8 19 8 35 40 2 3
161 68 100000 44 46 23 9 100000 46 4 43
162 68 33 16 11 41 100000 3 66 39 49
163 68 55 100000 43 3 8 63 38 65 55
164 103 6 3 46 18 97 79 96 34 89
165 103 102 4 5 100000 25 100000 13 6 100000
166 103 89 98 89 52 93 103 23 81 37
167 103 47 49 67 100000 51 93 89 73 100
168 103 100000 22 100000 75 37 100000 73 23 100
169 68 100000 4 68 26 15 17 44 55 23
170 103 100000 66 100000 4 98 61 28 42 54
171 68 62 100000 68 17 29 63 42 44 63
172 103 95 32 44 62 70 8 22 66 25
173 103 100000 102 82 100000 15 15 68 71 84
174 68 35 26 100000 100000 100000 58 32 45 51
175 103 37 78 61 87 100000 9 87 75 25
176 103 9 19 5 68 100000 85 100000 79 57
177 10 9 8 100000 100000 6 7 100000 5 100000
178 187 187 155 150 183 100000 36 81 183 100000
179 134 100000 109 97 57 97 4 13 110 49
180 89 37 45 86 39 72 100000 9 100000 77
181 58 10 12 45 43 7 100000 43 23 15
182 49 32 43 7 1 40 44 34 27 22
183 134 101 64 52 48 114 114 60 85 98
184 53 19 28 38 52 36 38 100000 100000 49
185 334 100000 171 331 324 41 51 41 191 158
186 24 10 100000 9 17 10 9 23 21 17
187 76 33 51 16 41 100000 73 100000 59 100000
188 76 30 6 34 48 100000 9 38 100000 24
189 192 146 100000 148 144 20 175 110 100000 53
190 98 82 100000 33 38 92 52 49 100000 68
191 258 245 255 86 58 94 168 100000 100000 99
192 165 150 27 109 83 134 100000 129 100000 35
193 38 29 100000 32 14 36 100000 100000 30 17
194 115 45 56 112 30 100000 109 31 100000 47
195 83 67 68 44 56 40 48 48 57 44
196 56 18 43 4 3 51 30 100000 38 51
197 29 26 26 24 3 18 16 2 17 8
198 303 116 10 243 100000 285 282 261 303 101
199 18 9 11 4 7 100000 3 9 100000 4
200 29 100000 25 26 27 18 11 17 7 5
201 154 123 152 113 71 15 33 100000 61 61
202 90 2 100000 21 37 14 12 13 100000 4
203 93 85 100000 80 80 20 100000 8 100000 12
204 94 9 29 17 87 56 56 61 31 74
205 165 100000 104 155 50 24 140 93 124 134
<task directions>
1 E
2 E
3 R
4 L
5 E
6 E
7 R
8 R
9 R
10 R
11 R
12 R
13 L
14 L
15 L
16 L
17 L
18 L
19 E
20 E
21 E
22 E
23 E
24 E
25 R
26 L
27 R
28 R
29 R
30 R
31 R
32 R
33 R
34 L
35 E
36 E
37 L
38 L
39 L
40 E
41 E
42 E
43 L
44 L
45 L
46 L
47 L
48 L
49 L
50 L
51 L
52 L
53 L
54 R
55 R
56 R
57 R
58 R
59 R
60 R
61 R
62 E
63 E
64 E
65 E
66 E
67 E
68 E
69 E
70 E
71 E
72 E
73 E
74 E
75 E
76 E
77 E
78 L
79 R
80 E
81 E
82 E
83 E
84 E
85 E
86 E
87 E
88 E
89 E
90 R
91 R
92 R
93 R
94 E
95 R
96 E
97 E
98 E
99 E
100 E
101 E
102 E
103 E
104 R
105 L
106 L
107 E
108 L
109 E
110 R
111 L
112 R
113 E
114 L
115 E
116 R
117 E
118 E
119 E
120 E
121 E
122 E
123 E
124 E
125 E
126 R
127 E
128 E
129 E
130 R
131 E
132 R
133 R
134 R
135 L
136 L
137 E
138 E
139 E
140 L
141 L
142 L
143 L
144 E
145 E
146 L
147 L
148 R
149 R
150 R
151 E
152 L
153 L
154 E
155 E
156 E
157 E
158 R
159 R
160 E
161 R
162 R
163 R
164 R
165 R
166 R
167 R
168 R
169 L
170 L
171 L
172 L
173 L
174 L
175 L
176 L
177 E
178 E
179 L
180 L
181 L
182 L
183 L
184 L
185 E
186 R
187 R
188 L
189 E
190 E
191 R
192 E
193 R
194 E
195 L
196 R
197 R
198 R
199 R
200 R
201 L
202 L
203 L
204 E
205 E
<precedence relations>
1,36
2,3
2,4
3,5
4,5
5,7
5,13
6,36
7,8
8,9
9,10
10,11
11,12
12,36
13,14
14,15
15,16
16,17
17,18
18,36
19,36
20,22
21,22
22,23
23,24
23,34
24,26
24,27
24,28
25,28
26,35
27,35
28,29
29,30
29,33
30,31
30,32
31,35
32,35
33,35
34,35
35,36
36,37
36,40
36,41
36,42
36,62
36,69
36,72
36,75
36,83
36,110
36,111
36,112
37,38
38,39
39,45
40,43
40,54
41,92
42,43
42,54
43,44
44,45
45,46
45,48
45,51
45,53
46,47
47,92
48,49
49,50
50,92
51,52
52,92
53,92
54,55
55,56
55,59
55,61
56,57
57,58
58,92
59,60
60,92
61,92
62,63
63,64
64,65
64,68
65,66
66,67
67,80
68,80
69,70
70,71
71,73
72,73
73,74
74,76
75,92
76,77
76,78
76,79
77,80
77,82
78,80
79,80
80,81
81,84
82,92
83,92
84,85
85,86
85,88
85,90
86,87
87,92
88,89
89,92
90,91
91,92
92,93
92,94
92,95
92,96
92,97
92,98
92,99
93,135
94,135
95,113
96,113
97,100
98,100
99,100
100,101
100,103
100,105
100,109
100,130
100,131
100,134
101,102
102,113
103,104
104,113
105,106
105,107
106,108
107,108
108,113
109,113
110,113
111,113
112,113
113,114
113,115
113,116
113,117
113,118
113,119
113,120
113,121
113,122
113,123
113,124
113,161
113,162
113,163
113,169
113,171
113,174
113,203
113,204
113,205
114,160
115,160
116,160
117,160
118,126
119,126
120,126
121,126
122,126
123,126
124,125
125,126
126,127
126,128
126,129
127,135
128,135
129,135
130,136
131,132
132,133
133,189
134,189
135,136
135,137
135,138
135,139
135,140
135,141
135,142
135,144
135,145
135,147
135,148
135,149
135,150
135,151
135,152
135,153
135,158
136,189
137,160
138,160
139,160
140,143
141,143
142,143
143,160
144,160
145,146
146,160
147,160
148,160
149,160
150,160
151,160
152,160
153,154
154,155
155,156
156,157
157,189
158,159
159,189
160,164
160,170
160,178
160,179
160,184
161,167
162,165
163,164
164,165
165,166
166,167
167,168
168,177
169,170
170,172
171,172
172,173
173,175
174,175
175,176
176,177
177,185
177,186
177,187
177,188
177,194
177,195
178,180
179,180
180,181
180,183
181,182
185,189
186,189
187,189
188,189
189,190
189,191
189,193
191,192
194,197
195,196
196,197
197,198
197,199
197,201
199,200
201,202
<end>