<number of tasks>
205
<number of mated-station>
12
<number of workers>
24
<task times>
1 692 595 360 100000 160 602 409 512 602 222 540 423 347 547 298 277 623 277 100000 485 630 637 8 8
2 42 36 14 19 100000 32 8 22 13 11 31 15 22 100000 12 5 100000 33 26 37 100000 21 39 3
3 261 48 89 160 191 87 100000 170 100000 100000 102 102 100000 56 175 100000 100 217 126 256 84 183 100000 100000
4 261 100000 100000 100000 100000 82 6 240 134 219 100000 248 141 204 11 87 188 22 206 149 209 53 225 100000
5 157 141 100000 52 157 113 120 100000 48 3 100000 100000 100000 120 45 100000 31 130 60 57 51 100000 88 51
6 90 87 100000 100000 8 28 100000 100000 61 57 86 69 50 25 37 19 24 16 100000 85 100000 5 100000 6
7 54 9 100000 37 4 4 43 51 100000 100000 43 7 29 100000 14 52 100000 100000 44 53 100000 100000 32 100000
8 67 64 62 53 13 41 8 4 14 2 35 41 60 57 100000 2 100000 39 100000 50 20 66 34 51
9 30 4 100000 7 11 17 3 29 3 4 24 2 28 23 3 28 21 28 100000 100000 11 12 100000 12
10 106 6 82 17 100000 41 17 100000 100000 72 100000 56 59 41 82 21 46 93 93 90 54 92 100000 106
11 32 28 100000 15 100000 9 27 5 30 6 7 26 100000 29 100000 31 28 4 17 2 25 22 100000 4
12 62 62 29 100000 100000 13 2 31 42 51 14 100000 42 3 100000 100000 14 50 17 35 24 100000 47 33
13 54 5 32 32 23 10 100000 40 18 21 17 47 30 18 39 52 100000 100000 5 20 38 30 10 34
14 67 4 53 56 52 23 14 100000 14 65 12 32 60 21 65 36 100000 19 33 21 100000 100000 33 31
15 30 10 8 26 11 30 30 14 3 29 6 12 29 30 16 28 18 1 10 27 20 100000 17 14
16 106 73 100000 76 3 100000 69 4 91 59 69 79 63 3 66 23 104 30 86 100000 40 37 41 100000
17 32 21 27 13 7 3 27 20 17 3 16 31 22 25 11 8 100000 26 10 15 16 31 12 4
18 62 52 100000 100000 8 100000 100000 100000 61 20 40 58 14 32 100000 55 27 61 50 100000 62 59 30 25
19 56 100000 100000 9 55 100000 100000 21 29 13 100000 13 51 38 7 24 5 39 54 22 36 21 14 20
20 67 5 45 64 5 100000 37 53 2 35 16 31 12 60 66 30 47 6 31 2 47 57 16 65
21 86 41 24 33 100000 100000 36 72 100000 83 66 83 39 47 9 20 100000 46 77 17 10 100000 15 33
22 37 100000 100000 2 13 14 1 4 22 37 13 31 26 29 27 12 19 100000 33 22 100000 100000 37 100000
23 41 15 24 7 32 33 5 17 9 32 30 41 7 31 25 3 29 26 6 33 27 39 7 26
24 72 100000 29 50 13 61 54 22 24 100000 24 66 16 100000 100000 53 100000 12 71 48 63 11 8 57
25 86 6 4 77 48 80 53 27 45 75 38 100000 38 100000 12 21 8 100000 3 5 80 100000 100000 9
26 16 12 100000 14 12 5 5 4 10 13 7 8 5 11 9 13 14 12 12 3 2 2 13 100000
27 51 28 2 33 37 100000 100000 37 23 8 19 100000 38 13 9 100000 45 100000 37 33 21 12 100000 15
28 66 56 21 58 100000 34 100000 100000 22 26 54 59 100000 100000 100000 2 31 30 26 10 100000 65 100000 21
29 41 27 15 16 13 9 15 100000 9 11 4 33 14 14 9 2 3 10 23 5 39 19 10 100000
30 72 5 26 53 100000 2 2 51 63 67 55 48 33 54 39 100000 70 54 8 30 41 100000 45 2
31 51 7 36 100000 41 34 100000 100000 41 36 31 4 20 48 7 46 47 22 100000 13 14 14 100000 7
32 16 11 15 1 4 1 5 100000 100000 8 12 7 4 8 5 16 100000 11 7 100000 11 1 14 7
33 15 8 100000 13 13 9 13 14 6 2 100000 4 100000 13 7 6 3 100000 3 11 6 10 4 100000
34 15 5 8 100000 8 7 14 8 12 5 5 9 13 13 13 100000 13 11 6 1 15 100000 11 12
35 85 38 100000 82 14 61 100000 100000 100000 27 24 100000 100000 100000 100000 85 29 4 71 14 36 56 100000 9
36 59 13 50 13 57 49 15 2 23 100000 57 24 39 21 14 25 46 36 53 55 27 57 18 14
37 23 100000 10 17 17 7 100000 6 9 2 12 20 11 13 6 100000 22 10 4 22 14 100000 21 17
38 13 4 11 4 5 100000 7 13 3 3 6 11 6 100000 3 7 100000 4 4 5 9 6 100000 2
39 19 19 11 3 16 18 18 18 2 2 14 9 10 100000 9 19 100000 100000 18 3 100000 2 8 12
40 108 59 62 3 43 88 14 81 14 100000 76 100000 100000 40 52 33 56 76 103 56 66 100000 98 49
41 214 137 29 100000 167 120 7 100000 165 178 12 154 100000 100000 118 80 46 118 12 120 16 50 108 3
42 80 21 3 80 35 18 10 18 20 13 40 79 100000 100000 63 80 62 57 25 22 67 71 50 100000
43 37 100000 6 21 20 24 5 32 36 100000 100000 32 100000 100000 100000 13 24 14 10 11 100000 27 10 9
44 84 35 78 4 17 41 66 17 49 13 67 100000 61 100000 63 23 27 28 17 11 7 43 100000 72
45 18 8 8 100000 7 10 7 6 100000 6 1 16 14 15 100000 100000 7 18 13 6 17 2 18 15
46 12 11 9 11 7 3 6 12 100000 100000 11 2 100000 100000 6 7 10 2 100000 2 100000 2 4 2
47 29 22 7 100000 8 28 12 2 17 16 22 28 3 20 5 5 8 22 23 100000 3 25 100000 3
48 37 15 36 33 14 14 6 27 100000 36 100000 100000 20 100000 32 100000 100000 100000 23 100000 100000 22 13 25
49 13 8 10 4 100000 7 10 100000 10 100000 5 100000 1 6 13 2 100000 7 100000 100000 100000 9 10 3
50 70 100000 27 100000 66 100000 29 58 100000 35 100000 18 47 8 9 7 49 100000 6 41 5 10 40 63
51 217 141 61 61 213 118 100000 126 113 42 182 83 159 90 77 109 100000 100000 3 42 90 100000 100000 77
52 72 9 69 62 18 44 100000 30 49 100000 15 100000 100000 32 24 64 12 100000 27 54 22 100000 39 55
53 85 76 4 70 36 27 49 39 100000 32 11 4 54 100000 72 64 23 42 25 100000 3 25 46 8
54 43 38 24 11 6 32 38 100000 16 17 24 30 8 20 4 11 16 36 100000 19 22 16 30 100000
55 97 20 62 64 22 64 22 15 100000 39 100000 100000 92 74 74 100000 28 75 100000 100000 46 14 32 95
56 37 100000 3 19 100000 37 14 25 4 27 33 100000 100000 27 17 100000 26 100000 100000 34 36 3 100000 27
57 13 10 4 8 100000 5 11 100000 3 9 9 2 5 12 2 100000 100000 7 100000 8 2 6 9 6
58 35 13 5 100000 100000 19 8 100000 30 11 23 19 20 29 100000 19 16 27 100000 33 100000 100000 2 16
59 217 16 111 90 100000 16 193 5 157 202 198 29 100000 211 64 152 198 27 100000 100000 29 213 5 100000
60 72 55 10 100000 61 34 5 27 49 57 54 22 68 100000 71 24 18 7 70 14 24 21 71 50
61 85 46 82 100000 35 100000 30 100000 44 100000 100000 69 13 81 36 100000 28 100000 59 8 100000 76 4 50
62 25 100000 9 23 100000 100000 5 100000 15 7 21 5 21 7 7 100000 5 3 100000 15 100000 18 4 12
63 37 11 11 16 6 28 7 100000 3 24 17 28 4 32 15 100000 100000 1 27 35 36 100000 34 31
64 37 32 30 15 10 36 100000 13 32 11 11 17 36 2 23 17 5 11 100000 100000 100000 25 100000 13
65 103 93 41 2 72 100000 27 60 51 29 20 7 60 96 100000 86 11 100000 53 72 84 92 100000 100000
66 140 100000 37 47 84 77 55 12 32 118 66 133 82 62 139 134 100000 100000 37 100000 54 118 100000 52
67 49 47 100000 7 100000 32 34 38 11 13 37 5 100000 100000 40 17 100000 31 43 14 10 4 38 2
68 35 100000 11 100000 4 32 100000 32 27 100000 30 30 13 6 100000 11 11 7 30 30 14 33 20 11
69 51 100000 100000 14 100000 27 15 22 100000 37 100000 30 45 100000 2 17 100000 43 15 45 28 100000 100000 4
70 88 63 38 26 15 78 15 46 34 78 100000 8 39 100000 100000 12 14 77 53 100000 87 38 24 38
71 53 51 28 100000 47 48 27 20 48 38 22 13 13 28 100000 3 41 45 24 8 49 19 8 29
72 144 60 52 140 24 38 31 47 100000 108 130 15 87 100000 8 105 30 32 100000 81 8 101 98 4
73 337 169 100000 324 25 287 293 142 324 100000 100000 109 327 21 320 85 132 236 334 100000 28 102 25 105
74 107 68 100000 100000 57 2 100 24 88 77 58 21 14 76 20 50 95 41 26 53 48 78 88 76
75 371 160 82 100000 100000 253 319 101 123 308 100000 100000 193 90 97 42 68 356 71 100000 205 34 100000 149
76 97 100000 100000 19 37 27 39 23 100000 44 47 28 32 13 62 19 82 100000 90 75 51 24 100000 12
77 166 158 85 32 44 100000 118 159 131 11 156 108 97 100000 69 3 105 163 150 136 64 9 131 100000
78 92 2 77 80 27 52 80 100000 71 31 87 45 12 75 26 28 55 24 31 49 50 13 100000 52
79 92 100000 52 100000 46 100000 58 68 100000 54 88 61 63 14 9 100000 23 51 61 100000 100000 33 57 53
80 106 47 100000 87 22 20 58 100000 73 28 99 103 60 97 100000 73 59 47 100000 80 68 100000 26 31
81 49 41 36 20 10 31 40 16 13 35 37 25 100000 31 20 31 9 33 100000 11 36 10 40 22
82 92 20 100000 31 31 15 20 100000 52 25 100000 75 6 100000 100000 100000 75 90 100000 53 100000 24 59 55
83 371 100000 100000 68 57 105 316 216 182 100000 286 360 304 334 138 190 100000 119 108 49 182 123 245 367
84 87 100000 16 85 57 8 72 61 100000 29 65 64 68 60 86 26 84 83 14 16 29 100000 75 69
85 162 43 7 160 117 100000 159 67 149 49 32 112 90 19 143 22 101 144 30 100000 48 100000 22 99
86 96 39 39 59 31 78 5 100000 100000 72 7 42 17 49 43 96 54 54 37 87 92 35 63 100000
87 79 32 42 19 100000 60 20 40 72 27 17 3 60 75 74 33 43 100000 60 6 18 58 56 45
88 96 60 96 100000 24 11 100000 95 100000 22 100000 89 47 92 71 75 39 6 75 100000 84 58 100000 64
89 42 17 19 28 100000 41 10 10 28 100000 27 100000 41 12 29 100000 18 100000 100000 4 39 36 24 38
90 88 26 100000 61 48 78 76 11 7 68 100000 67 78 32 48 80 85 100000 77 37 51 50 100000 56
91 90 16 15 18 26 5 28 100000 58 65 73 100000 23 33 87 100000 15 69 55 78 62 59 100000 53
92 97 36 29 33 80 55 37 38 14 42 80 96 84 100000 57 37 49 88 91 31 62 61 11 47
93 270 152 100000 100000 154 141 173 41 251 100000 267 101 57 82 100000 208 203 100000 57 265 100000 4 114 100000
94 452 272 420 371 299 132 100000 447 217 362 100000 362 69 272 100000 100000 380 384 276 100000 294 353 100000 366
95 48 26 100000 100000 48 23 28 1 47 17 100000 19 100000 26 22 48 47 100000 36 47 100000 35 25 9
96 338 271 100000 126 217 247 136 314 287 100000 25 240 75 186 271 100000 100000 311 112 100000 21 321 304 52
97 34 100000 8 100000 6 3 29 11 18 100000 2 21 28 20 21 30 13 23 10 29 100000 3 17 23
98 65 54 2 100000 48 28 50 36 100000 41 100000 100000 27 47 100000 24 25 21 18 100000 52 52 3 48
99 50 19 35 48 100000 31 35 48 28 49 100000 100000 38 35 22 47 30 37 100000 4 14 35 100000 100000
100 112 15 99 11 66 100 55 102 100000 79 100000 71 4 39 9 100000 100000 9 66 41 100000 39 91 100000
101 48 41 100000 39 36 100000 47 3 3 32 27 45 5 7 100000 100000 3 25 36 39 29 40 40 100000
102 117 100000 32 62 85 4 100000 100000 59 88 85 81 30 96 100000 21 86 95 107 56 50 100000 90 100000
103 50 13 15 46 100000 19 46 14 33 16 33 19 46 29 46 16 100000 15 100000 11 31 34 15 100000
104 68 18 37 59 53 59 26 100000 63 51 38 100000 22 20 100000 8 100000 64 47 46 100000 30 26 24
105 232 179 31 144 6 135 202 128 223 100000 100000 126 160 3 163 63 209 61 160 47 100000 61 218 230
106 122 100000 105 2 54 51 100000 120 13 36 14 46 22 100000 117 72 66 100000 32 112 100000 53 74 35
107 151 39 28 39 27 64 82 3 97 24 91 91 124 72 100000 96 37 93 111 127 85 33 39 22
108 31 21 100000 19 100000 100000 27 24 12 11 19 22 100000 100000 100000 100000 100000 7 7 21 9 13 26 10
109 97 37 13 5 12 67 13 35 52 100000 100000 100000 42 58 84 70 4 79 100000 9 8 65 28 54
110 308 268 108 133 188 308 170 216 7 87 234 13 130 100000 287 188 253 7 47 72 69 148 240 100000
111 116 48 56 80 61 33 93 54 44 2 19 65 4 80 30 75 88 95 100000 24 63 39 61 100000
112 312 110 100000 97 100000 141 100000 29 200 293 157 100000 100000 110 100000 216 272 312 275 73 278 100000 216 290
113 34 20 19 100000 100000 15 100000 21 100000 24 7 14 100000 100000 100000 100000 26 8 9 30 24 20 10 17
114 128 100000 10 105 61 34 61 66 124 37 86 61 23 104 85 86 100000 117 20 124 38 115 72 100000
115 54 33 35 42 46 47 6 28 31 39 22 100000 25 29 13 35 100000 31 3 47 100000 2 4 18
116 175 119 20 58 8 58 79 156 172 100000 29 100000 144 175 133 78 121 100000 11 60 8 137 81 100000
117 55 28 41 44 27 6 36 100000 100000 9 100000 100000 27 100000 100000 13 52 100000 33 44 22 53 100000 5
118 306 100000 260 100000 100000 28 100000 248 202 38 269 100000 172 306 248 100000 100000 100000 184 100000 19 193 135 144
119 59 33 10 27 18 3 3 100000 31 51 7 100000 47 53 42 59 40 54 21 13 43 11 6 17
120 59 21 4 28 35 30 41 19 38 36 41 35 23 100000 4 8 100000 53 35 51 43 34 11 29
121 66 100000 7 57 4 20 17 51 52 61 100000 14 100000 35 16 64 43 20 64 100000 29 60 19 13
122 66 100000 100000 32 100000 26 56 7 50 21 62 43 58 24 100000 58 43 100000 100000 42 100000 100000 37 45
123 23 16 2 100000 22 100000 19 100000 20 100000 100000 14 10 8 14 16 19 100000 8 6 5 2 23 20
124 244 220 47 50 171 101 152 100000 100000 125 210 76 132 100000 64 81 127 79 91 18 100000 71 103 234
125 54 26 12 11 12 17 30 46 100000 32 12 37 100000 20 12 100000 6 100000 48 11 18 2 10 52
126 294 262 142 162 86 19 100000 42 253 130 19 206 100000 256 250 180 80 262 153 244 227 136 16 215
127 84 53 49 43 66 100000 14 52 11 72 100000 34 27 2 80 16 25 33 100000 11 100000 19 62 17
128 61 5 48 6 29 100000 100000 100000 24 33 100000 18 39 46 100000 49 28 59 2 100000 45 22 12 20
129 57 100000 6 10 20 27 57 37 36 100000 100000 54 54 13 40 7 2 46 14 39 41 27 38 2
130 38 30 100000 33 28 14 28 35 9 7 5 100000 2 27 5 100000 37 5 16 27 100000 100000 25 100000
131 944 105 256 906 906 878 100000 642 340 350 100000 510 76 274 567 100000 935 548 793 482 29 100000 265 463
132 511 37 460 100000 491 100000 180 100000 52 57 27 6 78 100000 348 429 282 159 353 404 241 129 118 113
133 625 282 201 313 301 457 525 251 407 100000 126 157 544 13 100000 313 176 413 70 126 301 276 70 500
134 445 392 298 100000 32 143 54 396 134 100000 125 23 152 100000 414 5 100000 108 285 32 100000 356 285 32
135 68 49 13 53 51 100000 46 5 100000 57 66 100000 51 48 59 36 14 50 34 63 26 100000 8 16
136 53 23 29 100000 14 12 29 35 10 100000 47 30 100000 45 13 20 100000 19 42 43 52 27 100000 48
137 49 5 13 42 9 24 31 25 100000 33 100000 28 19 48 100000 44 22 18 100000 100000 28 100000 43 12
138 92 41 88 54 64 69 100000 83 16 20 10 57 69 34 44 41 14 28 50 75 12 21 5 86
139 236 6 93 97 93 208 15 64 187 121 100 62 72 166 100000 93 151 163 187 76 224 121 20 133
140 116 50 39 16 3 100000 62 78 64 40 62 106 75 100000 21 60 115 22 77 59 77 98 52 110
141 265 204 183 22 130 56 199 146 254 117 12 128 109 100000 30 100000 109 17 215 136 112 100000 109 100000
142 149 100000 62 115 50 25 100000 100000 100000 56 60 106 78 100000 119 100000 57 16 100000 100000 72 37 100000 100000
143 74 33 100000 100000 59 36 100000 100000 100000 35 57 51 49 29 100000 48 5 23 24 24 54 14 12 59
144 332 299 226 34 77 100000 262 153 100000 114 143 100000 236 100000 276 233 176 100000 269 104 100 296 312 163
145 324 100000 37 214 11 192 276 321 20 104 150 11 185 69 227 72 72 211 182 263 246 66 72 100000
146 104 28 45 16 100000 71 79 100000 30 62 9 100000 76 20 100000 40 92 38 33 100000 59 100000 25 49
147 51 51 9 15 100000 36 24 41 49 100000 21 34 51 30 19 50 27 46 20 13 20 50 42 38
148 58 100000 24 15 3 29 100000 56 49 57 17 20 19 7 45 11 15 36 16 53 56 2 6 18
149 67 6 10 62 56 10 64 7 100000 65 100000 24 58 4 64 6 47 51 100000 10 100000 32 64 35
150 49 44 18 37 45 100000 100000 3 100000 13 7 100000 29 8 11 48 47 26 8 36 20 37 9 100000
151 107 90 47 100000 94 100 95 97 100000 84 100000 15 6 50 25 100000 8 71 5 100000 17 52 100000 79
152 38 2 12 9 7 22 28 100000 2 100000 10 20 14 4 19 18 100000 27 100000 20 100000 34 16 35
153 27 15 24 5 20 15 27 26 24 20 100000 100000 18 3 100000 7 17 2 100000 16 19 23 100000 1
154 68 34 66 61 56 51 15 23 4 39 39 67 100000 58 100000 24 52 59 51 100000 20 100000 16 61
155 207 100000 110 83 195 143 164 100000 131 100000 79 3 137 73 63 129 77 30 65 143 5 176 69 34
156 202 172 100000 25 100000 190 99 150 178 27 100000 93 150 23 202 140 100000 100000 102 63 174 9 140 61
157 83 42 35 76 36 72 100000 72 76 68 49 60 100000 72 18 100000 100000 5 20 100000 16 46 62 53
158 35 18 22 19 100000 100000 32 19 100000 28 17 6 25 100000 100000 100000 20 26 3 100000 24 100000 30 3
159 58 100000 10 47 28 4 100000 23 53 39 55 22 45 28 33 18 38 45 26 49 23 10 100000 35
160 42 100000 100000 100000 21 100000 3 35 100000 100000 22 100000 12 15 100000 15 42 2 19 35 29 100000 24 22
161 68 53 22 31 10 11 41 56 100000 47 12 4 29 25 30 22 46 41 22 57 100000 61 29 16
162 68 63 22 37 100000 68 48 49 5 33 9 49 61 31 47 19 26 100000 49 4 100000 57 10 12
163 68 67 100000 13 67 17 32 21 100000 38 41 56 8 8 53 54 5 21 100000 58 4 100000 29 100000
164 103 100000 67 24 70 61 80 70 100 18 83 98 36 100000 93 100000 95 100000 100 76 70 82 29 91
165 103 18 100000 50 76 100000 7 73 82 43 28 78 73 32 69 100000 99 30 47 90 34 30 11 57
166 103 95 52 99 100000 37 103 12 88 100000 100 100000 5 7 9 59 17 86 28 93 100000 10 69 100000
167 103 2 14 74 72 97 43 74 100000 15 12 23 100000 100000 51 33 100000 15 30 16 97 15 61 100000
168 103 100000 88 38 72 100000 20 40 96 79 60 34 5 91 84 74 91 92 59 100000 101 23 53 14
169 68 8 26 24 49 5 37 100000 64 61 26 100000 6 100000 100000 26 100000 15 54 36 21 6 46 14
170 103 67 25 12 5 70 4 20 18 32 12 100000 9 87 25 100000 64 96 34 98 6 90 21 33
171 68 37 54 32 44 8 37 68 49 23 67 11 2 3 100000 100000 27 12 63 37 49 7 10 24
172 103 100000 72 49 69 87 5 56 84 89 20 100000 29 97 24 64 31 28 94 81 36 35 12 33
173 103 68 69 100000 100000 20 100000 21 86 23 70 103 100000 59 51 8 85 61 100000 66 8 100000 72 79
174 68 8 100000 31 57 11 100000 43 100000 35 18 33 47 56 26 100000 14 63 100000 100000 42 46 39 55
175 103 39 79 9 83 100000 101 47 100000 12 92 12 41 61 10 29 100000 17 57 17 48 103 9 50
176 103 37 87 100000 78 100000 94 100000 59 100000 100000 66 32 27 44 53 100000 96 100000 29 7 100000 31 86
177 10 9 10 2 100000 8 100000 7 5 100000 7 1 100000 1 100000 10 10 6 2 5 4 5 7 100000
178 187 172 74 129 77 36 100000 100000 187 77 70 114 48 174 100000 87 74 96 100000 155 38 36 62 14
179 134 44 71 52 82 33 57 69 100000 100000 100000 127 25 100000 100000 52 17 64 13 81 100000 38 100000 16
180 89 58 19 84 78 82 56 30 26 100000 36 100000 60 26 14 19 100000 62 8 79 81 7 100000 100000
181 58 57 100000 100000 35 100000 100000 48 19 40 38 16 100000 44 35 100000 16 100000 51 18 100000 100000 100000 22
182 49 100000 16 4 44 24 45 26 8 12 17 32 11 100000 24 100000 35 36 100000 18 21 18 25 23
183 134 98 13 18 22 33 93 41 79 100000 6 48 42 90 75 73 97 30 115 60 48 38 9 107
184 53 13 26 50 29 100000 40 7 100000 100000 100000 31 43 47 8 100000 12 26 3 34 19 100000 7 11
185 334 154 334 327 44 221 241 158 100000 100000 164 237 128 114 11 58 274 264 100000 141 84 61 100000 4
186 24 100000 17 100000 5 20 9 100000 17 9 3 10 4 15 18 100000 16 15 3 15 19 3 100000 7
187 76 100000 36 43 54 100000 28 17 14 25 100000 56 45 62 65 100000 21 56 100000 100000 21 100000 17 8
188 76 11 43 21 100000 52 46 9 65 100000 12 100000 58 100000 65 60 51 75 16 100000 100000 48 67 67
189 192 165 83 100000 35 148 68 142 22 184 190 112 175 140 35 100000 100000 121 49 192 158 182 98 127
190 98 90 16 32 82 90 21 47 100000 42 100000 16 34 61 100000 49 100000 18 4 19 94 63 36 84
191 258 6 122 235 22 258 230 189 165 29 255 100000 132 160 248 189 27 100000 99 100000 186 100000 212 100000
192 165 100000 65 72 114 100000 163 122 100000 32 127 162 122 67 75 127 52 80 58 100000 4 67 100000 27
193 38 8 100000 2 29 12 29 18 100000 35 100000 100000 28 33 7 7 30 20 17 28 21 18 25 35
194 115 100000 99 43 82 28 4 94 100000 41 60 100000 71 34 22 100000 42 100000 64 24 24 104 94 52
195 83 28 100000 59 4 22 100000 44 100000 81 52 40 54 10 57 2 100000 24 100000 12 100000 53 44 42
196 56 100000 43 100000 100000 29 100000 100000 49 11 40 37 40 27 100000 100000 16 100000 11 100000 19 49 100000 10
197 29 13 19 6 27 6 17 7 2 12 4 100000 27 10 100000 100000 5 29 28 100000 9 5 2 100000
198 303 100000 264 131 89 116 252 206 22 16 122 100000 140 100000 110 100000 182 67 100000 182 100000 197 31 161
199 18 17 100000 100000 17 100000 100000 5 6 13 7 14 3 16 100000 14 13 6 100000 3 14 9 5 10
200 29 28 100000 11 8 11 29 100000 17 11 6 100000 27 22 18 100000 12 21 15 19 14 13 11 17
201 154 131 35 50 107 128 73 100000 154 90 100000 62 105 71 100000 87 38 104 100000 100000 94 30 100000 136
202 90 82 32 72 26 62 73 100000 58 35 100000 44 58 28 74 100000 18 47 76 25 46 46 59 24
203 93 57 18 18 23 72 12 61 47 85 100000 100000 82 2 23 100000 68 100000 100000 45 15 13 100000 32
204 94 64 40 84 43 100000 26 100000 74 34 8 66 9 56 100000 73 80 50 100000 13 100000 87 20 100000
205 165 16 9 100000 114 135 45 158 163 126 100000 135 163 34 100000 113 100000 62 111 4 100000 34 100000 27
<task directions>
1 E
2 E
3 R
4 L
5 E
6 E
7 R
8 R
9 R
10 R
11 R
12 R
13 L
14 L
15 L
16 L
17 L
18 L
19 E
20 E
21 E
22 E
23 E
24 E
25 R
26 L
27 R
28 R
29 R
30 R
31 R
32 R
33 R
34 L
35 E
36 E
37 L
38 L
39 L
40 E
41 E
42 E
43 L
44 L
45 L
46 L
47 L
48 L
49 L
50 L
51 L
52 L
53 L
54 R
55 R
56 R
57 R
58 R
59 R
60 R
61 R
62 E
63 E
64 E
65 E
66 E
67 E
68 E
69 E
70 E
71 E
72 E
73 E
74 E
75 E
76 E
77 E
78 L
79 R
80 E
81 E
82 E
83 E
84 E
85 E
86 E
87 E
88 E
89 E
90 R
91 R
92 R
93 R
94 E
95 R
96 E
97 E
98 E
99 E
100 E
101 E
102 E
103 E
104 R
105 L
106 L
107 E
108 L
109 E
110 R
111 L
112 R
113 E
114 L
115 E
116 R
117 E
118 E
119 E
120 E
121 E
122 E
123 E
124 E
125 E
126 R
127 E
128 E
129 E
130 R
131 E
132 R
133 R
134 R
135 L
136 L
137 E
138 E
139 E
140 L
141 L
142 L
143 L
144 E
145 E
146 L
147 L
148 R
149 R
150 R
151 E
152 L
153 L
154 E
155 E
156 E
157 E
158 R
159 R
160 E
161 R
162 R
163 R
164 R
165 R
166 R
167 R
168 R
169 L
170 L
171 L
172 L
173 L
174 L
175 L
176 L
177 E
178 E
179 L
180 L
181 L
182 L
183 L
184 L
185 E
186 R
187 R
188 L
189 E
190 E
191 R
192 E
193 R
194 E
195 L
196 R
197 R
198 R
199 R
200 R
201 L
202 L
203 L
204 E
205 E
<precedence relations>
1,36
2,3
2,4
3,5
4,5
5,7
5,13
6,36
7,8
8,9
9,10
10,11
11,12
12,36
13,14
14,15
15,16
16,17
17,18
18,36
19,36
20,22
21,22
22,23
23,24
23,34
24,26
24,27
24,28
25,28
26,35
27,35
28,29
29,30
29,33
30,31
30,32
31,35
32,35
33,35
34,35
35,36
36,37
36,40
36,41
36,42
36,62
36,69
36,72
36,75
36,83
36,110
36,111
36,112
37,38
38,39
39,45
40,43
40,54
41,92
42,43
42,54
43,44
44,45
45,46
45,48
45,51
45,53
46,47
47,92
48,49
49,50
50,92
51,52
52,92
53,92
54,55
55,56
55,59
55,61
56,57
57,58
58,92
59,60
60,92
61,92
62,63
63,64
64,65
64,68
65,66
66,67
67,80
68,80
69,70
70,71
71,73
72,73
73,74
74,76
75,92
76,77
76,78
76,79
77,80
77,82
78,80
79,80
80,81
81,84
82,92
83,92
84,85
85,86
85,88
85,90
86,87
87,92
88,89
89,92
90,91
91,92
92,93
92,94
92,95
92,96
92,97
92,98
92,99
93,135
94,135
95,113
96,113
97,100
98,100
99,100
100,101
100,103
100,105
100,109
100,130
100,131
100,134
101,102
102,113
103,104
104,113
105,106
105,107
106,108
107,108
108,113
109,113
110,113
111,113
112,113
113,114
113,115
113,116
113,117
113,118
113,119
113,120
113,121
113,122
113,123
113,124
113,161
113,162
113,163
113,169
113,171
113,174
113,203
113,204
113,205
114,160
115,160
116,160
117,160
118,126
119,126
120,126
121,126
122,126
123,126
124,125
125,126
126,127
126,128
126,129
127,135
128,135
129,135
130,136
131,132
132,133
133,189
134,189
135,136
135,137
135,138
135,139
135,140
135,141
135,142
135,144
135,145
135,147
135,148
135,149
135,150
135,151
135,152
135,153
135,158
136,189
137,160
138,160
139,160
140,143
141,143
142,143
143,160
144,160
145,146
146,160
147,160
148,160
149,160
150,160
151,160
152,160
153,154
154,155
155,156
156,157
157,189
158,159
159,189
160,164
160,170
160,178
160,179
160,184
161,167
162,165
163,164
164,165
165,166
166,167
167,168
168,177
169,170
170,172
171,172
172,173
173,175
174,175
175,176
176,177
177,185
177,186
177,187
177,188
177,194
177,195
178,180
179,180
180,181
180,183
181,182
185,189
186,189
187,189
188,189
189,190
189,191
189,193
191,192
194,197
195,196
196,197
197,198
197,199
197,201
199,200
201,202
<end>