<number of tasks>
205
<number of mated-station>
12
<number of workers>
24
<task times>
1 692 1993 100000 665 100000 1371 541 665 100000 1869 126 1495 914 1142 603 167 333 100000 1578 956 2076 1620 1620 1122
2 42 76 27 115 87 39 109 112 20 112 39 81 49 100000 72 34 69 27 29 100000 30 6 79 100000
3 261 517 103 243 100000 306 580 501 100000 100000 48 142 100000 541 400 376 720 588 220 100000 40 525 100000 728
4 261 478 619 455 681 100000 32 298 228 100000 243 100000 259 329 197 494 353 705 110 415 439 736 212 100000
5 157 189 128 48 90 466 368 405 100000 433 175 292 250 307 147 100000 161 6 114 128 368 288 53 325
6 90 238 47 189 216 119 25 125 100000 68 17 100000 100000 20 20 100000 240 184 160 100000 189 127 74 109
7 54 100000 48 93 149 83 33 148 100000 25 144 146 77 98 120 46 100000 24 96 156 160 136 154 19
8 67 47 159 13 163 47 100000 100000 161 79 77 161 117 41 175 51 19 175 45 35 77 71 29 100000
9 30 61 26 70 78 29 43 29 17 46 100000 46 88 25 35 100000 26 2 49 42 48 100000 100000 39
10 106 100000 115 23 188 90 226 33 258 100000 179 100000 100000 80 175 264 93 131 90 100000 100000 251 293 17
11 32 43 48 70 100000 100000 100000 61 76 100000 44 100000 26 52 100000 90 18 77 68 46 20 73 55 100000
12 62 90 106 125 149 49 23 92 168 103 81 90 100000 97 64 112 100000 108 62 99 100000 186 82 36
13 54 100000 36 56 72 80 100000 104 15 100000 40 135 53 6 123 43 61 114 25 122 133 151 102 101
14 67 27 141 107 100000 79 161 125 183 65 177 129 100000 100000 47 165 21 61 27 193 39 139 41 153
15 30 73 100000 11 100000 21 8 13 8 100000 15 81 85 54 100000 72 56 100000 58 36 9 18 39 32
16 106 20 112 318 134 80 100000 293 245 106 251 80 26 102 100000 61 232 100000 166 179 144 172 137 179
17 32 5 7 55 62 91 41 61 90 86 100000 57 82 100000 100000 4 100000 28 59 76 68 6 51 8
18 62 106 100000 100000 100000 186 108 42 162 114 100000 10 18 123 10 82 100000 100000 100000 125 14 100000 3 151
19 56 53 66 3 4 111 54 29 155 100000 153 73 100000 28 68 113 39 63 34 100000 69 11 163 63
20 67 99 45 159 191 15 47 49 201 57 100000 100000 100000 17 61 171 55 100000 100000 181 185 185 111 25
21 86 100000 232 32 100000 83 96 94 42 235 237 230 63 58 19 91 158 217 58 9 76 9 100000 100000
22 37 45 89 100000 34 19 43 5 100000 100000 101 108 65 41 100000 53 100000 76 13 81 92 103 86 22
23 41 69 42 24 8 72 80 110 118 39 2 24 63 100000 108 7 53 78 57 72 118 73 85 79
24 72 149 102 186 29 141 100000 207 100000 188 128 74 158 100000 152 59 10 216 70 117 91 57 171 100000
25 86 9 68 68 16 243 100000 100000 155 100000 135 106 100000 47 45 55 214 94 155 99 237 171 127 19
26 16 100000 31 100000 8 5 34 100000 26 5 43 100000 25 9 2 24 43 20 7 16 42 7 39 41
27 51 100000 136 100000 47 104 100000 129 129 39 18 120 100000 148 56 132 100000 18 59 121 100000 37 53 37
28 66 100000 25 139 145 159 190 165 82 100000 15 90 100000 25 100000 180 100000 151 44 64 190 100000 27 100000
29 41 100000 111 100000 91 49 100000 25 100 61 102 55 95 52 3 100000 21 60 97 100000 62 100000 58 19
30 72 100000 124 100000 33 74 63 18 46 100000 124 5 25 199 141 100000 124 50 145 93 143 68 14 134
31 51 57 54 12 31 7 100000 45 100000 16 142 48 104 65 144 101 91 57 83 100000 85 151 86 110
32 16 32 6 47 43 4 36 18 24 32 30 48 40 100000 100000 7 100000 23 100000 36 23 4 100000 20
33 15 42 42 6 33 30 27 28 18 100000 22 28 43 3 32 36 5 4 100000 11 16 11 41 100000
34 15 21 21 14 21 6 12 100000 100000 100000 14 100000 39 44 20 17 100000 30 100000 100000 5 2 100000 100000
35 85 128 133 194 62 80 100000 161 29 174 151 44 240 189 232 252 100000 100000 100000 179 204 125 62 189
36 59 24 27 140 91 100000 77 170 24 41 17 100 172 100000 85 115 152 22 131 100000 165 170 100000 93
37 23 100000 2 23 5 42 4 100000 100000 66 38 100000 58 60 49 32 51 47 6 7 58 53 51 65
38 13 100000 39 5 11 30 19 14 2 12 100000 27 100000 20 100000 19 6 32 100000 35 100000 14 6 18
39 19 41 35 53 6 100000 35 24 13 2 41 14 17 55 51 34 3 19 49 100000 100000 100000 8 10
40 108 30 100000 282 276 298 100000 95 100000 217 111 279 100000 101 100000 156 276 321 259 62 130 104 146 100000
41 214 347 443 213 65 309 546 155 100000 424 14 366 219 507 334 392 501 100000 84 398 398 100000 193 100000
42 80 77 199 168 183 100000 178 100000 156 61 199 100000 44 18 192 3 37 44 199 147 104 142 101 100000
43 37 23 80 96 60 51 100000 62 97 55 65 100000 5 26 100 68 51 60 100000 100000 54 15 27 8
44 84 36 49 100000 162 94 139 147 24 234 99 152 46 49 21 100000 229 199 100000 100000 49 189 142 169
45 18 13 28 9 39 2 51 7 48 11 100000 9 20 32 26 100000 8 52 19 46 22 47 43 100000
46 12 19 100000 27 100000 3 27 8 14 34 100000 36 100000 100000 13 18 28 6 13 100000 31 6 27 100000
47 29 72 45 37 55 34 21 59 48 9 100000 76 20 35 30 43 42 16 30 69 65 100000 79 4
48 37 44 20 27 100000 46 100000 68 26 79 51 68 98 2 95 100000 100000 4 100000 100000 14 88 100000 34
49 13 18 38 14 10 17 12 9 39 17 17 20 35 5 35 14 4 26 28 100000 15 20 14 23
50 70 70 60 62 145 189 5 149 204 191 47 9 131 45 24 195 3 41 91 100000 133 41 100000 100000
51 217 365 469 242 502 131 346 100000 151 469 619 255 100000 645 424 469 196 190 100000 100000 391 255 222 632
52 72 100000 23 106 16 20 38 33 100000 91 136 100000 72 216 100000 42 152 44 100000 100000 96 100000 20 214
53 85 100000 100000 26 95 227 113 6 207 120 110 47 242 166 212 100000 161 207 75 202 166 100000 197 118
54 43 19 55 30 36 36 105 100000 107 29 100 4 117 20 100000 105 120 106 111 48 41 100000 23 53
55 97 172 172 100000 242 172 100000 105 129 152 100000 166 7 100000 181 291 100000 227 227 65 82 100000 271 76
56 37 16 31 78 101 100000 110 91 98 100000 100000 100000 52 81 100000 36 9 51 3 77 100000 100000 97 88
57 13 24 100000 22 14 2 100000 31 100000 25 15 28 22 19 13 13 13 9 19 8 37 30 27 13
58 35 25 62 58 100000 24 95 53 102 24 105 85 11 100000 51 79 100000 96 51 34 62 38 100000 39
59 217 100000 86 333 47 326 100000 242 151 86 593 541 430 151 567 502 144 560 651 100000 47 651 371 371
60 72 149 210 100000 182 66 212 23 111 164 40 27 121 124 61 98 141 104 53 46 149 50 139 66
61 85 174 199 148 34 77 52 166 44 100000 103 100000 65 136 34 245 110 232 85 100000 219 100000 242 120
62 25 100000 46 14 68 100000 30 71 46 45 26 54 20 74 72 59 100000 38 54 100000 36 6 19 100000
63 37 63 110 32 30 87 100000 69 100 87 38 96 22 19 100000 100000 100000 100000 98 63 100000 100000 44 92
64 37 47 92 19 9 93 18 32 100000 16 101 65 100000 100000 48 2 102 44 102 100000 100000 15 20 23
65 103 23 41 100000 177 90 69 78 247 100000 198 121 173 127 223 161 23 281 16 103 84 146 118 100000
66 140 100000 231 215 100000 315 47 97 100000 123 386 110 215 215 269 100000 100000 231 68 100000 332 110 47 374
67 49 106 100000 13 42 8 100000 92 100000 23 49 100000 48 113 27 100000 74 100000 147 93 100000 61 100000 17
68 35 67 100000 100000 100000 79 100000 4 103 100000 42 100000 100000 58 105 78 100000 100000 49 100000 93 81 45 5
69 51 75 100000 138 141 100000 7 142 33 100000 19 60 48 94 95 4 100000 100000 53 51 57 126 118 139
70 88 100000 177 6 100000 175 27 93 151 159 159 133 100000 175 101 101 114 93 182 111 185 100000 251 54
71 53 116 135 100000 102 129 55 145 100000 151 115 91 61 100000 52 56 96 17 58 100000 44 100000 100000 29
72 144 48 100000 100000 208 79 303 100000 208 298 27 100000 234 307 18 350 217 100000 100000 100000 100000 100000 70 100000
73 337 718 52 557 557 546 100000 536 254 100000 100000 870 173 809 243 100000 920 223 546 183 910 587 385 100000
74 107 231 286 238 206 91 263 235 180 254 315 196 299 7 52 244 116 225 302 103 263 52 238 71
75 371 557 768 45 45 913 312 100000 424 146 100000 835 57 457 846 368 791 535 90 824 991 100000 100000 57
76 97 149 172 30 100000 100000 100 88 45 21 120 24 88 163 56 201 195 192 178 7 181 195 39 100000
77 166 279 100000 46 100000 120 235 468 130 100000 254 279 453 100000 100000 135 379 6 100000 374 493 339 225 309
78 92 70 229 229 100000 210 100000 78 92 139 260 227 172 221 100000 26 174 260 4 100000 174 163 31 7
79 92 40 152 183 114 7 218 166 210 262 7 62 119 100000 100000 133 152 97 128 70 216 232 273 23
80 106 137 261 210 147 115 236 175 118 296 188 11 90 100000 100000 100000 277 55 100000 134 55 248 267 102
81 49 147 131 14 86 33 77 56 29 93 125 14 100000 38 100000 100000 11 138 30 80 99 118 14 100000
82 92 265 100000 260 158 166 254 174 100000 246 100000 172 34 84 177 106 100000 122 48 73 183 210 70 254
83 371 924 1069 757 579 724 100000 100000 401 657 68 12 257 902 624 100000 468 1024 368 868 535 490 100000 1046
84 87 115 188 256 199 102 27 100000 40 100000 40 32 100 110 206 4 14 167 100000 225 154 24 100000 225
85 162 433 45 476 45 467 355 100000 326 341 25 100000 100000 268 292 16 389 273 345 54 100000 151 292 30
86 96 173 101 116 81 213 87 124 100000 122 176 100000 274 271 78 100000 147 199 64 159 100000 90 87 100000
87 79 20 100000 72 88 183 25 128 220 131 100000 209 187 48 195 237 58 55 62 124 67 100000 100000 15
88 96 84 193 30 100000 100000 211 100000 100000 64 216 93 100000 139 124 53 100000 116 130 99 242 100000 101 167
89 42 122 100000 110 112 100000 100000 42 122 100000 82 100000 100000 20 6 90 54 99 47 126 61 46 22 76
90 88 100000 261 46 196 43 167 130 261 9 72 100000 219 253 100000 100000 114 100000 214 238 211 100000 100000 56
91 90 57 76 248 68 146 100000 4 6 246 95 100000 57 240 219 49 82 257 100000 208 33 208 189 47
92 97 184 123 233 178 161 105 13 143 30 181 288 16 279 10 213 137 245 114 91 53 129 85 103
93 270 100000 608 58 503 389 681 681 608 511 422 600 535 640 100000 519 778 66 155 100000 41 114 745 721
94 452 100000 963 258 1329 100000 814 100000 882 1302 1085 164 100000 841 204 1031 28 100000 706 706 367 100000 100000 100000
95 48 94 100 100000 21 100000 78 100000 97 125 100000 61 24 118 2 31 74 100000 24 100000 83 74 78 100000
96 338 457 100000 21 163 100000 224 791 100000 92 100000 599 680 822 214 183 761 82 100000 102 862 153 100000 305
97 34 100000 9 6 57 61 100000 11 60 21 35 100000 49 58 100000 40 46 100 100000 47 22 100000 11 90
98 65 67 86 139 135 168 42 100000 100000 168 46 156 148 63 69 30 98 129 100000 92 100000 102 26 90
99 50 58 98 100000 37 8 100000 100000 50 37 100000 122 64 44 49 100000 134 4 73 26 93 92 141 86
100 112 85 8 100000 145 100000 48 100000 309 100000 45 272 100000 100000 289 100000 199 242 100000 145 118 249 199 252
101 48 128 34 110 48 81 131 125 58 31 133 100000 37 100000 70 97 17 8 111 100000 75 137 81 20
102 117 103 15 176 313 222 100000 292 40 173 40 100000 100000 100000 288 348 100000 100000 194 236 100000 26 222 236
103 50 100000 44 100000 55 100000 100000 81 11 147 81 50 95 96 126 38 65 38 92 102 46 134 59 53
104 68 74 196 103 103 186 19 78 23 105 178 167 135 56 17 117 96 72 109 200 121 27 123 161
105 232 627 279 376 77 100000 362 43 100000 286 383 100000 501 100000 84 633 15 84 335 467 578 620 432 592
106 122 100000 100000 114 89 41 187 359 176 154 81 348 202 96 242 213 27 100000 216 56 41 319 27 308
107 151 10 42 24 168 100000 46 308 100000 15 200 209 100000 168 304 408 100000 209 100000 100000 132 426 268 64
108 31 100000 11 73 45 41 87 100000 80 84 53 12 45 88 100000 53 100000 45 64 30 25 100000 2 87
109 97 13 184 111 100000 149 111 13 100000 198 100000 100000 117 4 100000 230 213 16 265 262 204 33 100000 166
110 308 684 675 223 878 100000 546 278 100000 100000 100000 702 527 100000 100000 361 287 213 269 555 75 592 324 721
111 116 202 100000 289 188 265 126 227 100000 268 140 209 345 100000 282 100000 11 147 286 102 334 100000 216 289
112 312 100000 216 412 506 100000 100000 440 525 169 141 758 169 543 100000 100000 824 100000 100000 100000 272 38 207 100000
113 34 73 27 89 100 78 97 42 64 37 54 90 29 9 35 37 30 21 98 71 99 65 100000 55
114 128 100000 300 16 300 215 100000 100000 346 135 288 100000 85 70 193 223 100000 104 284 369 100000 181 173 100000
115 54 122 100000 100000 112 80 131 141 4 70 100000 119 127 100000 40 12 120 6 27 146 110 100000 86 100000
116 175 494 116 300 268 441 100000 100000 289 64 226 38 473 100000 148 69 494 100000 132 221 399 205 483 100000
117 55 78 129 154 100000 50 131 93 108 17 157 44 114 94 100000 100000 34 122 100000 109 135 163 147 100000
118 306 249 661 359 826 102 100000 780 203 100000 100000 487 100000 423 432 854 84 432 606 148 56 100000 100000 753
119 59 103 166 54 85 119 100000 10 138 110 100000 147 107 115 166 87 168 100000 49 100000 87 17 52 100000
120 59 122 147 100 56 124 10 100000 47 138 145 163 63 70 100000 43 100000 100000 13 158 49 166 144 70
121 66 123 172 143 42 143 143 184 100000 23 113 27 84 107 58 100000 113 3 143 100000 74 94 100000 88
122 66 147 100000 186 125 38 133 139 109 88 3 40 149 27 74 100000 159 42 159 21 139 184 23 100000
123 23 63 100000 15 13 64 100000 100000 61 33 53 2 19 66 51 21 3 68 42 47 41 34 10 17
124 244 330 184 100000 100000 67 45 498 100000 352 45 206 100000 337 469 100000 16 162 100000 666 374 264 345 367
125 54 28 149 100000 27 75 109 32 88 75 70 106 78 100000 22 136 115 117 9 106 77 94 139 46
126 294 882 45 582 107 785 100000 100000 19 10 124 100000 100000 627 100000 362 715 794 318 265 618 100000 635 100000
127 84 26 100000 207 174 39 229 100000 66 162 100000 46 99 237 237 106 100000 227 100000 79 89 127 192 81
128 61 100000 100000 50 138 100000 14 5 165 81 79 107 100000 23 100000 107 100000 100000 74 100000 100000 34 17 121
129 57 140 95 83 78 159 100000 154 154 27 168 27 103 154 57 100000 91 40 115 4 100000 100000 100000 146
130 38 91 16 69 114 100000 79 100000 63 35 82 18 100000 47 46 100000 39 100000 100000 91 55 100000 28 88
131 944 1388 2039 2492 964 1162 100000 100000 737 2379 2153 1303 2181 1643 2606 100000 1728 1388 2294 1077 2436 114 2436 1898
132 511 100000 1349 1181 1211 100000 231 1211 100000 1027 215 1502 100000 997 1303 767 1089 100000 813 721 537 384 553 951
133 625 1369 301 245 1631 226 132 57 544 1200 1050 357 320 994 826 100000 1182 1182 1144 1088 1763 1838 1800 1463
134 445 100000 54 201 1255 268 935 655 775 508 335 100000 721 100000 481 294 1215 441 1188 241 1002 68 81 1268
135 68 76 72 155 100000 198 19 196 198 192 186 9 52 186 100000 186 90 100000 42 100000 9 21 100000 184
136 53 33 33 71 154 29 120 67 138 154 82 146 86 153 4 89 115 56 143 118 104 66 7 138
137 49 80 122 5 65 29 131 100000 33 54 29 100000 58 30 100000 113 83 143 94 7 100000 144 36 112
138 92 29 100 191 188 100000 155 210 100000 64 64 243 133 100000 106 207 224 100000 150 260 84 100000 23 133
139 236 404 100000 192 355 567 128 58 637 439 100000 680 369 461 100000 284 347 142 567 100000 362 192 425 298
140 116 168 60 88 105 265 244 100000 254 299 129 223 29 237 77 100000 157 310 157 268 161 282 100000 348
141 265 747 342 17 509 573 700 200 231 485 533 100000 708 406 644 215 779 620 33 100000 779 390 549 100000
142 149 349 420 193 322 28 407 313 425 416 282 411 407 304 255 10 429 126 100000 371 68 420 336 349
143 74 153 204 100000 165 118 5 215 191 109 100000 195 222 118 58 100000 85 52 100000 98 218 89 81 78
144 332 61 100000 618 897 887 946 568 727 897 100000 389 598 379 319 110 747 668 120 210 100000 518 41 668
145 324 147 758 20 273 331 865 409 467 962 788 729 885 846 100000 312 788 50 100000 943 100000 632 100000 100000
146 104 172 63 129 132 4 237 237 100000 32 100000 138 178 309 94 160 13 100000 244 79 219 100000 100000 147
147 51 77 71 9 100000 100000 144 6 100000 115 141 100000 92 88 51 100000 126 113 94 91 31 98 129 100000
148 58 100 105 124 124 86 165 113 141 93 48 4 100000 13 113 100 146 103 41 39 43 126 77 53
149 67 177 69 143 121 100000 183 57 59 97 100000 65 41 59 149 195 100000 3 43 100000 157 100000 151 100000
150 49 11 61 7 43 118 100000 89 4 17 108 21 100000 100000 118 59 137 127 100000 24 102 71 129 58
151 107 100000 171 132 260 100000 87 100000 318 100000 151 100000 295 100000 267 100000 100000 14 100000 279 145 196 100000 174
152 38 100000 37 100000 17 88 100000 38 93 104 70 100000 100000 100000 100000 28 37 29 87 81 93 100000 114 8
153 27 63 46 76 78 52 7 23 100000 63 47 42 28 5 39 14 100000 19 100000 42 42 38 3 31
154 68 100000 165 125 62 100000 100000 100000 66 100000 88 109 68 9 29 44 62 74 147 100000 33 100000 188 100000
155 207 100000 280 379 137 100000 100000 100000 113 410 7 131 106 7 162 373 100000 100000 398 100000 119 460 243 20
156 202 412 176 189 100000 273 346 25 100000 152 237 588 100000 100000 100000 158 521 467 418 304 68 100000 552 461
157 83 43 219 3 152 53 247 48 187 125 165 8 157 100000 202 100000 100000 118 105 160 224 135 33 100000
158 35 10 60 100000 100000 10 2 79 100000 70 100000 41 100000 10 11 33 82 10 86 87 38 36 94 85
159 58 98 157 44 100000 70 100000 44 110 100000 91 127 3 174 105 103 79 100000 113 146 100000 101 126 108
160 42 29 5 100000 100000 26 35 100000 77 62 17 25 100000 99 64 100000 94 47 100000 100000 96 100000 100000 49
161 68 44 165 84 119 155 100000 192 100000 100000 194 100000 50 157 105 204 113 202 194 86 44 100000 167 86
162 68 66 100000 100000 74 15 100000 5 25 21 100000 172 25 100000 153 56 145 192 25 21 147 72 133 121
163 68 178 66 196 31 44 100000 121 7 159 90 21 70 80 23 100000 117 141 155 56 100000 92 100000 29
164 103 35 96 66 170 143 4 133 152 158 100000 167 170 60 118 198 263 13 186 100000 100000 100 10 244
165 103 195 284 66 47 93 210 100000 100000 100000 170 177 26 26 186 214 35 146 100000 100000 35 103 23 100000
166 103 72 272 186 257 278 106 152 100000 100000 260 260 133 146 100000 287 100000 78 100000 63 201 164 161 291
167 103 146 93 173 100000 100000 100000 247 303 133 81 100000 143 69 100000 250 272 217 100000 87 254 90 100000 10
168 103 146 189 81 226 103 152 81 164 100000 100000 297 100000 220 195 201 100000 100000 100000 23 100000 189 35 84
169 68 176 155 66 161 94 182 86 192 137 111 70 113 19 137 100000 157 88 3 184 100000 100000 21 159
170 103 266 192 254 266 100000 100000 100000 10 100000 100000 247 306 100000 100000 100000 121 127 29 170 244 263 84 78
171 68 163 137 62 100000 46 23 84 15 165 46 36 94 153 151 5 178 109 21 46 100000 100000 131 105
172 103 124 100000 100000 60 309 100000 170 266 170 100000 260 100000 13 53 72 220 229 100000 124 29 100000 294 241
173 103 4 100000 164 263 195 100000 127 303 232 260 149 100000 100000 152 244 81 100000 137 100000 100000 100000 284 207
174 68 31 100000 129 38 50 131 155 141 84 135 17 80 5 109 180 100000 100000 153 151 119 153 90 161
175 103 167 13 41 87 297 23 100000 47 16 143 100000 103 47 41 100000 158 152 201 75 100000 235 32 100000
176 103 47 47 100000 100000 47 69 35 106 167 118 146 220 63 63 195 100000 214 100000 281 100000 137 16 93
177 10 100000 100000 21 21 11 25 2 24 2 19 100000 100000 16 100000 28 16 100000 26 24 6 12 29 7
178 187 23 51 460 124 455 100000 443 438 247 371 29 225 100000 287 348 100000 483 100000 315 191 561 393 343
179 134 157 386 100000 5 100000 149 73 97 113 246 89 314 402 298 398 222 100000 93 100000 5 100000 100000 290
180 89 240 139 100000 102 219 100000 163 100000 240 115 227 121 9 267 38 12 193 28 227 155 94 54 139
181 58 100 11 138 120 100000 20 100000 100000 108 132 4 107 100000 100000 169 74 139 138 152 100000 124 119 6
182 49 100000 100000 140 14 89 100000 100000 74 100 45 111 20 92 73 5 93 134 52 89 24 32 42 92
183 134 25 390 258 181 358 157 21 210 133 326 105 314 157 193 302 41 153 270 177 165 89 29 346
184 53 63 100000 104 124 100000 91 132 96 100000 37 23 36 4 33 115 100000 146 127 113 48 134 100000 142
185 334 100000 732 291 602 211 882 792 862 181 321 331 100000 100000 431 882 100000 912 261 261 852 141 491 732
186 24 100000 43 51 31 22 100000 6 100000 19 100000 49 53 34 36 100000 34 49 63 67 23 36 22 38
187 76 96 210 80 205 103 133 15 90 100000 174 146 100000 80 71 219 42 83 149 139 174 100000 219 26
188 76 223 228 99 60 37 44 176 212 100000 60 135 42 49 124 149 221 219 226 90 105 3 6 100000
189 192 409 300 47 100000 432 576 13 294 306 208 323 100000 409 392 179 139 254 59 122 133 576 168 427
190 98 104 100000 230 241 104 186 45 10 80 42 165 39 194 209 86 136 238 285 39 282 100000 100000 203
191 258 411 364 100000 302 364 712 16 442 735 24 449 434 442 650 71 674 100000 163 550 100000 100000 101 100000
192 165 451 100000 288 100000 446 485 396 451 213 446 465 85 134 495 6 100000 199 100000 372 100000 100000 41 194
193 38 100000 96 89 100000 27 100000 100000 12 100000 69 36 51 26 100000 100000 89 87 100000 35 87 81 114 65
194 115 104 8 29 84 80 100000 59 15 314 139 35 152 73 100000 317 100000 262 194 249 170 15 100000 273
195 83 227 222 46 180 23 13 110 130 135 28 90 65 18 41 100 78 100000 31 100000 127 118 100000 227
196 56 120 6 100000 26 95 100000 91 148 100000 19 126 140 135 163 100000 100000 44 100000 165 46 165 141 100000
197 29 100000 23 100000 80 100000 8 61 33 46 60 59 81 48 84 64 41 23 87 33 69 16 60 100000
198 303 891 74 537 355 273 337 764 319 210 555 100000 855 83 364 628 419 591 37 74 273 37 410 864
199 18 31 100000 34 100000 100000 28 41 47 9 12 100000 15 12 100000 11 15 25 15 31 25 100000 42 100000
200 29 100000 52 64 80 100000 43 100000 5 5 23 53 100000 100000 70 2 100000 50 78 57 100000 23 64 66
201 154 287 338 213 397 24 259 56 100000 411 125 430 100000 162 379 181 61 218 347 100000 425 305 100000 10
202 90 259 146 219 25 119 39 162 92 154 66 12 33 240 100000 211 39 152 222 100000 240 31 90 200
203 93 100000 265 100000 243 260 207 246 45 251 100000 26 260 100000 90 100000 171 198 168 262 251 93 101 204
204 94 274 38 100000 175 68 100000 206 100000 133 88 184 279 77 251 21 91 243 130 113 265 251 57 9
205 165 322 292 100000 100000 100000 357 411 411 495 100 248 6 273 263 376 55 50 60 65 100000 159 490 342
<task directions>
1 E
2 E
3 R
4 L
5 E
6 E
7 R
8 R
9 R
10 R
11 R
12 R
13 L
14 L
15 L
16 L
17 L
18 L
19 E
20 E
21 E
22 E
23 E
24 E
25 R
26 L
27 R
28 R
29 R
30 R
31 R
32 R
33 R
34 L
35 E
36 E
37 L
38 L
39 L
40 E
41 E
42 E
43 L
44 L
45 L
46 L
47 L
48 L
49 L
50 L
51 L
52 L
53 L
54 R
55 R
56 R
57 R
58 R
59 R
60 R
61 R
62 E
63 E
64 E
65 E
66 E
67 E
68 E
69 E
70 E
71 E
72 E
73 E
74 E
75 E
76 E
77 E
78 L
79 R
80 E
81 E
82 E
83 E
84 E
85 E
86 E
87 E
88 E
89 E
90 R
91 R
92 R
93 R
94 E
95 R
96 E
97 E
98 E
99 E
100 E
101 E
102 E
103 E
104 R
105 L
106 L
107 E
108 L
109 E
110 R
111 L
112 R
113 E
114 L
115 E
116 R
117 E
118 E
119 E
120 E
121 E
122 E
123 E
124 E
125 E
126 R
127 E
128 E
129 E
130 R
131 E
132 R
133 R
134 R
135 L
136 L
137 E
138 E
139 E
140 L
141 L
142 L
143 L
144 E
145 E
146 L
147 L
148 R
149 R
150 R
151 E
152 L
153 L
154 E
155 E
156 E
157 E
158 R
159 R
160 E
161 R
162 R
163 R
164 R
165 R
166 R
167 R
168 R
169 L
170 L
171 L
172 L
173 L
174 L
175 L
176 L
177 E
178 E
179 L
180 L
181 L
182 L
183 L
184 L
185 E
186 R
187 R
188 L
189 E
190 E
191 R
192 E
193 R
194 E
195 L
196 R
197 R
198 R
199 R
200 R
201 L
202 L
203 L
204 E
205 E
<precedence relations>
1,36
2,3
2,4
3,5
4,5
5,7
5,13
6,36
7,8
8,9
9,10
10,11
11,12
12,36
13,14
14,15
15,16
16,17
17,18
18,36
19,36
20,22
21,22
22,23
23,24
23,34
24,26
24,27
24,28
25,28
26,35
27,35
28,29
29,30
29,33
30,31
30,32
31,35
32,35
33,35
34,35
35,36
36,37
36,40
36,41
36,42
36,62
36,69
36,72
36,75
36,83
36,110
36,111
36,112
37,38
38,39
39,45
40,43
40,54
41,92
42,43
42,54
43,44
44,45
45,46
45,48
45,51
45,53
46,47
47,92
48,49
49,50
50,92
51,52
52,92
53,92
54,55
55,56
55,59
55,61
56,57
57,58
58,92
59,60
60,92
61,92
62,63
63,64
64,65
64,68
65,66
66,67
67,80
68,80
69,70
70,71
71,73
72,73
73,74
74,76
75,92
76,77
76,78
76,79
77,80
77,82
78,80
79,80
80,81
81,84
82,92
83,92
84,85
85,86
85,88
85,90
86,87
87,92
88,89
89,92
90,91
91,92
92,93
92,94
92,95
92,96
92,97
92,98
92,99
93,135
94,135
95,113
96,113
97,100
98,100
99,100
100,101
100,103
100,105
100,109
100,130
100,131
100,134
101,102
102,113
103,104
104,113
105,106
105,107
106,108
107,108
108,113
109,113
110,113
111,113
112,113
113,114
113,115
113,116
113,117
113,118
113,119
113,120
113,121
113,122
113,123
113,124
113,161
113,162
113,163
113,169
113,171
113,174
113,203
113,204
113,205
114,160
115,160
116,160
117,160
118,126
119,126
120,126
121,126
122,126
123,126
124,125
125,126
126,127
126,128
126,129
127,135
128,135
129,135
130,136
131,132
132,133
133,189
134,189
135,136
135,137
135,138
135,139
135,140
135,141
135,142
135,144
135,145
135,147
135,148
135,149
135,150
135,151
135,152
135,153
135,158
136,189
137,160
138,160
139,160
140,143
141,143
142,143
143,160
144,160
145,146
146,160
147,160
148,160
149,160
150,160
151,160
152,160
153,154
154,155
155,156
156,157
157,189
158,159
159,189
160,164
160,170
160,178
160,179
160,184
161,167
162,165
163,164
164,165
165,166
166,167
167,168
168,177
169,170
170,172
171,172
172,173
173,175
174,175
175,176
176,177
177,185
177,186
177,187
177,188
177,194
177,195
178,180
179,180
180,181
180,183
181,182
185,189
186,189
187,189
188,189
189,190
189,191
189,193
191,192
194,197
195,196
196,197
197,198
197,199
197,201
199,200
201,202
<end>