<number of tasks>
205
<number of mated-station>
8
<number of workers>
16
<task times>
1 692 416 644 360 602 333 678 664 319 630 305 499 630 678 685 174
2 42 17 22 33 10 33 2 33 19 23 21 21 100000 29 30 100000
3 261 136 157 43 97 126 100 118 97 69 235 173 100 100000 253 225
4 261 53 14 22 170 204 173 45 131 97 100000 121 40 40 19 258
5 157 88 100000 112 42 155 82 140 37 148 84 96 70 84 96 20
6 90 50 100000 71 2 37 6 44 29 52 67 83 22 35 82 73
7 54 35 100000 8 47 14 100000 53 100000 2 45 43 8 100000 9 23
8 67 45 30 100000 29 45 47 63 45 47 100000 40 100000 43 49 23
9 30 22 100000 20 24 9 24 7 100000 20 22 20 17 25 100000 100000
10 106 88 72 10 38 2 79 42 100000 57 100000 72 85 81 48 84
11 32 18 22 16 8 13 17 11 18 31 100000 30 21 31 17 22
12 62 42 54 61 35 100000 17 20 24 100000 30 39 100000 32 58 54
13 54 10 17 19 40 51 2 40 21 42 54 14 24 8 53 50
14 67 43 34 62 19 62 27 45 59 64 32 8 41 42 64 47
15 30 19 3 24 100000 11 6 4 25 15 23 14 100000 22 22 25
16 106 15 63 93 81 15 2 91 92 62 64 5 45 100000 100000 10
17 32 9 6 12 100000 15 25 3 29 27 100000 20 21 27 16 7
18 62 100000 9 6 60 58 8 57 45 51 46 39 6 20 47 21
19 56 49 44 43 46 4 12 42 30 30 5 5 100000 43 100000 36
20 67 65 18 100000 54 34 8 58 3 26 7 18 14 6 18 16
21 86 63 78 59 72 6 14 100000 34 44 10 73 17 8 49 62
22 37 16 4 100000 24 5 20 34 37 2 23 11 13 20 31 26
23 41 11 3 11 3 18 18 40 21 17 38 32 9 39 39 2
24 72 51 19 10 33 37 26 10 40 66 100000 60 45 67 55 37
25 86 8 55 74 25 49 78 68 6 17 12 70 47 66 61 13
26 16 12 7 100000 7 6 3 2 11 100000 3 15 15 12 7 2
27 51 26 35 44 44 9 15 38 25 48 100000 100000 32 36 5 15
28 66 54 30 100000 40 49 12 15 28 35 34 30 46 60 58 54
29 41 14 5 100000 37 7 25 100000 27 32 7 13 14 3 100000 9
30 72 65 55 100000 56 12 48 9 54 29 26 34 59 36 14 56
31 51 24 51 35 100000 100000 100000 6 20 7 41 51 23 35 50 49
32 16 9 100000 6 3 13 14 16 16 16 8 1 13 100000 4 11
33 15 6 10 12 3 3 9 4 11 5 9 14 2 100000 1 6
34 15 11 10 9 3 12 2 9 11 3 4 100000 100000 9 14 8
35 85 74 54 67 34 100000 73 82 3 49 56 84 51 83 8 61
36 59 56 47 31 38 47 100000 18 2 39 33 59 41 100000 2 14
37 23 18 10 14 10 7 18 15 16 100000 8 5 8 18 5 22
38 13 1 3 12 8 11 12 8 7 5 9 1 5 11 12 4
39 19 11 14 19 9 16 13 17 6 17 17 100000 8 2 5 7
40 108 42 72 32 100000 100000 12 107 66 40 75 98 8 57 100000 107
41 214 174 186 100000 73 39 131 90 214 182 171 67 165 174 100000 78
42 80 68 63 18 33 8 18 74 71 100000 29 70 61 41 69 3
43 37 37 21 8 4 31 17 5 100000 16 2 24 6 24 100000 5
44 84 3 67 10 6 53 33 76 17 100000 54 52 26 57 55 34
45 18 3 1 17 2 3 15 17 100000 12 12 100000 13 6 11 16
46 12 9 100000 7 8 4 1 1 11 8 7 4 10 6 3 100000
47 29 24 29 13 11 10 12 29 11 10 4 28 10 4 24 23
48 37 5 35 34 26 33 26 100000 17 2 35 100000 31 31 3 7
49 13 5 4 100000 10 100000 7 7 9 11 9 9 8 7 2 10
50 70 58 15 27 33 9 47 26 100000 44 24 9 100000 34 100000 57
51 217 100000 68 7 178 141 100000 204 128 120 208 113 124 79 198 100000
52 72 63 44 41 59 39 42 57 2 66 41 69 28 39 71 19
53 85 18 14 21 27 38 21 54 68 100000 47 61 33 62 81 72
54 43 4 25 17 11 25 30 100000 27 19 22 2 4 21 24 23
55 97 100000 61 38 7 66 76 95 41 16 39 24 67 39 93 9
56 37 13 100000 100000 25 21 100000 21 100000 2 100000 31 10 12 25 18
57 13 100000 6 11 9 5 7 2 12 4 4 6 6 3 11 12
58 35 10 21 15 29 12 100000 16 23 3 18 27 10 32 7 8
59 217 51 189 133 159 83 141 33 193 83 7 144 195 61 18 72
60 72 12 23 67 52 28 40 24 55 54 12 37 17 9 11 53
61 85 40 72 24 46 25 79 14 100000 35 100000 22 79 76 100000 36
62 25 12 3 19 22 10 16 11 5 1 9 2 100000 100000 100000 16
63 37 3 6 37 13 29 5 15 25 32 12 13 34 10 5 29
64 37 15 28 34 12 6 37 31 34 7 23 4 28 22 8 22
65 103 8 81 50 95 13 88 14 43 102 100000 37 79 3 11 62
66 140 100000 123 125 114 137 137 72 54 100000 107 26 27 139 100 100000
67 49 22 100000 49 49 25 18 26 32 41 45 100000 20 100000 21 32
68 35 28 5 16 4 100000 10 15 1 3 20 32 21 21 3 30
69 51 44 13 30 50 51 100000 23 46 35 100000 3 41 36 40 16
70 88 10 4 76 18 18 68 26 87 15 82 81 85 100000 73 100000
71 53 11 52 10 43 100000 44 10 11 12 4 45 42 9 11 33
72 144 100000 28 110 62 52 127 105 48 11 100000 100000 143 58 41 113
73 337 72 100000 156 102 176 156 240 8 337 132 297 100000 196 243 145
74 107 87 60 14 82 19 26 23 14 29 99 84 105 12 82 53
75 371 186 279 8 53 308 260 100000 64 230 171 100000 134 82 100000 79
76 97 68 67 24 63 61 60 9 26 26 11 87 90 51 13 91
77 166 166 118 130 113 131 37 47 131 32 47 52 113 52 110 32
78 92 32 49 23 39 47 100000 100000 70 64 73 44 54 21 8 88
79 92 22 33 10 40 72 100000 82 9 80 40 53 31 50 83 19
80 106 100000 20 4 89 59 25 25 43 97 103 29 92 100000 100000 90
81 49 9 45 23 26 24 100000 14 2 40 3 1 26 100000 38 25
82 92 100000 100000 6 11 69 77 100000 28 57 32 41 23 64 49 41
83 371 316 164 82 42 168 90 156 223 57 179 153 112 256 264 75
84 87 27 32 29 15 21 74 72 79 100000 44 29 4 78 37 87
85 162 12 77 73 109 120 128 3 160 130 28 73 100000 6 123 100000
86 96 88 80 90 28 63 100000 44 74 100000 89 30 85 31 73 30
87 79 63 35 27 100000 27 5 22 22 67 31 23 59 52 74 24
88 96 43 79 53 84 11 23 65 93 46 43 57 49 44 20 18
89 42 17 7 25 40 8 24 42 100000 27 10 32 16 6 6 24
90 88 31 65 73 25 65 71 35 62 16 52 50 88 31 34 22
91 90 100000 54 70 9 49 51 70 78 54 62 34 56 42 64 71
92 97 45 78 50 55 61 49 32 89 57 7 22 97 23 38 53
93 270 157 87 251 181 254 125 240 100000 189 100000 98 100000 4 44 109
94 452 276 272 249 78 227 42 181 294 249 87 123 114 69 416 150
95 48 28 13 22 30 100000 27 37 5 100000 45 9 100000 28 24 26
96 338 203 257 210 139 58 156 331 156 196 338 304 55 89 163 100000
97 34 27 100000 26 18 24 100000 20 100000 33 14 6 27 100000 7 24
98 65 7 56 33 29 51 16 37 41 36 59 2 61 17 8 9
99 50 14 13 45 45 12 22 48 25 47 30 4 47 17 42 31
100 112 71 94 15 100000 90 17 63 32 78 76 25 94 30 73 102
101 48 31 6 14 11 15 24 46 43 20 4 22 22 37 21 32
102 117 101 100000 40 22 100000 11 117 56 11 32 98 100000 97 6 87
103 50 4 8 26 50 9 11 11 40 12 100000 10 47 6 100000 7
104 68 67 62 59 34 32 63 8 100000 52 20 18 53 21 45 52
105 232 156 75 188 100000 223 158 100000 6 110 112 117 100000 114 61 8
106 122 92 31 100000 11 107 122 57 92 37 39 51 66 88 86 42
107 151 103 115 4 150 100000 100000 127 13 148 100000 100000 91 96 12 64
108 31 30 12 28 14 22 5 23 2 100000 21 25 12 24 18 27
109 97 15 96 7 78 15 81 22 12 9 63 86 85 20 9 100000
110 308 259 84 47 56 213 44 100000 225 164 287 100000 308 100000 133 100000
111 116 31 13 100000 101 96 30 103 72 53 100000 114 2 87 14 85
112 312 57 104 259 94 132 66 122 200 212 38 275 32 91 275 278
113 34 12 16 17 2 2 14 21 25 15 18 15 100000 14 5 8
114 128 33 31 47 85 42 103 127 111 100000 57 49 57 39 85 19
115 54 52 30 24 45 17 37 26 2 42 13 15 48 35 9 33
116 175 156 58 118 6 74 18 71 123 100000 38 60 109 130 166 151
117 55 18 48 19 17 46 39 23 32 10 16 43 11 34 7 34
118 306 100000 251 50 303 175 50 13 248 297 154 239 117 260 77 16
119 59 21 46 100000 26 35 11 25 46 18 40 56 23 10 17 27
120 59 100000 100000 10 48 19 100000 100000 44 47 35 59 36 24 40 17
121 66 100000 34 15 46 100000 52 61 31 63 65 23 47 8 38 58
122 66 37 43 52 34 28 100000 28 10 36 42 15 11 16 100000 30
123 23 3 13 5 1 8 7 7 22 23 100000 23 16 100000 100000 16
124 244 42 105 47 234 176 132 8 200 108 157 35 28 161 64 108
125 54 44 30 7 47 2 23 4 12 29 20 12 6 20 26 100000
126 294 80 162 130 86 10 244 142 156 265 33 256 250 100000 235 60
127 84 19 23 52 8 42 72 46 52 22 100000 59 100000 52 31 10
128 61 24 35 15 47 14 36 23 17 17 13 12 11 41 3 43
129 57 11 51 25 33 12 53 47 26 8 45 16 10 28 16 50
130 38 23 10 32 24 24 36 8 28 29 28 2 100000 10 22 28
131 944 586 369 633 142 567 501 100000 39 840 397 322 100000 388 95 586
132 511 47 134 317 169 164 414 195 118 144 276 200 149 134 409 47
133 625 213 425 13 625 475 182 419 263 100000 301 70 251 457 394 163
134 445 383 290 307 232 100000 139 100000 23 241 392 361 130 418 401 125
135 68 100000 37 27 38 60 14 61 57 57 23 46 51 51 100000 22
136 53 48 53 47 39 8 12 12 12 42 10 16 29 26 16 4
137 49 33 22 100000 11 100000 48 2 20 31 12 46 26 16 100000 10
138 92 91 87 52 47 35 9 74 57 35 67 11 75 100000 25 67
139 236 83 27 100000 60 121 50 126 100000 102 100000 166 182 151 100000 10
140 116 27 107 23 67 94 3 52 49 85 78 100000 14 55 49 100000
141 265 217 128 183 100000 239 262 202 188 51 9 149 100000 262 257 91
142 149 100000 16 125 72 41 134 20 113 124 142 128 127 19 63 115
143 74 60 48 72 29 27 34 73 37 26 59 62 5 23 54 54
144 332 296 100000 100000 233 31 210 272 100000 120 120 100000 167 302 64 100000
145 324 282 153 124 234 85 192 298 185 185 104 88 53 137 163 208
146 104 42 63 26 20 95 100000 83 50 68 51 77 15 6 100000 103
147 51 17 40 26 100000 33 49 29 100000 45 13 12 6 2 30 17
148 58 100000 28 3 39 100000 21 100000 26 47 10 8 39 100000 14 15
149 67 60 6 6 51 100000 64 15 57 31 100000 18 25 15 24 51
150 49 100000 19 44 40 45 37 13 26 42 32 44 2 100000 19 43
151 107 9 100000 74 5 23 52 100000 77 73 7 87 9 9 66 4
152 38 28 100000 17 37 19 100000 17 2 4 21 10 24 32 32 18
153 27 12 21 16 6 20 26 8 15 12 100000 5 2 100000 26 12
154 68 42 12 53 100000 57 10 12 100000 100000 20 100000 40 41 55 43
155 207 88 104 57 151 153 203 100000 32 133 137 67 174 96 176 34
156 202 200 194 100000 37 116 128 5 194 29 71 136 102 15 19 25
157 83 55 67 12 17 17 82 38 72 41 76 81 40 42 15 44
158 35 33 15 29 27 27 25 1 15 26 100000 100000 100000 3 25 4
159 58 33 100000 2 37 100000 13 8 12 36 30 4 40 2 28 47
160 42 9 38 100000 9 100000 10 2 7 34 38 5 6 33 3 41
161 68 59 33 16 5 19 30 67 52 13 9 29 24 36 49 57
162 68 51 100000 59 6 100000 44 8 100000 66 25 39 31 23 100000 47
163 68 55 44 63 36 43 100000 36 43 66 48 68 100000 32 100000 58
164 103 42 75 88 54 17 44 82 100000 101 88 50 23 61 99 100000
165 103 45 97 41 47 80 70 75 87 80 75 6 33 42 85 2
166 103 93 13 100000 100000 82 19 3 102 32 100000 71 4 100000 91 100000
167 103 63 63 3 2 16 8 64 89 61 70 98 59 49 100000 78
168 103 72 35 100 70 29 91 49 59 41 66 99 78 102 46 63
169 68 40 100000 46 6 7 17 24 55 56 53 6 62 64 46 23
170 103 40 83 29 47 17 20 20 48 36 75 31 45 74 43 97
171 68 34 3 67 19 100000 44 49 100000 34 6 41 18 51 43 32
172 103 100000 103 63 95 43 83 100000 100000 74 82 89 54 24 55 53
173 103 18 7 43 81 100000 88 18 100000 94 4 100000 84 23 6 65
174 68 2 48 54 100000 26 47 43 49 100000 48 20 40 8 9 10
175 103 28 99 13 46 88 48 101 65 25 66 100000 100000 64 20 22
176 103 72 87 83 41 75 38 62 74 100000 87 100000 8 90 17 33
177 10 100000 8 100000 6 100000 9 100000 8 6 8 100000 5 7 3 4
178 187 90 61 70 114 159 141 100000 167 107 139 46 133 157 129 79
179 134 117 100000 100000 79 110 36 85 82 28 99 52 100000 134 100000 115
180 89 28 85 44 6 73 11 89 70 100000 45 64 71 84 31 62
181 58 38 6 7 49 55 20 12 4 28 8 31 19 6 11 58
182 49 19 48 100000 100000 26 25 44 100000 9 40 100000 24 100000 27 3
183 134 36 105 4 64 9 44 77 28 37 14 45 105 105 131 106
184 53 20 100000 45 51 26 50 4 3 32 21 52 3 27 100000 50
185 334 294 264 244 274 31 321 101 38 64 98 8 124 100000 197 161
186 24 100000 15 100000 3 9 19 11 17 21 16 10 6 18 11 13
187 76 100000 48 9 24 56 42 57 57 59 12 24 56 55 9 100000
188 76 60 3 15 22 36 38 12 18 3 70 45 70 67 100000 25
189 192 160 135 110 158 100000 24 100000 100000 43 192 100000 45 131 75 163
190 98 4 71 22 55 15 90 21 58 72 10 80 26 56 76 30
191 258 145 100000 243 47 91 243 32 27 70 163 106 127 183 100000 245
192 165 68 76 152 37 137 111 73 108 50 55 155 31 139 147 72
193 38 8 25 100000 100000 5 5 30 100000 6 34 34 3 35 34 1
194 115 100000 48 68 100000 65 56 92 45 100 96 93 89 32 65 51
195 83 56 76 82 81 35 41 100000 67 66 81 6 100000 58 15 46
196 56 8 46 33 25 40 43 8 22 20 56 26 41 5 35 20
197 29 24 15 29 22 15 7 16 11 2 13 15 10 25 20 6
198 303 58 294 100000 34 291 58 252 100000 100000 249 209 122 221 100000 52
199 18 13 5 14 18 7 15 12 17 3 10 13 3 1 11 8
200 29 13 16 5 5 3 9 14 5 21 12 12 10 19 7 17
201 154 149 131 113 65 100000 15 64 44 67 149 119 125 100000 76 39
202 90 64 19 35 37 100000 76 9 46 63 49 35 61 72 63 81
203 93 89 71 64 52 18 70 47 78 83 16 23 87 85 62 100000
204 94 50 39 25 43 86 10 29 61 79 34 62 10 25 43 100000
205 165 137 91 111 47 76 131 152 60 14 81 155 73 8 100000 78
<task directions>
1 E
2 E
3 R
4 L
5 E
6 E
7 R
8 R
9 R
10 R
11 R
12 R
13 L
14 L
15 L
16 L
17 L
18 L
19 E
20 E
21 E
22 E
23 E
24 E
25 R
26 L
27 R
28 R
29 R
30 R
31 R
32 R
33 R
34 L
35 E
36 E
37 L
38 L
39 L
40 E
41 E
42 E
43 L
44 L
45 L
46 L
47 L
48 L
49 L
50 L
51 L
52 L
53 L
54 R
55 R
56 R
57 R
58 R
59 R
60 R
61 R
62 E
63 E
64 E
65 E
66 E
67 E
68 E
69 E
70 E
71 E
72 E
73 E
74 E
75 E
76 E
77 E
78 L
79 R
80 E
81 E
82 E
83 E
84 E
85 E
86 E
87 E
88 E
89 E
90 R
91 R
92 R
93 R
94 E
95 R
96 E
97 E
98 E
99 E
100 E
101 E
102 E
103 E
104 R
105 L
106 L
107 E
108 L
109 E
110 R
111 L
112 R
113 E
114 L
115 E
116 R
117 E
118 E
119 E
120 E
121 E
122 E
123 E
124 E
125 E
126 R
127 E
128 E
129 E
130 R
131 E
132 R
133 R
134 R
135 L
136 L
137 E
138 E
139 E
140 L
141 L
142 L
143 L
144 E
145 E
146 L
147 L
148 R
149 R
150 R
151 E
152 L
153 L
154 E
155 E
156 E
157 E
158 R
159 R
160 E
161 R
162 R
163 R
164 R
165 R
166 R
167 R
168 R
169 L
170 L
171 L
172 L
173 L
174 L
175 L
176 L
177 E
178 E
179 L
180 L
181 L
182 L
183 L
184 L
185 E
186 R
187 R
188 L
189 E
190 E
191 R
192 E
193 R
194 E
195 L
196 R
197 R
198 R
199 R
200 R
201 L
202 L
203 L
204 E
205 E
<precedence relations>
1,36
2,3
2,4
3,5
4,5
5,7
5,13
6,36
7,8
8,9
9,10
10,11
11,12
12,36
13,14
14,15
15,16
16,17
17,18
18,36
19,36
20,22
21,22
22,23
23,24
23,34
24,26
24,27
24,28
25,28
26,35
27,35
28,29
29,30
29,33
30,31
30,32
31,35
32,35
33,35
34,35
35,36
36,37
36,40
36,41
36,42
36,62
36,69
36,72
36,75
36,83
36,110
36,111
36,112
37,38
38,39
39,45
40,43
40,54
41,92
42,43
42,54
43,44
44,45
45,46
45,48
45,51
45,53
46,47
47,92
48,49
49,50
50,92
51,52
52,92
53,92
54,55
55,56
55,59
55,61
56,57
57,58
58,92
59,60
60,92
61,92
62,63
63,64
64,65
64,68
65,66
66,67
67,80
68,80
69,70
70,71
71,73
72,73
73,74
74,76
75,92
76,77
76,78
76,79
77,80
77,82
78,80
79,80
80,81
81,84
82,92
83,92
84,85
85,86
85,88
85,90
86,87
87,92
88,89
89,92
90,91
91,92
92,93
92,94
92,95
92,96
92,97
92,98
92,99
93,135
94,135
95,113
96,113
97,100
98,100
99,100
100,101
100,103
100,105
100,109
100,130
100,131
100,134
101,102
102,113
103,104
104,113
105,106
105,107
106,108
107,108
108,113
109,113
110,113
111,113
112,113
113,114
113,115
113,116
113,117
113,118
113,119
113,120
113,121
113,122
113,123
113,124
113,161
113,162
113,163
113,169
113,171
113,174
113,203
113,204
113,205
114,160
115,160
116,160
117,160
118,126
119,126
120,126
121,126
122,126
123,126
124,125
125,126
126,127
126,128
126,129
127,135
128,135
129,135
130,136
131,132
132,133
133,189
134,189
135,136
135,137
135,138
135,139
135,140
135,141
135,142
135,144
135,145
135,147
135,148
135,149
135,150
135,151
135,152
135,153
135,158
136,189
137,160
138,160
139,160
140,143
141,143
142,143
143,160
144,160
145,146
146,160
147,160
148,160
149,160
150,160
151,160
152,160
153,154
154,155
155,156
156,157
157,189
158,159
159,189
160,164
160,170
160,178
160,179
160,184
161,167
162,165
163,164
164,165
165,166
166,167
167,168
168,177
169,170
170,172
171,172
172,173
173,175
174,175
175,176
176,177
177,185
177,186
177,187
177,188
177,194
177,195
178,180
179,180
180,181
180,183
181,182
185,189
186,189
187,189
188,189
189,190
189,191
189,193
191,192
194,197
195,196
196,197
197,198
197,199
197,201
199,200
201,202
<end>