<number of tasks>
205
<number of mated-station>
6
<number of workers>
12
<task times>
1 692 100000 512 595 257 326 100000 167 657 22 100000 63
2 42 28 100000 15 13 40 6 5 9 2 100000 100000
3 261 209 251 157 100000 48 100000 204 191 160 110 24
4 261 100000 100000 82 27 225 240 48 113 253 100000 222
5 157 99 91 18 76 127 100000 98 13 129 100000 65
6 90 70 53 88 68 9 46 69 37 3 100000 43
7 54 100000 47 13 10 38 100000 2 12 12 36 53
8 67 51 58 52 9 10 7 61 23 10 100000 45
9 30 26 100000 100000 8 14 100000 3 22 100000 20 100000
10 106 100000 79 37 14 100000 100000 55 85 92 55 18
11 32 2 100000 100000 100000 5 30 27 19 7 21 100000
12 62 34 27 61 3 44 31 14 100000 15 19 100000
13 54 39 11 100000 46 31 54 39 100000 51 100000 9
14 67 32 21 100000 8 60 100000 9 4 12 2 22
15 30 18 5 12 8 6 6 15 7 100000 27 11
16 106 46 63 61 100000 66 65 36 100000 27 83 77
17 32 8 3 100000 31 26 21 4 2 26 32 100000
18 62 21 51 3 36 13 9 35 16 100000 58 20
19 56 33 100000 25 27 24 34 14 27 12 49 23
20 67 20 62 48 23 37 23 21 51 44 45 2
21 86 46 100000 58 79 15 55 74 84 100000 100000 47
22 37 7 16 100000 100000 4 17 28 3 15 15 24
23 41 41 100000 100000 16 100000 20 5 5 14 17 100000
24 72 62 100000 27 39 40 53 100000 57 37 68 5
25 86 100000 32 37 33 52 35 81 4 47 5 100000
26 16 10 3 13 6 10 100000 9 12 3 100000 9
27 51 100000 22 7 15 40 18 33 47 23 29 3
28 66 8 65 50 100000 61 30 4 45 55 31 100000
29 41 5 26 100000 2 41 100000 21 22 15 11 30
30 72 100000 20 33 100000 100000 12 100000 100000 34 40 100000
31 51 21 8 21 100000 48 33 31 33 11 4 14
32 16 9 14 5 5 3 16 7 7 3 7 100000
33 15 9 5 2 11 15 13 2 100000 14 100000 14
34 15 7 4 2 6 14 14 4 4 100000 2 10
35 85 28 100000 33 72 100000 67 37 100000 41 29 19
36 59 10 26 15 11 11 45 13 58 22 54 58
37 23 23 100000 10 9 5 21 17 21 22 3 5
38 13 100000 1 5 9 10 100000 1 9 5 4 9
39 19 6 100000 1 14 6 10 15 100000 17 4 18
40 108 35 69 100000 8 86 93 105 37 30 31 76
41 214 56 100000 71 201 84 191 212 100000 171 100000 80
42 80 100000 50 29 100000 53 15 100000 78 49 78 100000
43 37 24 29 21 100000 100000 17 26 26 10 100000 27
44 84 27 100000 79 51 28 100000 43 80 54 44 100000
45 18 2 100000 12 100000 7 2 8 2 14 100000 100000
46 12 9 100000 7 10 3 100000 100000 100000 100000 4 9
47 29 19 22 19 3 28 29 27 100000 100000 8 15
48 37 31 13 31 16 14 33 28 4 12 8 27
49 13 6 11 12 4 100000 4 8 11 13 2 11
50 70 48 47 21 100000 49 100000 100000 47 100000 4 20
51 217 107 61 206 46 198 100000 215 215 49 206 70
52 72 20 47 100000 100000 100000 46 10 31 8 11 51
53 85 81 18 7 100000 41 24 49 55 83 79 26
54 43 4 10 10 8 15 3 26 23 100000 37 12
55 97 33 19 33 95 100000 61 100000 20 94 5 71
56 37 25 25 27 24 37 100000 34 17 12 29 25
57 13 4 100000 8 100000 6 5 11 100000 12 8 5
58 35 14 10 100000 25 100000 35 24 9 32 2 20
59 217 59 51 204 161 7 68 27 135 100000 105 148
60 72 29 19 45 63 55 43 71 56 44 100000 100000
61 85 100000 30 61 71 29 100000 38 46 67 72 40
62 25 100000 16 18 100000 100000 10 10 100000 2 19 10
63 37 13 33 5 18 9 34 23 9 18 100000 31
64 37 12 6 100000 100000 13 16 100000 4 15 27 11
65 103 100000 55 86 82 10 100000 46 15 100000 100000 4
66 140 90 100000 100000 100000 111 79 100000 65 7 18 19
67 49 100000 49 45 100000 49 37 33 49 3 7 13
68 35 11 13 8 5 15 27 20 22 4 17 30
69 51 44 9 44 37 32 100000 100000 29 100000 8 24
70 88 46 26 53 100000 63 87 2 88 18 6 32
71 53 100000 10 47 13 10 39 50 41 3 23 11
72 144 67 41 100000 5 100000 100000 27 97 91 100000 124
73 337 199 327 216 203 98 166 28 58 236 324 38
74 107 88 66 83 92 50 100000 96 2 30 46 100000
75 371 100000 367 82 345 149 108 327 182 175 297 16
76 97 67 31 97 37 100000 46 22 58 50 85 7
77 166 161 166 55 98 107 74 24 97 8 161 103
78 92 36 100000 2 73 84 51 40 100000 8 59 13
79 92 18 24 7 66 59 75 45 70 15 75 7
80 106 19 63 100000 25 100000 100000 100000 79 12 100000 19
81 49 34 100000 25 47 13 43 29 27 5 24 15
82 92 90 91 58 84 64 77 19 92 87 18 73
83 371 60 171 308 216 230 316 275 256 127 301 256
84 87 100000 36 67 36 100000 53 77 73 26 100000 26
85 162 15 36 100000 114 99 36 40 100000 100000 162 100000
86 96 16 100000 2 100000 22 100000 3 52 100000 30 96
87 79 100000 56 62 100000 23 52 100000 28 78 28 21
88 96 100000 35 67 100000 100000 16 51 15 100000 75 100000
89 42 16 23 100000 14 5 25 10 100000 100000 33 12
90 88 60 100000 8 34 68 65 24 66 58 63 63
91 90 81 86 73 100000 39 62 68 100000 100000 51 13
92 97 100000 80 53 59 85 100000 67 7 100000 5 100000
93 270 49 222 95 14 254 195 173 100000 211 100000 205
94 452 402 380 177 357 100000 100000 100000 118 195 281 434
95 48 7 14 33 25 1 100000 30 18 100000 35 44
96 338 100000 210 68 41 190 203 100000 156 100000 100000 190
97 34 18 23 6 25 10 14 100000 20 7 33 2
98 65 8 27 100000 6 21 18 5 32 14 65 57
99 50 37 36 1 16 31 22 23 6 33 100000 100000
100 112 59 8 110 100000 100000 100000 47 55 39 103 91
101 48 100000 40 41 40 10 9 38 2 5 25 17
102 117 22 80 28 85 47 100000 2 100000 49 68 17
103 50 47 7 24 100000 47 28 100000 50 15 48 100000
104 68 46 28 8 32 57 67 20 100000 11 32 54
105 232 45 86 197 117 216 63 100000 172 174 218 89
106 122 54 118 47 2 75 88 100000 17 76 30 112
107 151 86 36 82 46 136 67 132 6 100000 135 100000
108 31 30 100000 14 14 28 21 3 20 2 7 10
109 97 94 74 100000 56 11 43 45 61 76 23 76
110 308 237 191 100000 210 240 216 225 19 130 100000 19
111 116 27 100000 16 86 30 62 56 100000 27 94 37
112 312 48 104 287 287 100000 296 160 100000 278 100000 135
113 34 11 100000 6 100000 100000 14 100000 18 100000 24 33
114 128 65 100000 61 76 100000 100000 51 21 19 77 67
115 54 35 22 4 36 29 17 12 100000 50 50 100000
116 175 25 78 149 175 114 172 107 10 62 27 50
117 55 53 6 30 21 100000 49 15 3 100000 21 24
118 306 123 239 150 100000 100000 100000 100000 108 77 100000 172
119 59 100000 100000 38 100000 59 36 42 18 13 39 39
120 59 6 43 14 22 57 54 4 41 27 22 22
121 66 54 41 31 45 58 2 60 42 24 48 12
122 66 100000 20 100000 19 54 29 14 58 51 45 45
123 23 10 100000 14 12 15 11 100000 21 12 8 100000
124 244 37 135 215 100000 100000 147 195 113 159 74 100000
125 54 23 4 20 24 38 100000 23 33 100000 35 100000
126 294 109 256 100000 100000 36 244 150 100000 57 77 57
127 84 55 11 33 100000 72 12 19 6 25 60 100000
128 61 100000 4 2 13 45 10 100000 100000 48 61 7
129 57 100000 3 45 42 26 100000 51 7 8 28 50
130 38 23 2 100000 29 30 13 12 24 10 100000 21
131 944 897 803 671 935 737 190 859 454 671 100000 586
132 511 72 419 465 100000 455 394 103 378 100000 215 455
133 625 388 101 382 100000 301 100000 157 45 563 7 463
134 445 378 19 59 272 108 174 19 170 121 100000 100000
135 68 67 66 65 100000 22 43 100000 100000 3 40 55
136 53 18 100000 100000 100000 53 24 50 6 9 14 16
137 49 45 100000 100000 100000 20 30 21 47 46 34 37
138 92 100000 66 86 62 47 100000 14 56 80 57 12
139 236 231 102 69 161 22 93 142 20 215 231 100000
140 116 100000 79 72 101 16 92 91 100000 44 100 47
141 265 249 265 100000 146 100000 194 217 210 170 51 104
142 149 113 90 100000 100000 100000 90 51 20 100000 100 5
143 74 21 30 32 68 67 2 24 17 38 54 10
144 332 213 100000 4 253 123 279 100000 67 104 18 133
145 324 46 201 98 240 49 100000 114 117 4 85 46
146 104 100000 102 94 24 97 49 100000 17 47 67 12
147 51 19 12 38 2 45 4 100000 51 100000 48 24
148 58 100000 20 48 28 28 100000 33 29 18 100000 100000
149 67 9 4 12 42 49 2 64 19 46 11 42
150 49 41 33 3 100000 27 100000 41 100000 100000 100000 12
151 107 18 20 19 100000 57 43 24 48 24 74 29
152 38 21 24 33 36 11 19 35 15 34 4 19
153 27 100000 100000 12 22 21 27 26 24 100000 6 2
154 68 18 48 29 100000 62 35 53 100000 37 100000 9
155 207 125 100000 203 100000 106 153 30 3 100000 129 145
156 202 162 138 162 154 144 100000 9 112 100000 100000 174
157 83 100000 16 2 27 64 100000 26 78 8 3 100000
158 35 31 35 100000 100000 27 19 24 8 22 22 24
159 58 27 49 6 56 40 28 20 57 44 28 48
160 42 26 4 26 21 19 100000 16 10 23 16 30
161 68 24 61 13 51 51 43 100000 26 22 22 19
162 68 13 12 59 43 12 55 14 16 100000 16 43
163 68 51 5 55 8 41 55 54 100000 14 59 55
164 103 46 91 20 100000 13 58 36 30 100000 43 89
165 103 56 34 65 53 85 36 46 76 22 100000 56
166 103 70 100000 51 12 100000 59 100000 48 59 94 9
167 103 24 55 31 81 78 78 21 96 67 72 71
168 103 55 100000 76 58 95 84 71 36 14 16 100000
169 68 48 100000 100000 37 66 100000 49 100000 52 43 62
170 103 82 103 98 89 96 64 69 41 99 6 58
171 68 8 12 30 100000 4 14 6 65 19 8 45
172 103 38 45 29 41 100000 33 61 32 20 45 29
173 103 66 4 42 12 17 100000 76 28 100000 31 8
174 68 2 45 40 2 41 100000 100000 5 62 3 20
175 103 63 62 100000 100000 59 20 100000 15 59 46 88
176 103 82 100000 4 60 93 45 85 79 100000 27 100000
177 10 8 10 100000 6 6 2 6 8 3 6 3
178 187 49 161 10 72 178 105 100000 100000 148 64 96
179 134 100000 33 37 100000 121 66 61 100000 126 105 100000
180 89 100000 82 100000 24 41 21 25 63 100000 28 86
181 58 47 19 38 2 48 24 4 14 23 100000 42
182 49 27 100000 100000 8 3 100000 15 22 15 6 46
183 134 122 10 75 73 121 70 65 100000 50 10 77
184 53 52 42 27 29 20 34 41 39 19 46 24
185 334 100000 18 317 124 217 100000 28 24 231 48 121
186 24 17 24 9 23 100000 19 19 10 100000 14 19
187 76 6 54 41 70 11 15 41 9 65 39 61
188 76 4 52 66 38 52 70 100000 51 28 100000 51
189 192 100000 160 112 32 100000 58 131 39 100000 100000 98
190 98 90 25 59 45 37 10 11 66 29 53 100000
191 258 243 58 99 217 100000 100000 171 135 63 137 253
192 165 149 91 3 81 24 152 122 100000 68 139 106
193 38 100000 7 20 100000 100000 100000 10 4 16 25 24
194 115 9 102 19 100000 100000 79 100000 28 88 100000 82
195 83 30 100000 76 64 80 67 71 15 42 79 100000
196 56 100000 40 52 48 46 46 19 23 51 100000 100000
197 29 24 15 19 16 100000 12 16 19 11 20 21
198 303 67 25 255 98 300 100000 194 276 191 100000 282
199 18 7 11 12 100000 16 13 9 100000 14 100000 4
200 29 25 100000 19 25 7 100000 12 17 17 21 13
201 154 100000 67 120 85 140 137 137 151 10 108 100000
202 90 100000 4 11 16 83 100000 24 100000 100000 100000 100000
203 93 100000 34 37 35 100000 39 44 58 6 6 72
204 94 28 30 50 15 25 74 100000 48 25 61 80
205 165 40 100000 100000 34 106 100000 40 17 72 35 70
<task directions>
1 E
2 E
3 R
4 L
5 E
6 E
7 R
8 R
9 R
10 R
11 R
12 R
13 L
14 L
15 L
16 L
17 L
18 L
19 E
20 E
21 E
22 E
23 E
24 E
25 R
26 L
27 R
28 R
29 R
30 R
31 R
32 R
33 R
34 L
35 E
36 E
37 L
38 L
39 L
40 E
41 E
42 E
43 L
44 L
45 L
46 L
47 L
48 L
49 L
50 L
51 L
52 L
53 L
54 R
55 R
56 R
57 R
58 R
59 R
60 R
61 R
62 E
63 E
64 E
65 E
66 E
67 E
68 E
69 E
70 E
71 E
72 E
73 E
74 E
75 E
76 E
77 E
78 L
79 R
80 E
81 E
82 E
83 E
84 E
85 E
86 E
87 E
88 E
89 E
90 R
91 R
92 R
93 R
94 E
95 R
96 E
97 E
98 E
99 E
100 E
101 E
102 E
103 E
104 R
105 L
106 L
107 E
108 L
109 E
110 R
111 L
112 R
113 E
114 L
115 E
116 R
117 E
118 E
119 E
120 E
121 E
122 E
123 E
124 E
125 E
126 R
127 E
128 E
129 E
130 R
131 E
132 R
133 R
134 R
135 L
136 L
137 E
138 E
139 E
140 L
141 L
142 L
143 L
144 E
145 E
146 L
147 L
148 R
149 R
150 R
151 E
152 L
153 L
154 E
155 E
156 E
157 E
158 R
159 R
160 E
161 R
162 R
163 R
164 R
165 R
166 R
167 R
168 R
169 L
170 L
171 L
172 L
173 L
174 L
175 L
176 L
177 E
178 E
179 L
180 L
181 L
182 L
183 L
184 L
185 E
186 R
187 R
188 L
189 E
190 E
191 R
192 E
193 R
194 E
195 L
196 R
197 R
198 R
199 R
200 R
201 L
202 L
203 L
204 E
205 E
<precedence relations>
1,36
2,3
2,4
3,5
4,5
5,7
5,13
6,36
7,8
8,9
9,10
10,11
11,12
12,36
13,14
14,15
15,16
16,17
17,18
18,36
19,36
20,22
21,22
22,23
23,24
23,34
24,26
24,27
24,28
25,28
26,35
27,35
28,29
29,30
29,33
30,31
30,32
31,35
32,35
33,35
34,35
35,36
36,37
36,40
36,41
36,42
36,62
36,69
36,72
36,75
36,83
36,110
36,111
36,112
37,38
38,39
39,45
40,43
40,54
41,92
42,43
42,54
43,44
44,45
45,46
45,48
45,51
45,53
46,47
47,92
48,49
49,50
50,92
51,52
52,92
53,92
54,55
55,56
55,59
55,61
56,57
57,58
58,92
59,60
60,92
61,92
62,63
63,64
64,65
64,68
65,66
66,67
67,80
68,80
69,70
70,71
71,73
72,73
73,74
74,76
75,92
76,77
76,78
76,79
77,80
77,82
78,80
79,80
80,81
81,84
82,92
83,92
84,85
85,86
85,88
85,90
86,87
87,92
88,89
89,92
90,91
91,92
92,93
92,94
92,95
92,96
92,97
92,98
92,99
93,135
94,135
95,113
96,113
97,100
98,100
99,100
100,101
100,103
100,105
100,109
100,130
100,131
100,134
101,102
102,113
103,104
104,113
105,106
105,107
106,108
107,108
108,113
109,113
110,113
111,113
112,113
113,114
113,115
113,116
113,117
113,118
113,119
113,120
113,121
113,122
113,123
113,124
113,161
113,162
113,163
113,169
113,171
113,174
113,203
113,204
113,205
114,160
115,160
116,160
117,160
118,126
119,126
120,126
121,126
122,126
123,126
124,125
125,126
126,127
126,128
126,129
127,135
128,135
129,135
130,136
131,132
132,133
133,189
134,189
135,136
135,137
135,138
135,139
135,140
135,141
135,142
135,144
135,145
135,147
135,148
135,149
135,150
135,151
135,152
135,153
135,158
136,189
137,160
138,160
139,160
140,143
141,143
142,143
143,160
144,160
145,146
146,160
147,160
148,160
149,160
150,160
151,160
152,160
153,154
154,155
155,156
156,157
157,189
158,159
159,189
160,164
160,170
160,178
160,179
160,184
161,167
162,165
163,164
164,165
165,166
166,167
167,168
168,177
169,170
170,172
171,172
172,173
173,175
174,175
175,176
176,177
177,185
177,186
177,187
177,188
177,194
177,195
178,180
179,180
180,181
180,183
181,182
185,189
186,189
187,189
188,189
189,190
189,191
189,193
191,192
194,197
195,196
196,197
197,198
197,199
197,201
199,200
201,202
<end>