<number of tasks>
205
<number of mated-station>
10
<number of workers>
20
<task times>
1 692 429 91 250 15 664 471 423 637 685 429 100000 42 492 602 22 347 457 340 84
2 42 8 3 39 39 100000 25 1 100000 37 16 37 19 19 16 100000 10 29 20 28
3 261 227 6 35 238 201 100000 45 149 154 100000 82 100 199 212 152 69 227 157 173
4 261 69 100000 113 35 100000 27 139 201 167 214 149 227 100000 232 134 53 134 48 100000
5 157 141 60 40 73 126 43 54 154 102 17 31 34 62 3 3 102 18 145 43
6 90 20 70 80 42 46 35 62 72 20 13 4 75 68 86 100000 43 46 100000 10
7 54 19 52 31 49 4 10 29 48 18 41 30 33 9 2 50 19 33 4 32
8 67 27 33 17 25 21 25 26 45 67 40 19 8 51 47 15 16 66 31 26
9 30 100000 16 15 25 25 20 16 7 9 23 11 17 100000 3 12 28 9 22 24
10 106 103 58 52 50 78 100000 49 43 49 73 81 102 70 100000 66 67 42 54 30
11 32 32 18 14 13 4 18 18 7 32 2 13 3 100000 8 30 7 100000 29 24
12 62 29 13 29 18 28 16 14 15 47 60 39 60 48 45 22 54 5 18 40
13 54 2 54 8 100000 7 14 52 31 18 36 14 18 100000 51 5 100000 20 24 52
14 67 58 55 10 31 19 12 38 33 100000 45 3 39 21 65 20 38 65 4 41
15 30 24 8 8 9 11 4 29 19 16 8 11 13 24 4 16 5 2 29 26
16 106 27 15 46 71 30 37 5 55 100000 93 17 84 76 18 101 12 106 3 100
17 32 21 12 31 19 100000 31 12 23 25 5 17 28 26 8 21 25 6 13 27
18 62 26 10 100000 30 41 45 54 16 7 2 30 5 22 16 5 40 100000 38 100000
19 56 27 26 41 4 19 55 100000 14 48 3 30 33 100000 7 36 31 100000 100000 100000
20 67 41 17 24 60 25 56 12 100000 10 27 2 100000 62 19 45 11 17 24 37
21 86 100000 68 80 10 100000 15 10 84 81 17 30 100000 75 83 64 37 19 10 26
22 37 11 27 18 37 10 17 21 4 10 14 20 11 34 3 5 24 35 11 24
23 41 3 28 37 40 26 41 100000 9 19 39 27 31 25 100000 100000 11 31 23 15
24 72 100000 3 61 25 30 44 8 35 7 71 71 22 37 61 70 24 17 100000 22
25 86 27 24 28 51 37 100000 18 32 10 80 10 83 13 38 35 12 63 70 2
26 16 6 4 7 15 12 3 6 4 9 4 100000 7 10 1 12 6 10 6 10
27 51 32 10 22 4 19 18 45 4 31 47 4 49 6 6 44 100000 21 2 100000
28 66 22 60 56 54 44 13 62 100000 100000 8 36 32 24 17 9 12 5 45 2
29 41 18 15 1 29 26 13 5 23 13 17 13 29 35 22 19 23 15 1 4
30 72 26 72 72 40 61 100000 100000 52 100000 24 63 100000 34 14 71 53 7 17 51
31 51 100000 46 7 18 31 43 8 42 2 8 26 2 48 5 11 22 100000 9 38
32 16 12 11 16 14 5 6 7 4 5 100000 4 6 100000 13 4 15 11 12 9
33 15 2 14 14 5 2 15 100000 14 11 15 11 13 5 9 100000 2 13 5 10
34 15 7 12 14 14 8 5 13 12 12 13 10 5 12 2 8 14 5 13 4
35 85 32 77 77 63 82 28 45 37 51 43 24 81 79 57 54 40 46 67 100000
36 59 52 32 33 57 54 9 17 24 33 100000 30 51 26 28 29 21 25 58 100000
37 23 100000 21 9 10 19 8 7 100000 9 20 100000 9 14 22 14 18 3 2 3
38 13 8 5 100000 8 8 100000 2 1 6 4 13 8 2 7 13 5 10 7 7
39 19 15 4 11 17 19 100000 5 2 18 14 6 100000 100000 13 19 9 12 14 3
40 108 30 21 97 12 108 25 100000 37 66 59 27 88 71 6 29 82 100000 94 108
41 214 46 129 186 212 201 67 100000 71 37 100000 63 176 10 46 146 95 165 50 144
42 80 25 74 31 29 100000 39 100000 10 100000 18 44 59 15 6 49 18 31 3 40
43 37 8 30 2 24 9 27 35 3 24 13 8 10 29 9 22 33 27 3 37
44 84 28 18 72 22 8 4 61 70 28 33 28 100000 45 100000 16 76 2 42 84
45 18 100000 18 5 15 9 3 6 8 16 8 6 6 18 14 8 7 12 16 17
46 12 9 9 9 10 9 11 100000 8 9 11 2 9 6 3 9 7 3 100000 7
47 29 100000 6 18 22 7 16 12 13 18 12 17 2 16 12 8 17 2 5 24
48 37 100000 8 7 25 11 11 25 11 100000 15 100000 17 100000 8 6 30 2 19 37
49 13 7 9 100000 13 100000 2 2 4 6 11 7 10 2 4 8 13 10 100000 2
50 70 18 53 36 62 24 60 2 55 62 68 50 63 53 12 65 100000 58 4 100000
51 217 12 55 178 100000 217 174 29 57 83 141 100 36 96 44 94 18 193 100000 159
52 72 22 67 100000 35 37 62 52 49 36 71 50 52 5 14 62 52 6 58 15
53 85 60 100000 49 59 100000 67 2 85 47 45 37 25 6 2 55 21 42 72 80
54 43 32 33 30 14 34 31 4 6 10 33 26 7 100000 35 8 25 100000 10 24
55 97 71 14 5 100000 16 72 51 15 64 77 93 63 24 90 82 97 29 60 61
56 37 19 15 35 2 36 12 23 34 18 14 17 35 16 17 31 23 34 22 11
57 13 7 6 7 5 12 100000 12 8 100000 5 1 4 11 7 1 10 12 8 8
58 35 16 20 20 100000 27 100000 10 24 17 19 6 100000 24 9 24 5 25 8 8
59 217 33 3 100000 157 40 137 124 193 100000 7 109 87 103 174 100000 57 135 148 157
60 72 39 71 37 39 61 70 60 100000 61 100000 37 70 43 24 12 17 68 7 37
61 85 77 21 47 12 100000 30 56 64 16 3 36 100000 25 44 4 61 85 25 40
62 25 15 1 100000 100000 25 5 18 7 6 100000 9 19 19 100000 7 19 7 12 8
63 37 28 31 6 27 25 31 31 100000 33 36 33 7 24 7 11 32 23 22 25
64 37 25 9 22 6 29 100000 22 100000 15 17 29 100000 4 100000 100000 20 100000 12 22
65 103 25 31 60 100000 102 91 103 9 73 55 30 7 27 16 42 35 3 97 102
66 140 52 97 119 77 123 5 100000 58 39 40 68 115 129 75 122 100000 45 87 94
67 49 25 15 100000 7 27 31 42 47 8 4 13 14 30 34 12 16 21 17 32
68 35 13 24 34 3 19 15 33 11 5 23 24 15 100000 18 11 12 2 100000 30
69 51 21 3 28 31 100000 32 49 20 100000 100000 41 18 21 42 23 12 32 31 19
70 88 11 65 69 8 31 85 44 65 4 48 4 48 50 2 18 62 13 100000 80
71 53 44 37 34 14 35 31 8 35 39 5 37 50 26 36 47 11 53 52 26
72 144 61 105 110 130 84 48 100000 88 100000 78 98 35 21 52 77 120 75 60 100000
73 337 51 14 176 58 92 159 169 337 35 119 82 35 132 41 300 115 95 82 297
74 107 100000 2 18 100000 86 64 100000 70 32 100000 55 3 90 46 37 44 3 21 67
75 371 45 71 34 100000 208 238 330 264 100000 293 138 360 42 108 253 364 327 49 356
76 97 47 34 22 25 87 100000 47 12 71 100000 27 88 92 57 61 78 28 10 68
77 166 64 6 131 51 60 151 60 136 6 95 55 154 8 92 36 100000 93 3 26
78 92 67 43 100000 52 18 6 7 48 67 72 86 71 44 29 63 23 81 88 77
79 92 78 47 83 73 12 67 12 86 25 10 57 28 100000 42 74 19 100000 42 64
80 106 83 51 57 100000 100000 7 17 100000 7 91 92 89 100000 72 98 98 27 85 38
81 49 6 32 18 45 41 6 29 8 100000 5 19 13 19 20 33 45 2 40 100000
82 92 100000 72 74 9 80 62 30 87 71 64 47 100000 11 52 51 66 87 100000 87
83 371 182 45 182 301 190 16 212 79 179 42 223 127 308 38 68 60 100000 308 242
84 87 34 76 58 55 30 60 66 53 26 75 65 51 37 51 100000 45 66 46 23
85 162 53 99 100000 156 4 151 104 82 7 143 141 154 100000 6 12 28 25 107 14
86 96 65 91 4 91 4 16 52 80 28 44 32 71 69 14 100000 48 89 69 21
87 79 13 15 23 66 27 4 75 52 60 6 15 59 79 71 60 100000 60 100000 64
88 96 92 75 6 55 75 100000 38 7 11 75 46 43 38 2 77 88 51 93 77
89 42 11 8 18 100000 37 23 8 1 11 16 19 33 8 26 10 9 31 9 6
90 88 57 68 100000 44 75 18 65 38 69 30 31 20 78 19 2 40 48 83 5
91 90 3 24 100000 30 57 31 88 38 86 10 5 87 16 17 59 59 14 83 49
92 97 17 21 74 58 5 72 100000 89 59 22 17 2 15 85 40 59 8 100000 52
93 270 146 49 25 157 12 200 71 47 184 222 100000 100000 68 44 149 179 165 160 100000
94 452 91 267 330 6 362 398 380 163 402 263 177 330 109 100000 236 398 91 118 10
95 48 44 18 15 38 42 18 26 30 17 15 23 25 34 38 10 28 13 7 47
96 338 213 304 308 25 100000 129 308 217 183 68 304 100000 170 321 335 287 18 217 331
97 34 27 12 32 16 31 7 19 24 100000 24 100000 100000 25 10 17 2 5 28 21
98 65 9 47 100000 21 15 100000 100000 35 13 40 23 37 100000 48 100000 10 100000 20 64
99 50 29 27 42 19 5 25 40 100000 43 41 17 42 11 25 24 9 26 10 38
100 112 111 80 23 100000 75 72 92 51 86 86 20 33 18 27 80 66 28 92 69
101 48 14 45 38 39 22 34 12 44 30 100000 19 29 12 37 43 10 21 48 22
102 117 13 101 40 38 64 68 27 64 51 36 105 35 13 31 85 44 44 100000 13
103 50 12 32 12 100000 41 26 100000 41 9 100000 100000 10 16 4 21 40 21 19 35
104 68 100000 10 100000 57 34 44 100000 100000 4 5 49 6 47 100000 50 63 39 35 20
105 232 135 100000 167 100000 193 140 181 135 10 100000 144 93 156 19 54 52 100 172 147
106 122 32 112 101 77 19 64 110 100000 105 64 65 63 43 72 74 9 115 42 41
107 151 62 25 100000 97 100000 10 139 30 28 7 121 109 73 31 100000 18 132 100000 67
108 31 6 26 15 13 17 27 20 8 16 14 6 15 20 12 28 25 27 16 31
109 97 36 12 63 91 52 10 38 7 13 59 23 15 70 55 25 89 25 40 78
110 308 100000 194 136 296 136 244 155 65 41 100000 50 158 176 130 100000 308 219 62 191
111 116 83 2 31 100000 99 46 30 100000 17 102 100000 100000 93 18 111 75 105 17 6
112 312 293 300 181 309 32 256 175 100000 76 38 29 100000 82 100000 60 281 175 265 63
113 34 14 100000 1 100000 15 25 100000 9 32 28 8 24 18 21 30 100000 23 15 13
114 128 118 49 53 123 45 39 14 100000 47 31 67 85 12 101 52 40 120 100000 120
115 54 39 39 20 22 16 2 100000 19 22 25 8 12 16 100000 40 22 41 53 7
116 175 100000 100000 29 18 166 100000 121 147 97 159 62 105 100 100000 85 100000 76 123 78
117 55 10 100000 4 37 15 42 26 9 25 43 45 12 40 100000 100000 45 100000 40 17
118 306 169 202 236 202 169 100000 22 47 144 300 178 83 38 294 100000 202 117 100000 160
119 59 36 14 2 100000 11 4 7 49 100000 50 20 59 27 55 51 34 100000 38 22
120 59 9 3 19 20 49 39 100000 47 57 42 100000 31 36 33 20 59 54 2 100000
121 66 53 6 100000 26 5 11 35 55 21 31 14 19 52 48 18 53 55 54 61
122 66 47 58 100000 14 28 100000 52 100000 100000 11 100000 100000 100000 32 100000 40 60 14 19
123 23 20 3 20 14 17 21 21 15 8 18 13 100000 22 2 16 18 15 21 18
124 244 6 135 13 37 225 105 123 28 120 3 220 208 123 100000 47 62 220 84 8
125 54 100000 43 12 35 46 41 33 11 43 100000 23 18 2 16 28 100000 45 30 22
126 294 100000 180 265 57 16 209 45 42 148 109 241 100000 244 250 271 212 127 153 197
127 84 84 29 47 19 100000 61 21 53 55 70 61 26 54 18 29 40 28 100000 72
128 61 17 20 17 100000 29 25 44 39 100000 33 26 31 38 18 3 42 53 49 48
129 57 18 5 22 23 15 27 11 40 43 43 36 2 30 100000 55 45 12 13 47
130 38 7 26 100000 9 26 24 4 4 20 14 27 10 11 14 1 100000 11 32 11
131 944 265 350 595 397 680 491 95 425 463 793 435 567 727 425 95 765 114 86 689
132 511 266 100000 266 11 501 100000 409 225 338 100000 440 455 348 368 47 353 363 307 123
133 625 301 619 307 332 276 319 100000 400 581 413 95 506 232 100000 301 400 194 463 544
134 445 343 152 441 100000 54 41 156 100000 152 148 356 294 361 72 94 441 143 298 361
135 68 41 43 57 16 59 30 59 43 61 68 45 11 34 47 57 56 3 65 57
136 53 35 27 47 42 26 10 46 41 32 33 43 26 100000 100000 41 37 25 16 32
137 49 19 12 4 7 45 45 100000 2 49 23 11 22 48 100000 11 31 33 37 23
138 92 86 75 43 10 59 11 36 19 51 49 88 34 100000 68 75 82 71 63 47
139 236 48 210 213 224 158 191 140 111 76 121 210 182 88 100000 130 224 34 100 100
140 116 16 33 100000 113 100000 85 60 41 15 54 7 93 114 100000 86 100000 90 22 64
141 265 204 19 19 59 72 104 212 136 100000 191 100000 228 19 100000 25 100000 12 167 93
142 149 105 133 10 23 28 8 16 26 100000 48 16 139 137 26 17 82 116 91 146
143 74 100000 59 28 13 65 64 44 48 6 55 29 43 8 70 52 43 43 19 2
144 332 246 180 262 61 147 256 130 143 100000 100000 272 100000 272 253 47 137 170 87 193
145 324 124 146 276 318 179 188 49 95 33 100000 82 179 318 227 204 14 88 259 282
146 104 81 10 91 34 15 14 44 37 100000 54 100000 81 91 22 80 100000 96 61 74
147 51 46 44 29 11 22 4 12 17 18 11 50 5 28 23 5 27 13 10 37
148 58 23 100000 41 9 46 7 55 20 32 100000 6 100000 100000 35 20 100000 23 35 39
149 67 100000 6 39 54 56 2 8 28 13 64 13 2 100000 16 31 11 35 48 17
150 49 45 100000 2 41 47 14 32 28 8 43 32 48 5 100000 8 16 17 40 12
151 107 35 25 75 8 70 7 26 89 69 85 60 44 82 6 14 102 64 92 22
152 38 14 23 36 35 30 13 100000 100000 9 15 4 19 9 18 100000 16 12 20 37
153 27 23 4 100000 26 15 4 3 1 2 3 23 16 16 4 23 1 7 13 1
154 68 18 8 37 39 8 63 10 51 44 39 34 58 64 28 53 28 56 4 2
155 207 57 164 106 164 17 46 65 131 191 46 164 79 160 100000 90 188 153 26 139
156 202 134 100000 110 17 112 71 15 85 67 81 150 27 3 100000 200 102 126 11 57
157 83 50 48 49 38 69 3 34 31 100000 70 42 73 17 65 11 60 17 50 9
158 35 10 100000 6 33 100000 35 100000 35 14 5 21 2 14 100000 13 12 3 24 34
159 58 49 30 52 51 28 24 100000 56 47 50 100000 51 100000 52 52 100000 53 11 21
160 42 9 20 32 100000 25 15 35 30 27 11 9 15 42 12 41 36 8 14 19
161 68 43 17 67 7 100000 66 100000 18 2 28 17 40 32 100000 100000 67 14 65 37
162 68 2 44 32 47 14 26 64 21 55 47 64 56 100000 45 56 4 26 7 46
163 68 12 67 10 21 11 10 64 32 53 17 42 66 34 64 45 42 18 43 20
164 103 24 102 68 100000 86 9 100000 101 29 64 75 11 51 35 22 31 100000 78 90
165 103 100000 100000 61 25 89 86 100000 74 55 31 8 92 91 72 38 40 56 5 22
166 103 82 50 32 27 100000 44 15 58 61 100000 55 96 31 89 41 52 55 69 42
167 103 100000 56 35 43 100000 59 102 91 70 100000 25 39 89 23 76 100000 4 89 20
168 103 80 54 10 37 100000 78 7 3 76 100000 70 82 21 50 8 100000 74 14 18
169 68 65 54 51 5 17 58 57 25 28 64 8 36 100000 37 37 32 11 48 28
170 103 100000 45 45 2 20 37 45 71 98 90 64 91 73 100000 23 11 59 51 65
171 68 30 55 47 49 100000 26 30 24 29 42 10 61 100000 32 37 41 20 28 51
172 103 51 24 50 35 96 100000 88 35 46 72 20 2 72 38 5 84 14 93 100000
173 103 93 60 102 2 66 14 66 55 63 67 37 25 73 64 100 100000 100000 49 103
174 68 53 2 10 100000 4 63 65 22 40 43 38 43 47 38 14 26 58 64 51
175 103 55 91 88 100000 67 87 71 49 83 43 83 74 57 5 60 49 5 7 86
176 103 43 100000 8 58 28 27 29 57 55 2 9 54 21 75 3 48 63 87 70
177 10 6 9 10 9 10 100000 100000 5 1 7 5 4 10 6 6 3 3 100000 6
178 187 8 172 79 109 5 72 83 59 137 159 48 183 70 111 100000 178 48 168 101
179 134 100000 109 134 71 87 22 36 28 81 60 100000 113 48 100000 114 133 115 53 29
180 89 27 23 81 21 14 15 84 12 48 82 100000 55 55 47 17 49 37 75 47
181 58 33 27 33 36 56 54 57 14 51 19 53 14 41 100000 52 20 48 42 8
182 49 8 41 34 26 100000 40 37 36 49 27 1 26 100000 5 41 38 42 48 3
183 134 69 127 34 134 13 97 25 115 131 73 94 100000 77 34 119 8 129 117 38
184 53 100000 49 18 31 35 34 5 45 50 44 50 18 100000 4 16 6 37 19 6
185 334 251 181 134 84 124 174 251 71 281 28 207 144 98 184 131 100000 151 38 257
186 24 9 5 18 12 18 14 9 2 2 16 20 3 15 7 6 6 5 23 6
187 76 73 41 9 22 36 26 12 3 33 30 10 33 54 39 12 19 49 36 3
188 76 43 26 62 60 5 100000 28 56 54 8 35 32 76 68 9 52 23 2 9
189 192 102 30 133 54 45 184 32 167 135 20 184 62 14 3 154 181 68 83 139
190 98 30 28 50 82 16 41 69 96 7 80 96 31 84 2 43 82 98 17 73
191 258 240 114 68 29 160 232 189 100000 104 58 186 34 124 178 104 22 6 100000 104
192 165 34 98 52 157 106 60 49 16 100000 111 12 131 140 88 158 145 111 32 100000
193 38 6 16 100000 35 2 38 30 34 9 23 15 35 34 14 100000 19 100000 1 8
194 115 75 17 32 69 76 27 35 7 100000 100000 64 3 93 82 82 51 61 100000 14
195 83 9 27 44 66 12 5 61 17 35 38 41 27 35 66 49 47 47 100000 51
196 56 29 22 8 35 100000 53 100000 30 52 100000 32 8 13 50 45 9 23 14 37
197 29 12 100000 21 16 9 10 22 100000 19 29 16 17 13 27 8 21 24 100000 3
198 303 16 200 240 267 255 276 146 92 221 49 100000 294 122 258 31 100000 206 167 276
199 18 1 13 8 9 12 17 100000 17 12 17 11 15 100000 3 100000 6 9 9 2
200 29 100000 24 16 23 18 29 6 100000 13 20 17 19 4 14 27 17 10 21 8
201 154 51 16 142 64 100000 90 15 68 151 51 67 151 47 71 42 125 87 27 30
202 90 24 100000 46 24 100000 65 57 21 40 86 81 100000 46 25 12 49 53 70 62
203 93 76 15 100000 100000 7 76 50 100000 55 86 48 41 2 88 100000 100000 16 87 100000
204 94 100000 4 39 15 100000 20 54 65 5 44 30 100000 78 100000 100000 21 78 6 82
205 165 100000 68 98 147 121 98 72 21 31 17 24 98 11 24 145 158 55 34 52
<task directions>
1 E
2 E
3 R
4 L
5 E
6 E
7 R
8 R
9 R
10 R
11 R
12 R
13 L
14 L
15 L
16 L
17 L
18 L
19 E
20 E
21 E
22 E
23 E
24 E
25 R
26 L
27 R
28 R
29 R
30 R
31 R
32 R
33 R
34 L
35 E
36 E
37 L
38 L
39 L
40 E
41 E
42 E
43 L
44 L
45 L
46 L
47 L
48 L
49 L
50 L
51 L
52 L
53 L
54 R
55 R
56 R
57 R
58 R
59 R
60 R
61 R
62 E
63 E
64 E
65 E
66 E
67 E
68 E
69 E
70 E
71 E
72 E
73 E
74 E
75 E
76 E
77 E
78 L
79 R
80 E
81 E
82 E
83 E
84 E
85 E
86 E
87 E
88 E
89 E
90 R
91 R
92 R
93 R
94 E
95 R
96 E
97 E
98 E
99 E
100 E
101 E
102 E
103 E
104 R
105 L
106 L
107 E
108 L
109 E
110 R
111 L
112 R
113 E
114 L
115 E
116 R
117 E
118 E
119 E
120 E
121 E
122 E
123 E
124 E
125 E
126 R
127 E
128 E
129 E
130 R
131 E
132 R
133 R
134 R
135 L
136 L
137 E
138 E
139 E
140 L
141 L
142 L
143 L
144 E
145 E
146 L
147 L
148 R
149 R
150 R
151 E
152 L
153 L
154 E
155 E
156 E
157 E
158 R
159 R
160 E
161 R
162 R
163 R
164 R
165 R
166 R
167 R
168 R
169 L
170 L
171 L
172 L
173 L
174 L
175 L
176 L
177 E
178 E
179 L
180 L
181 L
182 L
183 L
184 L
185 E
186 R
187 R
188 L
189 E
190 E
191 R
192 E
193 R
194 E
195 L
196 R
197 R
198 R
199 R
200 R
201 L
202 L
203 L
204 E
205 E
<precedence relations>
1,36
2,3
2,4
3,5
4,5
5,7
5,13
6,36
7,8
8,9
9,10
10,11
11,12
12,36
13,14
14,15
15,16
16,17
17,18
18,36
19,36
20,22
21,22
22,23
23,24
23,34
24,26
24,27
24,28
25,28
26,35
27,35
28,29
29,30
29,33
30,31
30,32
31,35
32,35
33,35
34,35
35,36
36,37
36,40
36,41
36,42
36,62
36,69
36,72
36,75
36,83
36,110
36,111
36,112
37,38
38,39
39,45
40,43
40,54
41,92
42,43
42,54
43,44
44,45
45,46
45,48
45,51
45,53
46,47
47,92
48,49
49,50
50,92
51,52
52,92
53,92
54,55
55,56
55,59
55,61
56,57
57,58
58,92
59,60
60,92
61,92
62,63
63,64
64,65
64,68
65,66
66,67
67,80
68,80
69,70
70,71
71,73
72,73
73,74
74,76
75,92
76,77
76,78
76,79
77,80
77,82
78,80
79,80
80,81
81,84
82,92
83,92
84,85
85,86
85,88
85,90
86,87
87,92
88,89
89,92
90,91
91,92
92,93
92,94
92,95
92,96
92,97
92,98
92,99
93,135
94,135
95,113
96,113
97,100
98,100
99,100
100,101
100,103
100,105
100,109
100,130
100,131
100,134
101,102
102,113
103,104
104,113
105,106
105,107
106,108
107,108
108,113
109,113
110,113
111,113
112,113
113,114
113,115
113,116
113,117
113,118
113,119
113,120
113,121
113,122
113,123
113,124
113,161
113,162
113,163
113,169
113,171
113,174
113,203
113,204
113,205
114,160
115,160
116,160
117,160
118,126
119,126
120,126
121,126
122,126
123,126
124,125
125,126
126,127
126,128
126,129
127,135
128,135
129,135
130,136
131,132
132,133
133,189
134,189
135,136
135,137
135,138
135,139
135,140
135,141
135,142
135,144
135,145
135,147
135,148
135,149
135,150
135,151
135,152
135,153
135,158
136,189
137,160
138,160
139,160
140,143
141,143
142,143
143,160
144,160
145,146
146,160
147,160
148,160
149,160
150,160
151,160
152,160
153,154
154,155
155,156
156,157
157,189
158,159
159,189
160,164
160,170
160,178
160,179
160,184
161,167
162,165
163,164
164,165
165,166
166,167
167,168
168,177
169,170
170,172
171,172
172,173
173,175
174,175
175,176
176,177
177,185
177,186
177,187
177,188
177,194
177,195
178,180
179,180
180,181
180,183
181,182
185,189
186,189
187,189
188,189
189,190
189,191
189,193
191,192
194,197
195,196
196,197
197,198
197,199
197,201
199,200
201,202
<end>