<number of tasks>
205
<number of mated-station>
14
<number of workers>
28
<task times>
1 692 429 194 602 277 423 485 505 125 423 429 188 229 492 63 505 395 22 98 100000 602 533 270 664 333 505 505 381
2 42 3 3 41 17 41 39 33 19 20 10 23 28 23 100000 38 22 8 10 22 31 29 1 34 16 10 11 14
3 261 123 152 251 139 97 193 37 100000 162 87 157 22 100000 45 45 173 193 32 76 123 128 175 253 196 32 100000 175
4 261 162 245 180 183 76 214 245 141 222 204 24 100000 97 35 175 48 175 22 139 100 222 191 115 136 165 253 100000
5 157 100000 100000 116 20 123 110 118 29 100000 95 100000 38 6 146 100000 52 74 54 87 26 49 112 100000 107 90 95 151
6 90 65 21 12 9 51 88 25 66 78 38 73 75 15 21 17 40 48 62 2 28 50 62 100000 12 36 33 40
7 54 16 100000 8 3 100000 24 100000 13 4 20 17 52 27 8 100000 51 27 11 29 100000 28 38 21 14 33 18 52
8 67 33 12 26 49 64 45 7 16 15 20 61 39 52 49 100000 51 19 10 27 49 27 12 59 52 17 49 41
9 30 3 23 27 16 2 28 3 6 15 23 29 100000 100000 11 13 23 24 22 7 13 23 17 24 8 3 100000 23
10 106 42 20 55 36 83 3 49 88 51 84 40 50 100000 100000 2 12 100000 83 79 100000 58 28 51 4 65 78 18
11 32 19 8 17 16 100000 9 14 16 2 100000 9 100000 100000 14 9 31 27 22 30 2 5 5 27 9 3 24 27
12 62 9 100000 3 41 42 40 61 50 2 58 24 19 23 45 19 100000 46 50 58 24 22 9 12 58 100000 10 55
13 54 38 30 6 14 17 15 100000 21 42 35 25 15 16 100000 8 49 45 4 100000 100000 12 9 39 44 24 39 39
14 67 18 38 18 100000 45 100000 23 66 100000 13 22 31 35 48 37 25 51 58 55 100000 23 3 54 64 12 46 8
15 30 20 4 6 27 29 25 24 8 29 12 100000 16 3 22 29 14 7 9 23 13 29 19 11 23 9 2 3
16 106 20 13 47 17 3 46 84 100000 45 100000 17 60 80 100000 92 87 39 61 80 19 81 64 106 100000 75 46 27
17 32 8 27 21 100000 4 22 27 29 5 2 30 16 7 4 25 10 9 24 100000 29 8 24 29 20 100000 21 3
18 62 33 17 17 51 100000 32 100000 55 48 32 45 15 27 27 57 32 58 37 20 49 100000 100000 44 38 4 3 3
19 56 3 13 15 33 54 55 43 11 40 3 56 36 45 16 100000 9 46 19 6 8 30 14 49 100000 10 52 32
20 67 44 39 34 58 25 3 66 100000 46 11 56 39 21 33 31 19 21 13 4 22 31 55 12 100000 53 8 15
21 86 47 31 55 64 39 49 100000 34 100000 73 36 2 15 73 59 30 82 66 62 27 18 70 100000 25 83 27 78
22 37 11 15 34 100000 19 20 27 21 20 32 100000 23 21 3 36 13 37 21 3 10 37 19 22 11 9 11 30
23 41 17 37 29 36 5 27 28 31 31 10 26 13 19 15 39 27 100000 8 34 100000 28 100000 29 8 34 14 26
24 72 54 34 68 42 61 72 31 14 16 34 14 14 49 4 19 26 37 61 20 27 100000 100000 34 28 48 61 24
25 86 55 59 27 100000 15 86 60 53 46 44 38 41 60 79 53 60 68 30 53 44 66 33 31 15 2 46 18
26 16 100000 2 15 11 7 9 10 2 5 9 100000 4 7 15 8 13 4 10 4 10 15 6 16 8 14 9 5
27 51 32 14 2 41 38 44 100000 11 33 20 26 12 49 5 100000 100000 25 30 28 37 100000 12 46 9 17 37 6
28 66 25 13 64 63 52 14 17 26 11 7 22 34 66 54 27 58 63 48 21 30 39 9 13 55 63 21 9
29 41 100000 14 10 5 27 5 22 10 100000 39 8 18 33 23 34 35 32 3 13 31 3 5 39 11 9 22 39
30 72 100000 49 23 51 54 59 12 66 57 26 28 39 100000 49 40 6 46 17 63 41 24 100000 37 46 41 53 14
31 51 50 100000 23 9 8 50 3 44 28 22 8 36 21 100000 26 12 51 50 14 6 100000 27 28 49 33 100000 38
32 16 9 4 4 100000 1 100000 100000 5 2 4 13 15 15 10 16 7 6 10 5 12 15 12 11 7 8 5 9
33 15 11 12 15 8 100000 100000 100000 3 4 100000 8 5 12 100000 10 12 2 8 12 4 14 5 11 13 13 7 7
34 15 5 7 10 14 15 14 10 100000 14 5 5 14 12 12 6 9 8 6 7 3 12 1 5 5 11 5 10
35 85 40 78 58 40 55 32 76 40 32 48 56 19 49 5 17 28 37 30 65 29 50 77 74 72 72 25 25
36 59 49 100000 49 35 24 49 11 28 32 17 49 2 100000 50 56 56 14 44 24 4 4 52 28 14 26 50 36
37 23 21 16 2 7 22 100000 9 12 18 7 19 4 13 14 19 100000 11 7 17 12 20 100000 100000 20 15 100000 20
38 13 9 100000 3 4 7 7 3 13 13 100000 13 6 6 3 3 10 1 10 8 10 13 2 11 2 13 12 11
39 19 16 2 4 7 7 100000 12 3 2 4 1 10 8 7 14 100000 9 4 16 16 12 15 15 2 11 6 13
40 108 100000 84 93 75 8 63 35 93 13 47 100000 45 46 73 77 99 36 6 79 90 94 61 81 46 75 101 58
41 214 133 71 199 167 212 105 44 100000 165 103 131 69 142 80 100000 100000 154 18 180 3 80 165 203 46 163 133 178
42 80 45 4 37 79 73 100000 11 45 39 100000 100000 66 20 22 55 100000 45 59 100000 37 59 79 59 29 40 76 2
43 37 37 23 9 28 11 16 100000 2 100000 20 35 28 35 9 20 29 20 21 7 22 7 28 20 32 3 25 15
44 84 2 44 12 33 62 15 84 49 74 72 7 67 100000 33 100000 100000 9 100000 6 7 42 21 2 39 7 44 52
45 18 12 2 2 10 14 17 12 15 3 100000 16 16 5 14 15 8 12 5 9 2 9 16 100000 15 15 3 18
46 12 5 3 9 5 11 12 2 3 4 5 2 100000 100000 4 5 100000 12 11 8 12 6 3 4 1 5 11 12
47 29 14 19 19 14 12 4 2 1 14 26 9 25 25 18 26 25 24 27 20 100000 23 5 16 12 25 15 100000
48 37 24 31 32 4 34 100000 21 11 100000 32 8 4 24 29 3 23 2 22 100000 31 8 8 29 5 6 7 20
49 13 8 7 3 3 6 7 1 7 11 9 6 5 11 5 9 4 8 2 5 10 100000 100000 8 13 9 100000 13
50 70 5 100000 100000 17 42 65 15 4 29 59 42 56 49 7 100000 100000 49 4 100000 22 28 12 69 54 100000 46 37
51 217 165 167 202 133 100000 150 100000 55 148 40 178 42 118 198 79 128 107 51 33 70 128 74 20 23 128 120 100000
52 72 12 35 71 100000 32 27 2 22 31 42 7 40 15 51 49 56 29 66 63 8 27 24 3 43 44 44 44
53 85 44 62 49 24 51 10 44 9 4 59 41 51 68 44 30 7 39 39 39 17 72 100000 29 27 71 83 26
54 43 22 28 20 5 100000 19 25 30 26 34 16 28 38 16 1 5 24 100000 35 100000 4 100000 39 11 18 26 34
55 97 76 28 25 37 36 68 73 80 76 31 57 64 100000 50 51 97 48 59 96 20 86 21 89 46 62 85 63
56 37 24 4 21 36 33 10 11 4 13 4 31 32 22 6 100000 22 19 32 9 10 36 15 25 29 34 9 100000
57 13 8 6 4 8 100000 5 7 10 13 9 6 6 100000 6 5 7 100000 8 100000 8 9 3 9 10 5 4 12
58 35 19 27 20 32 4 10 28 15 31 26 18 13 21 31 21 23 24 4 14 100000 31 35 16 100000 30 22 24
59 217 122 139 182 83 157 150 100 98 204 59 96 118 163 3 23 90 12 68 31 204 44 144 46 163 122 137 206
60 72 28 49 55 27 43 38 10 10 16 49 14 18 34 40 38 17 22 61 49 67 51 19 71 37 2 62 41
61 85 16 2 59 14 67 65 62 83 100000 41 61 75 100000 57 80 69 27 100000 42 45 19 20 28 70 23 65 82
62 25 7 24 22 15 21 9 8 8 9 20 6 20 7 17 13 7 6 11 22 6 14 4 14 22 100000 21 25
63 37 28 27 25 100000 36 26 7 21 25 23 8 29 5 13 6 9 15 2 28 10 33 29 8 4 100000 16 15
64 37 17 8 21 14 5 35 32 2 35 35 33 37 28 29 17 100000 36 14 6 9 18 25 32 34 14 24 30
65 103 3 74 54 71 84 101 100000 30 71 40 38 75 99 27 98 59 52 96 3 86 50 40 15 52 78 100000 87
66 140 14 18 100000 134 139 57 72 100000 97 100000 132 54 105 11 115 29 118 57 130 58 100000 34 32 71 36 40 91
67 49 24 33 100000 11 22 27 13 12 100000 8 18 12 25 100000 34 100000 36 47 17 7 20 34 13 100000 41 100000 43
68 35 17 35 4 7 18 4 11 100000 27 25 28 24 14 26 5 31 4 26 19 10 6 33 18 22 32 21 23
69 51 29 2 43 18 4 24 29 31 51 29 32 21 50 19 100000 22 17 32 38 6 9 100000 18 49 49 48 29
70 88 63 61 3 27 34 45 80 51 37 23 63 19 45 80 80 61 53 31 63 50 6 73 28 38 20 74 3
71 53 25 34 37 8 15 100000 41 13 7 34 33 22 47 12 100000 15 53 50 13 17 5 22 15 22 36 43 50
72 144 75 120 135 100000 50 100000 37 18 115 44 95 103 133 111 93 100000 107 107 111 100000 131 120 90 97 100000 100000 120
73 337 189 297 100000 290 115 102 100000 35 51 100000 100000 213 152 122 277 196 78 169 51 105 300 100000 166 38 105 226 233
74 107 84 4 46 57 68 82 24 31 30 12 103 67 100000 89 53 100000 87 68 100 37 19 33 34 95 18 52 24
75 371 197 179 282 238 208 264 45 223 20 341 160 168 323 353 8 164 116 341 216 364 182 164 168 219 90 308 71
76 97 87 74 32 62 88 87 73 78 75 83 100000 77 51 69 6 59 94 94 80 62 67 86 69 4 100000 83 50
77 166 93 32 108 151 154 98 88 59 16 118 74 65 140 115 100000 79 131 46 49 75 29 113 67 9 154 42 100
78 92 47 61 27 79 38 45 60 3 6 73 5 51 15 35 26 100000 100000 30 9 37 57 69 51 3 7 54 70
79 92 27 100000 87 57 23 18 61 31 43 69 31 72 58 7 17 68 89 100000 9 29 76 100000 100000 76 60 76 18
80 106 100000 4 12 73 4 89 103 51 28 38 12 9 5 101 96 39 54 39 46 80 21 59 43 83 68 24 100000
81 49 15 8 39 12 3 38 9 37 36 40 100000 16 25 35 33 100000 40 41 8 15 100000 9 24 14 34 38 48
82 92 100000 31 92 14 70 3 86 36 16 32 36 88 26 63 71 20 75 70 28 34 81 67 86 47 92 91 25
83 371 271 219 100000 119 149 279 216 267 327 100000 271 68 371 356 175 71 275 316 100000 367 234 208 205 327 275 34 34
84 87 100000 9 75 100000 84 100000 100000 78 83 100000 12 78 26 59 85 66 64 61 7 5 38 74 4 43 3 72 47
85 162 135 138 151 100000 122 100000 4 27 59 14 38 57 130 57 82 85 156 64 73 59 100000 96 53 93 106 101 104
86 96 91 62 77 58 21 8 27 41 54 38 59 100000 12 33 68 14 44 71 81 71 85 92 49 43 100000 31 32
87 79 38 35 67 16 30 70 61 15 13 31 57 23 51 35 79 29 55 38 10 15 100000 100000 45 6 74 21 48
88 96 91 47 73 16 62 88 100000 72 30 93 82 11 73 83 34 100000 34 65 2 70 100000 100000 84 25 30 89 100000
89 42 33 35 100000 24 10 100000 3 26 19 16 18 14 22 22 40 16 10 20 3 100000 100000 32 18 8 36 34 22
90 88 36 85 72 62 78 85 7 18 10 85 100000 71 80 35 70 4 31 100000 61 35 45 67 72 12 77 53 78
91 90 55 80 87 78 59 6 81 9 43 74 62 54 100000 25 44 17 50 58 54 100000 82 71 68 100000 8 9 60
92 97 74 29 11 2 17 80 42 12 19 100000 100000 54 100000 88 97 75 90 62 31 12 55 35 2 14 49 62 39
93 270 219 100000 224 39 100000 211 230 100000 205 238 240 79 222 222 197 98 248 31 74 28 192 205 254 106 100000 160 60
94 452 118 100000 87 231 100000 398 263 118 19 69 344 434 105 362 285 37 317 371 82 290 438 294 452 276 254 100000 231
95 48 100000 25 26 17 12 24 9 48 1 4 18 3 100000 39 23 19 15 8 100000 4 7 31 38 41 5 25 17
96 338 338 105 100000 95 281 100000 149 100000 28 244 100000 190 62 163 240 325 281 100000 92 65 100000 257 240 116 200 271 257
97 34 4 13 12 19 20 4 26 18 100000 18 5 31 18 10 18 8 6 13 33 100000 22 23 6 13 20 12 32
98 65 19 15 59 50 46 54 100000 65 100000 15 37 6 20 38 14 64 100000 57 16 43 64 44 45 13 10 39 54
99 50 100000 46 31 10 34 11 100000 100000 39 3 50 35 2 27 12 26 24 47 1 21 100000 100000 20 20 26 35 43
100 112 73 96 85 59 75 96 85 88 100000 100000 100000 10 57 15 7 32 94 86 100000 71 8 100000 17 86 101 8 51
101 48 35 40 47 26 12 42 36 14 2 44 29 3 41 27 27 35 22 8 28 20 100000 21 34 5 5 45 11
102 117 115 36 58 81 80 85 73 90 61 65 66 61 11 20 23 11 79 38 61 76 68 100000 101 2 9 46 80
103 50 9 25 12 8 32 10 33 34 2 100000 23 4 41 3 46 45 27 22 41 2 11 21 28 12 6 37 1
104 68 13 47 2 5 28 5 57 18 41 61 100000 28 68 100000 100000 8 12 64 47 11 26 41 100000 59 41 100000 7
105 232 200 22 100000 172 211 158 197 100 149 100000 153 19 128 8 110 151 137 86 10 100000 133 89 100000 200 100000 50 38
106 122 37 89 71 47 74 49 63 84 22 107 35 28 101 93 70 35 104 30 23 78 100 104 68 100000 66 14 100000
107 151 22 58 16 52 27 99 100000 64 49 129 100000 114 22 124 142 75 4 19 55 90 100000 9 58 108 90 126 52
108 31 19 6 26 31 16 27 3 15 24 3 18 26 14 28 11 6 13 30 24 22 10 15 28 13 24 13 7
109 97 4 68 41 16 86 49 43 17 49 3 94 82 14 87 67 70 63 88 44 100000 68 15 32 36 95 51 13
110 308 244 136 280 253 228 50 179 121 112 90 41 250 108 75 148 145 201 179 185 100000 100000 93 35 287 155 182 62
111 116 72 105 11 10 22 19 59 39 100 107 73 50 15 6 96 100000 60 11 115 8 33 114 86 64 33 55 111
112 312 231 309 160 247 73 206 101 163 29 312 222 244 247 147 175 129 150 188 225 184 122 51 306 41 29 209 141
113 34 14 2 100000 100000 20 6 100000 26 14 17 8 22 10 20 7 14 30 12 9 3 33 34 16 30 11 2 19
114 128 81 103 61 53 38 9 113 12 96 75 77 25 43 39 42 76 71 24 100000 56 91 118 122 72 123 114 4
115 54 34 38 51 12 9 100000 6 16 41 21 13 4 48 15 33 30 18 11 43 39 33 42 23 26 33 34 41
116 175 104 123 41 159 100000 10 39 46 27 173 142 53 114 64 135 100000 166 10 18 29 105 4 15 138 123 149 90
117 55 40 100000 11 7 9 20 8 53 30 52 49 100000 34 19 33 22 100000 9 50 36 14 100000 53 29 27 30 26
118 306 32 154 53 257 257 135 160 111 245 169 100000 13 211 105 199 257 218 100000 184 215 38 230 272 100000 190 279 248
119 59 22 37 14 37 24 42 46 51 36 48 43 7 15 4 29 6 41 19 4 12 7 100000 24 11 7 54 25
120 59 9 20 50 100000 7 7 24 29 16 4 41 2 50 100000 51 38 59 12 47 46 51 2 100000 31 56 46 25
121 66 9 66 19 27 4 40 14 60 61 100000 42 13 6 26 100000 60 63 42 51 100000 49 19 50 100000 22 63 56
122 66 100000 63 48 15 11 44 41 2 11 26 8 100000 57 58 29 6 24 11 36 9 45 20 21 35 17 51 100000
123 23 7 15 4 16 3 100000 20 23 100000 8 17 20 7 2 22 100000 3 10 20 10 22 100000 5 6 7 8 10
124 244 244 100000 176 6 108 120 215 225 101 110 171 208 225 125 71 154 42 74 152 20 169 220 229 64 123 35 125
125 54 15 52 27 17 8 5 7 12 100000 23 34 13 25 100000 100000 33 47 47 30 42 49 38 21 52 51 6 15
126 294 54 104 36 60 100000 100000 209 124 238 57 273 45 100000 100000 150 156 92 273 197 65 191 174 24 118 51 247 24
127 84 6 100000 51 79 100000 76 16 21 29 21 57 56 27 77 100000 51 80 5 47 45 46 4 43 76 31 63 80
128 61 47 55 56 18 12 50 56 24 20 32 55 42 36 20 44 38 34 40 13 28 58 15 44 47 2 55 54
129 57 53 51 54 39 14 7 21 14 30 100000 23 57 2 18 9 5 2 29 47 42 29 46 32 55 46 24 9
130 38 14 26 37 100000 5 22 9 25 17 8 28 28 100000 8 34 35 34 5 15 26 4 13 32 32 26 3 5
131 944 444 671 435 850 803 595 350 76 812 793 614 416 859 623 633 397 831 124 661 935 680 293 246 124 190 520 925
132 511 317 256 11 159 455 113 312 511 424 100000 327 511 511 261 480 88 21 113 460 501 100000 276 241 297 78 100000 486
133 625 207 257 332 375 244 88 338 525 76 500 100000 425 157 363 157 301 151 563 226 45 550 413 613 569 344 263 32
134 445 99 241 68 356 45 254 210 100000 307 334 290 343 125 100000 374 223 321 338 174 100000 121 19 405 59 383 361 100000
135 68 39 8 47 59 41 34 100000 63 48 28 43 45 100000 62 27 47 8 2 49 45 9 56 22 22 28 67 11
136 53 100000 26 28 47 7 7 44 51 39 29 44 11 47 47 35 2 51 18 8 44 49 42 31 44 29 8 37
137 49 47 29 100000 11 31 41 19 47 13 49 100000 100000 100000 45 31 26 45 45 17 27 21 24 27 31 36 45 43
138 92 60 82 57 31 65 100000 47 51 100000 6 100000 40 60 3 77 11 100000 24 82 88 62 9 100000 76 100000 84 77
139 236 100000 25 217 13 114 177 109 97 107 158 198 100000 41 93 100000 180 50 203 60 180 173 194 123 32 222 109 191
140 116 77 99 56 96 79 25 36 82 106 29 27 100000 6 6 85 100000 83 31 69 7 110 26 50 100000 98 100000 100000
141 265 196 125 212 212 100000 165 117 14 146 9 262 194 162 67 101 217 100000 223 191 62 186 170 62 122 262 12 83
142 149 99 128 48 35 4 99 63 90 50 35 100000 82 100000 16 131 124 97 121 53 122 112 100000 20 76 93 20 54
143 74 56 11 100000 68 2 47 70 68 30 100000 56 10 100000 18 64 67 33 53 40 48 25 73 21 48 66 33 55
144 332 100000 47 219 100000 203 100000 74 44 315 18 74 143 256 180 4 71 100000 127 249 84 173 319 180 100000 110 253 57
145 324 230 259 14 311 146 100000 30 140 37 208 272 282 324 217 188 11 198 243 172 37 114 318 100000 100000 79 137 100000
146 104 7 100000 92 4 58 38 96 91 2 26 26 33 93 38 13 44 98 76 55 60 95 100000 67 100000 44 29 72
147 51 47 100000 42 38 13 50 38 39 23 22 47 7 22 14 25 29 35 100000 39 41 29 27 4 8 26 44 22
148 58 44 19 100000 13 27 100000 28 3 33 33 10 100000 40 17 49 100000 57 35 36 48 100000 20 51 33 22 43 100000
149 67 2 5 29 23 12 54 26 16 47 32 42 66 65 6 29 48 35 100000 43 37 23 29 2 21 56 16 40
150 49 35 44 100000 23 20 18 25 5 100000 25 23 20 46 100000 33 4 100000 33 100000 42 11 33 22 16 32 11 100000
151 107 96 89 25 100000 47 17 100000 62 100000 14 91 51 41 69 20 39 16 100000 34 66 43 88 52 90 50 75 11
152 38 100000 16 26 28 15 16 7 14 27 29 4 11 100000 13 32 15 36 8 24 4 25 35 7 35 37 17 37
153 27 18 25 2 23 14 25 15 13 2 4 6 17 26 5 7 9 9 9 8 24 15 4 18 24 9 100000 22
154 68 24 55 4 51 13 11 5 30 45 36 57 65 20 63 30 100000 24 61 5 47 100000 26 46 4 59 43 47
155 207 67 100000 160 100000 182 98 158 5 110 59 34 182 57 9 38 125 137 131 26 57 112 83 100 44 94 67 186
156 202 106 136 100000 108 202 164 31 49 156 67 100000 29 124 192 130 100000 29 15 75 69 192 100000 100000 71 9 114 43
157 83 38 5 69 65 41 27 44 63 100000 52 32 31 77 41 100000 54 31 81 60 44 68 73 59 49 52 59 53
158 35 3 35 34 100000 17 20 3 20 29 18 30 100000 29 31 21 3 31 11 23 22 3 18 20 33 8 33 5
159 58 30 47 50 22 27 24 37 18 47 52 10 7 3 29 2 20 47 6 28 14 12 17 48 42 18 33 47
160 42 2 39 2 10 3 22 31 10 32 100000 28 33 24 3 25 24 12 23 100000 8 4 27 38 28 25 29 9
161 68 37 100000 68 8 100000 61 24 22 2 34 47 52 10 7 37 100000 51 20 20 46 16 100000 100000 26 26 2 66
162 68 32 26 34 34 62 23 24 4 61 23 16 57 6 65 35 9 39 66 29 25 17 10 10 28 53 18 39
163 68 50 56 67 100000 15 55 100000 64 37 100000 19 20 4 6 17 48 67 25 36 37 9 47 35 5 50 7 20
164 103 25 100000 76 19 17 73 40 51 24 42 87 88 100000 83 96 49 100000 45 100000 3 48 32 43 8 83 12 29
165 103 82 15 30 64 46 80 58 102 61 100000 101 19 18 99 61 100000 72 14 23 100000 88 67 47 32 94 17 4
166 103 86 42 35 2 84 17 46 32 55 65 3 37 100000 6 63 70 100000 100000 76 75 80 60 13 67 35 57 27
167 103 64 86 45 9 78 100000 45 20 100000 46 7 100000 30 29 32 94 64 100 100000 51 71 84 83 13 99 71 58
168 103 93 34 30 45 89 49 96 81 33 61 51 79 60 30 68 28 53 23 70 59 5 15 5 30 100000 28 41
169 68 21 37 26 100000 100000 100000 9 38 40 51 20 58 61 6 63 4 60 66 2 26 64 36 63 6 18 20 22
170 103 36 57 56 60 65 31 17 95 69 75 63 31 91 7 30 100000 100000 60 103 52 103 51 83 100000 65 40 65
171 68 61 26 5 39 32 22 25 13 67 12 31 9 68 13 49 45 7 2 31 55 100000 67 45 24 21 42 2
172 103 12 2 100000 96 54 68 73 8 13 25 23 25 103 54 35 48 22 51 84 78 39 47 25 21 21 13 20
173 103 61 71 34 56 15 8 84 88 27 72 100000 7 93 64 9 100000 8 46 100000 75 12 67 36 53 64 99 37
174 68 31 55 52 14 49 65 49 22 18 66 8 2 67 67 53 40 100000 41 62 25 18 6 59 100000 15 64 14
175 103 14 69 55 85 73 72 83 58 12 31 83 100000 49 5 99 100000 40 100000 13 35 38 39 55 81 27 59 15
176 103 10 22 100000 64 100000 32 53 50 33 17 49 27 42 92 100000 54 64 52 29 97 6 99 54 63 74 24 89
177 10 4 1 10 5 9 4 5 1 3 7 2 8 5 9 8 5 8 3 4 2 3 7 7 5 100000 6 2
178 187 165 114 40 126 90 100000 135 31 31 27 174 87 27 118 83 10 64 12 155 100000 183 181 100000 163 33 25 10
179 134 83 74 69 38 98 78 62 53 82 6 114 20 9 13 127 89 58 73 54 71 45 126 40 100000 64 102 100000
180 89 45 100000 7 63 55 69 84 27 9 64 59 100000 34 100000 100000 25 71 32 5 21 22 42 46 27 46 13 36
181 58 52 51 16 100000 53 12 3 39 100000 18 15 18 16 19 23 14 36 24 24 12 14 100000 45 100000 19 56 37
182 49 35 40 49 11 37 28 27 26 26 7 17 6 20 9 48 38 10 16 100000 16 41 5 36 9 14 5 100000
183 134 123 79 110 100000 100000 122 133 83 107 79 100000 126 30 64 74 12 16 73 4 100000 17 110 89 106 50 121 100000
184 53 4 11 12 50 6 100000 43 18 36 45 33 100000 16 5 100000 48 45 5 100000 5 100000 12 5 42 24 22 11
185 334 84 281 144 100000 100000 227 307 201 234 277 331 34 100000 264 221 291 154 187 284 100000 21 4 207 211 48 71 174
186 24 2 13 18 100000 3 18 21 100000 19 21 7 19 7 5 23 14 14 18 21 19 17 100000 10 10 4 12 3
187 76 100000 18 42 20 62 6 3 43 9 51 51 8 57 6 26 21 53 15 17 68 28 59 21 74 75 30 57
188 76 24 75 57 51 41 26 6 100000 19 63 27 100000 9 30 59 100000 100000 10 16 12 39 17 66 58 100000 45 73
189 192 127 18 181 32 100000 89 100000 11 11 14 127 22 74 188 35 125 20 26 12 163 87 75 12 169 188 125 190
190 98 100000 11 100000 94 59 63 100000 67 64 97 70 3 97 15 6 25 68 9 53 3 100000 14 58 36 52 23 54
191 258 112 255 137 145 100000 145 207 100000 142 100000 100000 173 137 70 250 78 248 137 52 201 153 100000 186 45 101 91 250
192 165 145 134 131 3 157 17 131 117 27 4 131 14 31 86 21 78 165 150 132 90 145 126 139 19 80 100000 104
193 38 21 27 12 26 14 8 10 24 100000 38 14 6 5 33 3 5 11 16 35 15 100000 14 37 2 18 25 36
194 115 100000 110 90 92 31 61 31 16 75 10 14 113 44 100000 65 40 10 12 105 37 58 55 10 102 37 3 26
195 83 38 40 25 12 100000 67 8 64 49 28 52 57 43 8 74 41 3 17 81 100000 52 60 80 39 35 51 46
196 56 46 26 29 21 26 15 16 100000 27 49 100000 43 6 15 12 16 11 35 30 46 13 2 12 32 41 36 16
197 29 18 3 11 2 28 23 1 23 8 22 5 23 17 8 20 18 28 100000 10 5 19 8 11 11 10 28 20
198 303 294 83 152 152 194 46 52 80 252 149 100000 273 282 22 294 267 89 170 13 100000 273 203 58 149 185 173 203
199 18 11 12 15 6 3 7 4 8 11 11 4 100000 11 17 4 18 16 14 9 100000 7 17 4 12 13 15 16
200 29 15 13 4 19 14 26 24 7 14 5 25 21 13 17 15 1 10 100000 15 22 100000 4 11 27 9 100000 18
201 154 117 123 131 151 136 149 108 82 82 151 122 94 143 32 97 33 100000 55 73 67 55 120 44 100000 42 90 64
202 90 41 29 39 35 62 73 16 74 89 57 87 17 35 16 3 71 89 86 100000 89 52 100000 85 33 89 62 50
203 93 100000 100000 7 100000 88 30 35 12 41 87 78 51 100000 9 29 15 6 7 59 84 30 61 7 91 76 100000 31
204 94 66 6 30 56 70 34 48 27 42 21 3 82 9 33 48 100000 6 66 100000 78 100000 34 5 36 78 82 50
205 165 158 14 85 127 93 100000 29 91 117 9 81 85 134 21 163 80 4 73 103 45 100000 17 57 81 45 75 39
<task directions>
1 E
2 E
3 R
4 L
5 E
6 E
7 R
8 R
9 R
10 R
11 R
12 R
13 L
14 L
15 L
16 L
17 L
18 L
19 E
20 E
21 E
22 E
23 E
24 E
25 R
26 L
27 R
28 R
29 R
30 R
31 R
32 R
33 R
34 L
35 E
36 E
37 L
38 L
39 L
40 E
41 E
42 E
43 L
44 L
45 L
46 L
47 L
48 L
49 L
50 L
51 L
52 L
53 L
54 R
55 R
56 R
57 R
58 R
59 R
60 R
61 R
62 E
63 E
64 E
65 E
66 E
67 E
68 E
69 E
70 E
71 E
72 E
73 E
74 E
75 E
76 E
77 E
78 L
79 R
80 E
81 E
82 E
83 E
84 E
85 E
86 E
87 E
88 E
89 E
90 R
91 R
92 R
93 R
94 E
95 R
96 E
97 E
98 E
99 E
100 E
101 E
102 E
103 E
104 R
105 L
106 L
107 E
108 L
109 E
110 R
111 L
112 R
113 E
114 L
115 E
116 R
117 E
118 E
119 E
120 E
121 E
122 E
123 E
124 E
125 E
126 R
127 E
128 E
129 E
130 R
131 E
132 R
133 R
134 R
135 L
136 L
137 E
138 E
139 E
140 L
141 L
142 L
143 L
144 E
145 E
146 L
147 L
148 R
149 R
150 R
151 E
152 L
153 L
154 E
155 E
156 E
157 E
158 R
159 R
160 E
161 R
162 R
163 R
164 R
165 R
166 R
167 R
168 R
169 L
170 L
171 L
172 L
173 L
174 L
175 L
176 L
177 E
178 E
179 L
180 L
181 L
182 L
183 L
184 L
185 E
186 R
187 R
188 L
189 E
190 E
191 R
192 E
193 R
194 E
195 L
196 R
197 R
198 R
199 R
200 R
201 L
202 L
203 L
204 E
205 E
<precedence relations>
1,36
2,3
2,4
3,5
4,5
5,7
5,13
6,36
7,8
8,9
9,10
10,11
11,12
12,36
13,14
14,15
15,16
16,17
17,18
18,36
19,36
20,22
21,22
22,23
23,24
23,34
24,26
24,27
24,28
25,28
26,35
27,35
28,29
29,30
29,33
30,31
30,32
31,35
32,35
33,35
34,35
35,36
36,37
36,40
36,41
36,42
36,62
36,69
36,72
36,75
36,83
36,110
36,111
36,112
37,38
38,39
39,45
40,43
40,54
41,92
42,43
42,54
43,44
44,45
45,46
45,48
45,51
45,53
46,47
47,92
48,49
49,50
50,92
51,52
52,92
53,92
54,55
55,56
55,59
55,61
56,57
57,58
58,92
59,60
60,92
61,92
62,63
63,64
64,65
64,68
65,66
66,67
67,80
68,80
69,70
70,71
71,73
72,73
73,74
74,76
75,92
76,77
76,78
76,79
77,80
77,82
78,80
79,80
80,81
81,84
82,92
83,92
84,85
85,86
85,88
85,90
86,87
87,92
88,89
89,92
90,91
91,92
92,93
92,94
92,95
92,96
92,97
92,98
92,99
93,135
94,135
95,113
96,113
97,100
98,100
99,100
100,101
100,103
100,105
100,109
100,130
100,131
100,134
101,102
102,113
103,104
104,113
105,106
105,107
106,108
107,108
108,113
109,113
110,113
111,113
112,113
113,114
113,115
113,116
113,117
113,118
113,119
113,120
113,121
113,122
113,123
113,124
113,161
113,162
113,163
113,169
113,171
113,174
113,203
113,204
113,205
114,160
115,160
116,160
117,160
118,126
119,126
120,126
121,126
122,126
123,126
124,125
125,126
126,127
126,128
126,129
127,135
128,135
129,135
130,136
131,132
132,133
133,189
134,189
135,136
135,137
135,138
135,139
135,140
135,141
135,142
135,144
135,145
135,147
135,148
135,149
135,150
135,151
135,152
135,153
135,158
136,189
137,160
138,160
139,160
140,143
141,143
142,143
143,160
144,160
145,146
146,160
147,160
148,160
149,160
150,160
151,160
152,160
153,154
154,155
155,156
156,157
157,189
158,159
159,189
160,164
160,170
160,178
160,179
160,184
161,167
162,165
163,164
164,165
165,166
166,167
167,168
168,177
169,170
170,172
171,172
172,173
173,175
174,175
175,176
176,177
177,185
177,186
177,187
177,188
177,194
177,195
178,180
179,180
180,181
180,183
181,182
185,189
186,189
187,189
188,189
189,190
189,191
189,193
191,192
194,197
195,196
196,197
197,198
197,199
197,201
199,200
201,202
<end>