<number of tasks>
205
<number of mated-station>
8
<number of workers>
16
<task times>
1 692 769 1184 1993 458 333 100000 831 1910 1205 167 105 1225 1474 100000 1682
2 42 100000 114 80 87 34 119 100000 100000 34 100000 72 100000 70 34 100000
3 261 345 689 478 369 87 283 87 275 322 431 243 100000 713 100000 736
4 261 228 564 100000 142 494 572 353 548 32 100000 118 494 713 100000 533
5 157 67 20 325 433 86 100000 100000 90 20 415 321 53 471 269 245
6 90 146 4 189 41 100000 100000 71 60 20 100000 4 23 265 100000 232
7 54 146 136 48 69 144 61 69 80 40 48 151 14 98 112 101
8 67 100000 137 33 23 9 69 83 179 51 101 129 99 189 100000 100000
9 30 53 21 19 86 9 100000 55 17 100000 17 12 86 80 19 100000
10 106 312 121 99 121 64 102 109 166 71 33 100000 194 11 36 166
11 32 17 30 67 100000 100000 74 24 13 12 48 48 100000 66 70 47
12 62 100000 81 143 86 100000 97 121 153 110 168 42 88 10 158 38
13 54 100000 100000 136 38 57 110 122 100000 48 24 72 100000 100000 35 131
14 67 49 15 5 137 123 195 99 100000 69 87 100000 29 71 77 95
15 30 100000 13 20 51 86 29 19 14 11 31 66 70 15 40 100000
16 106 4 207 223 226 302 131 93 100000 213 100000 100000 100000 245 100000 258
17 32 37 36 81 84 55 100000 28 7 34 100000 46 25 92 100000 100000
18 62 21 47 14 110 79 100000 62 55 140 132 173 100000 182 45 44
19 56 136 116 136 130 46 78 6 113 100000 156 36 100000 46 120 4
20 67 149 79 179 101 189 155 100000 187 100000 83 127 100000 19 100000 193
21 86 45 127 158 222 124 100000 37 165 11 106 100000 100000 19 91 100000
22 37 69 92 41 100000 20 100000 69 34 100000 38 104 100000 106 100000 106
23 41 122 57 84 100000 100000 12 74 36 38 74 32 100000 85 119 5
24 72 184 154 20 100000 100000 130 66 100000 132 139 164 38 197 162 20
25 86 100000 165 100000 100000 140 199 214 176 27 119 32 29 117 153 100000
26 16 17 8 41 20 13 9 15 30 100000 16 41 29 100000 100000 33
27 51 50 150 71 22 100000 37 106 95 100000 41 130 92 130 56 148
28 66 115 54 145 80 94 68 194 60 168 60 100000 48 42 161 107
29 41 100000 24 17 116 52 89 50 67 79 67 95 100000 123 100000 99
30 72 134 100000 124 57 3 48 100000 177 68 188 106 100000 40 210 115
31 51 98 36 150 57 74 104 141 92 100 100000 100000 110 21 110 72
32 16 17 36 100000 13 39 100000 48 21 100000 24 100000 21 28 32 5
33 15 39 35 12 13 38 41 19 8 15 41 5 19 29 100000 13
34 15 100000 39 100000 38 36 45 100000 15 14 20 45 32 100000 20 31
35 85 214 75 197 194 100000 100000 4 100000 44 222 227 9 143 16 75
36 59 100000 47 121 100000 100000 68 100000 151 100000 73 8 31 6 128 29
37 23 4 2 28 35 2 60 50 69 67 55 3 63 46 100000 25
38 13 25 38 21 1 100000 30 100000 25 13 11 100000 24 100000 100000 23
39 19 45 30 16 100000 7 16 13 18 25 18 37 100000 18 100000 41
40 108 20 30 169 100000 100000 100000 169 179 276 308 188 288 100000 100000 100000
41 214 100000 46 97 514 100000 155 91 100000 200 584 91 591 398 100000 623
42 80 75 23 100000 109 100000 121 121 75 218 89 61 175 11 100000 61
43 37 100000 110 36 68 2 67 74 77 104 54 36 100000 18 26 76
44 84 100000 54 202 100000 222 134 76 6 106 202 100000 129 54 197 81
45 18 100000 20 100000 47 6 54 37 100000 100000 25 30 100000 3 48 32
46 12 9 8 29 19 18 19 17 27 14 17 31 16 35 100000 10
47 29 58 51 61 42 47 52 19 27 10 78 10 61 69 6 70
48 37 57 93 100000 76 108 41 96 80 86 35 33 65 100000 57 100000
49 13 10 23 100000 5 27 30 100000 100000 28 3 15 25 9 38 23
50 70 154 100000 70 195 53 100000 100000 11 183 100000 57 100000 191 133 124
51 217 177 554 385 151 151 443 86 326 287 593 73 53 599 242 326
52 72 59 100000 14 100000 136 100000 197 100000 156 33 78 87 18 33 121
53 85 42 9 100000 100000 100000 100000 100000 164 133 219 235 100000 207 98 6
54 43 15 10 29 100000 14 124 10 60 100000 100000 21 46 91 88 100000
55 97 129 184 18 187 100000 184 100000 108 288 152 100000 227 190 103 146
56 37 31 64 88 51 100000 100000 100000 100000 55 100000 45 9 98 42 100000
57 13 9 13 17 12 26 4 12 100000 3 7 7 1 20 38 21
58 35 33 6 89 87 10 87 29 54 100000 2 100000 96 102 50 58
59 217 599 100000 151 118 502 593 482 248 424 177 255 164 177 534 281
60 72 188 93 44 72 136 100 66 111 106 100000 197 169 7 111 195
61 85 100000 247 19 179 52 227 67 19 100000 176 37 75 16 87 235
62 25 48 34 100000 67 39 30 33 28 100000 68 53 57 100000 57 51
63 37 23 16 37 41 70 100000 96 100000 100000 5 38 47 20 100000 59
64 37 53 44 111 87 25 82 100000 100000 52 53 87 100000 60 82 36
65 103 303 100 155 284 173 232 130 309 207 186 72 275 235 100000 244
66 140 100000 100000 282 76 370 403 374 240 60 407 100000 378 248 315 135
67 49 64 138 64 100000 100000 135 138 89 140 100000 112 46 106 106 100000
68 35 100000 62 31 64 10 88 75 95 100000 39 73 100000 103 8 30
69 51 60 39 50 54 92 79 148 10 92 100000 100000 47 71 100000 139
70 88 100000 185 167 246 104 185 114 100000 100000 30 130 109 135 225 222
71 53 150 44 101 118 100000 89 12 145 75 100000 66 41 55 33 31
72 144 100000 273 316 419 18 385 96 109 204 100000 100000 281 221 18 10
73 337 100000 173 100000 100000 324 587 395 496 365 860 100000 223 100000 445 456
74 107 100000 119 257 30 305 110 206 4 91 283 100000 289 244 84 187
75 371 390 100000 646 401 100000 212 100000 457 490 713 535 1024 802 857 1013
76 97 36 277 82 204 100000 279 204 227 13 233 94 291 291 279 82
77 166 100000 314 160 71 394 394 289 100000 100000 41 359 473 389 175 235
78 92 53 141 183 100000 23 172 133 100000 183 4 100000 207 111 117 229
79 92 147 273 70 100000 199 45 100000 70 114 136 246 56 97 37 100000
80 106 280 100000 80 150 100000 296 100000 147 213 100000 45 175 71 318 14
81 49 128 96 11 62 105 121 32 89 7 8 81 141 132 115 143
82 92 163 95 100000 100000 100000 166 9 141 95 40 254 100000 265 84 40
83 371 123 312 212 1013 813 34 490 301 100000 968 134 201 1046 100000 1069
84 87 170 63 17 89 17 89 126 100000 61 115 32 100000 100000 238 175
85 162 100000 151 268 103 234 100000 433 418 355 263 316 336 258 176 100000
86 96 100000 44 231 47 271 136 122 100000 56 99 133 100000 53 113 251
87 79 43 65 100000 100000 46 176 237 143 100000 39 204 81 100000 51 133
88 96 231 113 100000 110 188 248 110 96 101 277 208 225 76 182 288
89 42 52 121 39 112 100000 100000 62 80 100000 100000 29 57 51 99 100000
90 88 206 100000 256 106 25 143 72 100000 100000 190 19 193 101 90 100000
91 90 28 224 100000 100000 47 17 222 82 74 267 49 232 165 224 235
92 97 100000 45 16 140 88 282 88 10 88 56 221 233 16 277 123
93 270 100000 794 100000 100000 689 729 90 664 357 203 179 155 236 672 648
94 452 733 1071 272 100000 800 380 109 326 448 1315 679 584 706 733 204
95 48 75 62 34 95 83 127 104 143 100000 71 130 100000 100000 35 137
96 338 82 100000 100000 100000 892 100000 751 710 670 285 913 244 100000 31 224
97 34 86 77 85 41 100000 64 5 62 44 13 79 72 100000 100000 22
98 65 92 110 28 44 100000 100000 183 121 100000 141 3 100000 162 100000 40
99 50 131 110 32 123 46 105 100000 83 23 38 11 46 126 77 144
100 112 61 28 100000 162 21 100000 292 28 100000 100000 128 100000 299 205 100000
101 48 12 35 77 117 87 27 133 135 90 80 28 10 64 93 144
102 117 222 96 57 302 71 117 187 344 274 100000 100000 100000 194 285 100000
103 50 107 37 143 8 108 55 10 59 138 32 58 16 125 84 141
104 68 72 86 188 178 188 178 76 88 100 100000 38 100000 149 3 129
105 232 460 140 161 369 91 620 147 467 100000 682 432 189 100000 147 100000
106 122 140 70 100000 311 52 158 267 100000 213 249 70 129 235 114 249
107 151 286 444 191 313 290 100000 82 100000 100000 100000 177 100000 290 304 232
108 31 54 76 17 45 66 80 64 100000 80 100000 53 55 53 72 36
109 97 71 149 184 85 120 250 100000 100000 39 24 100000 271 140 100 62
110 308 859 887 610 100000 100000 195 19 675 100000 546 869 656 546 444 324
111 116 126 175 81 100000 230 11 233 88 150 282 310 331 8 317 39
112 312 721 100000 100000 356 534 113 599 721 253 833 300 889 599 100000 100000
113 34 101 92 33 5 100000 30 43 100000 100000 13 100000 42 20 69 58
114 128 189 100000 100000 288 353 100000 85 100000 51 327 177 100000 104 365 265
115 54 100000 77 100000 9 67 100000 127 106 138 122 100000 152 100000 157 62
116 175 69 74 100000 148 6 100000 85 100000 100000 32 263 100000 69 420 253
117 55 157 109 162 160 11 72 100000 100000 100000 57 154 100000 16 106 101
118 306 100000 340 100000 808 872 725 496 625 414 386 450 606 10 771 100000
119 59 71 114 89 133 15 52 84 100000 122 82 115 100000 15 100000 13
120 59 26 29 33 56 52 119 84 100000 100000 84 128 135 144 100000 5
121 66 103 117 137 100000 52 180 100000 168 82 100000 149 33 100000 33 194
122 66 19 13 15 74 50 19 7 11 103 188 92 165 151 36 196
123 23 25 28 19 45 36 28 100000 2 19 27 100000 100000 57 57 10
124 244 100000 89 447 410 162 100000 184 403 418 447 89 323 483 622 140
125 54 115 162 30 91 127 99 156 156 91 112 11 100000 119 90 100000
126 294 100000 265 160 100000 160 195 256 618 274 80 556 741 142 124 212
127 84 219 172 111 41 197 66 214 100000 121 100000 222 100000 26 6 111
128 61 100000 156 56 161 28 41 94 85 163 148 172 136 127 30 156
129 57 149 62 60 100000 122 159 100000 142 100000 118 23 11 20 71 134
130 38 104 100000 113 99 58 3 100000 47 100000 48 77 65 25 35 111
131 944 907 1643 1898 312 1445 312 2832 1105 2464 171 2096 1501 1898 2832 1360
132 511 1441 813 1380 100000 936 100000 261 1257 1150 1395 1257 100000 1027 100000 951
133 625 263 1369 100000 882 470 1500 100000 1425 451 20 100000 1369 100000 938 100000
134 445 548 348 881 548 14 1322 855 100000 81 81 94 735 54 988 441
135 68 100000 100000 123 123 5 9 157 98 190 42 100000 64 161 40 100000
136 53 39 129 63 86 66 145 100000 50 118 100000 104 132 100000 37 100000
137 49 70 118 56 129 45 103 46 99 83 116 38 90 71 80 86
138 92 9 100000 150 177 262 100000 92 75 238 70 139 240 276 100000 92
139 236 241 248 178 291 100000 694 637 100000 644 637 355 581 100000 666 79
140 116 150 100000 116 292 313 100000 157 227 147 100000 338 185 77 279 147
141 265 390 176 100000 477 100000 144 469 549 100000 100000 223 160 509 144 100000
142 149 175 425 135 170 100000 228 331 100000 224 100000 202 304 19 197 211
143 74 100000 74 78 21 118 10 81 149 10 145 142 72 204 215 160
144 332 280 568 469 588 290 319 976 100000 877 100000 887 648 41 489 150
145 324 234 292 632 448 137 100000 438 516 836 108 100000 749 88 467 100000
146 104 169 287 110 178 153 113 256 100000 100000 79 272 144 166 184 209
147 51 65 141 100000 6 150 139 129 54 50 113 100000 100000 100000 139 100000
148 58 100000 55 100000 72 27 138 25 82 89 169 129 30 22 17 58
149 67 99 100000 100000 37 100000 17 107 3 173 167 55 69 159 119 109
150 49 54 33 40 23 102 42 100000 81 51 27 80 64 111 100000 119
151 107 180 100000 145 100000 286 27 148 4 283 279 302 100000 39 302 321
152 38 89 33 100000 100000 25 100000 4 6 80 104 100000 28 109 85 43
153 27 49 47 100000 19 75 55 19 48 22 32 61 29 55 24 100000
154 68 100000 100000 5 100000 82 17 21 96 100000 100000 100000 161 121 100000 100000
155 207 447 578 144 615 175 286 274 466 429 100000 162 150 100000 100000 509
156 202 273 400 100000 100000 400 437 100000 80 255 100000 594 449 100000 100000 213
157 83 160 16 202 212 100000 232 75 46 61 105 98 11 100000 65 100000
158 35 22 74 25 81 69 62 100000 37 74 2 35 42 51 104 37
159 58 17 119 100000 129 81 100000 122 49 169 100000 74 120 100000 100000 55
160 42 87 100 100000 32 90 34 100000 100000 109 64 56 100000 85 9 72
161 68 105 141 100000 58 186 200 127 176 100000 50 60 147 182 40 149
162 68 64 96 58 100000 94 115 27 3 36 194 119 161 100000 131 100000
163 68 90 48 109 19 123 84 100000 125 96 105 60 100000 196 68 15
164 103 275 173 78 44 294 47 133 146 266 278 170 155 56 100000 217
165 103 90 257 309 100 303 115 13 133 100000 149 257 53 207 100000 223
166 103 112 130 118 56 84 66 275 96 84 309 29 152 284 133 254
167 103 263 10 297 146 69 103 247 257 100000 306 100000 250 29 100000 100000
168 103 140 238 72 100000 112 294 250 60 29 220 275 164 223 275 4
169 68 54 100000 107 100000 137 100000 62 54 100000 100000 123 78 141 92 19
170 103 146 50 13 291 7 109 100000 220 10 4 149 281 60 100000 38
171 68 17 178 165 169 100000 119 29 100000 74 100000 60 11 74 105 17
172 103 66 4 100000 235 16 235 269 26 106 106 254 164 100000 66 100000
173 103 291 229 146 238 100000 201 47 100000 115 207 100000 100000 161 152 56
174 68 29 147 96 7 40 40 172 62 62 182 100000 100000 100000 96 149
175 103 53 19 306 223 38 19 217 10 272 229 220 287 100000 260 100000
176 103 306 81 44 149 100000 146 38 170 87 275 60 23 278 115 115
177 10 19 4 100000 23 3 17 18 8 22 25 26 8 3 4 15
178 187 460 152 100000 214 186 91 376 100000 438 119 443 494 522 415 382
179 134 338 222 93 346 165 173 100000 390 165 89 226 314 100000 100000 100000
180 89 62 17 100000 123 100000 100000 174 57 105 54 150 70 100000 240 115
181 58 103 34 165 157 74 20 48 23 167 152 60 100000 100000 119 86
182 49 16 35 90 23 24 32 21 61 46 21 14 62 100000 100000 105
183 134 330 109 101 100000 390 105 346 298 266 13 100000 101 100000 9 145
184 53 97 100000 14 100000 83 100000 14 75 101 85 123 100000 59 15 115
185 334 100000 712 962 652 802 772 562 100000 271 100000 792 100000 100000 762 100000
186 24 62 34 32 100000 61 68 14 50 11 11 100000 4 19 100000 5
187 76 99 71 94 100000 208 87 210 76 119 205 115 12 203 67 51
188 76 144 187 100000 110 49 85 24 42 100000 100000 51 217 185 26 100000
189 192 237 214 490 41 116 100000 415 7 570 100000 231 100000 266 100000 100000
190 98 276 218 100000 288 100000 115 227 130 68 115 150 174 54 230 183
191 258 125 465 473 527 100000 588 604 272 388 434 101 187 364 100000 140
192 165 100000 26 129 100000 100000 169 129 495 228 391 485 342 100000 204 194
193 38 95 104 100000 39 98 86 100000 44 65 47 74 85 65 18 100000
194 115 80 204 97 100000 214 197 100000 194 262 29 249 259 100000 314 207
195 83 70 100000 217 41 98 115 43 53 93 68 100000 100000 207 83 73
196 56 161 74 98 100000 111 31 85 121 113 105 141 100000 100000 135 130
197 29 74 100000 85 79 100000 35 73 100000 100000 100000 30 35 100000 6 44
198 303 891 401 210 100000 746 609 446 555 328 464 437 10 573 845 192
199 18 53 40 41 14 41 100000 16 100000 7 18 51 40 21 9 100000
200 29 100000 59 77 100000 45 67 20 29 100000 17 80 52 100000 77 100000
201 154 314 250 100000 89 190 100000 84 100000 158 282 162 100000 70 125 100000
202 90 17 57 76 141 6 98 197 240 100000 165 33 265 111 95 152
203 93 54 215 121 40 48 82 157 134 100000 196 45 268 100000 68 229
204 94 52 52 46 100000 170 80 100000 35 40 100000 100000 60 12 23 181
205 165 100000 386 312 159 248 228 100000 480 149 100000 362 100000 75 401 475
<task directions>
1 E
2 E
3 R
4 L
5 E
6 E
7 R
8 R
9 R
10 R
11 R
12 R
13 L
14 L
15 L
16 L
17 L
18 L
19 E
20 E
21 E
22 E
23 E
24 E
25 R
26 L
27 R
28 R
29 R
30 R
31 R
32 R
33 R
34 L
35 E
36 E
37 L
38 L
39 L
40 E
41 E
42 E
43 L
44 L
45 L
46 L
47 L
48 L
49 L
50 L
51 L
52 L
53 L
54 R
55 R
56 R
57 R
58 R
59 R
60 R
61 R
62 E
63 E
64 E
65 E
66 E
67 E
68 E
69 E
70 E
71 E
72 E
73 E
74 E
75 E
76 E
77 E
78 L
79 R
80 E
81 E
82 E
83 E
84 E
85 E
86 E
87 E
88 E
89 E
90 R
91 R
92 R
93 R
94 E
95 R
96 E
97 E
98 E
99 E
100 E
101 E
102 E
103 E
104 R
105 L
106 L
107 E
108 L
109 E
110 R
111 L
112 R
113 E
114 L
115 E
116 R
117 E
118 E
119 E
120 E
121 E
122 E
123 E
124 E
125 E
126 R
127 E
128 E
129 E
130 R
131 E
132 R
133 R
134 R
135 L
136 L
137 E
138 E
139 E
140 L
141 L
142 L
143 L
144 E
145 E
146 L
147 L
148 R
149 R
150 R
151 E
152 L
153 L
154 E
155 E
156 E
157 E
158 R
159 R
160 E
161 R
162 R
163 R
164 R
165 R
166 R
167 R
168 R
169 L
170 L
171 L
172 L
173 L
174 L
175 L
176 L
177 E
178 E
179 L
180 L
181 L
182 L
183 L
184 L
185 E
186 R
187 R
188 L
189 E
190 E
191 R
192 E
193 R
194 E
195 L
196 R
197 R
198 R
199 R
200 R
201 L
202 L
203 L
204 E
205 E
<precedence relations>
1,36
2,3
2,4
3,5
4,5
5,7
5,13
6,36
7,8
8,9
9,10
10,11
11,12
12,36
13,14
14,15
15,16
16,17
17,18
18,36
19,36
20,22
21,22
22,23
23,24
23,34
24,26
24,27
24,28
25,28
26,35
27,35
28,29
29,30
29,33
30,31
30,32
31,35
32,35
33,35
34,35
35,36
36,37
36,40
36,41
36,42
36,62
36,69
36,72
36,75
36,83
36,110
36,111
36,112
37,38
38,39
39,45
40,43
40,54
41,92
42,43
42,54
43,44
44,45
45,46
45,48
45,51
45,53
46,47
47,92
48,49
49,50
50,92
51,52
52,92
53,92
54,55
55,56
55,59
55,61
56,57
57,58
58,92
59,60
60,92
61,92
62,63
63,64
64,65
64,68
65,66
66,67
67,80
68,80
69,70
70,71
71,73
72,73
73,74
74,76
75,92
76,77
76,78
76,79
77,80
77,82
78,80
79,80
80,81
81,84
82,92
83,92
84,85
85,86
85,88
85,90
86,87
87,92
88,89
89,92
90,91
91,92
92,93
92,94
92,95
92,96
92,97
92,98
92,99
93,135
94,135
95,113
96,113
97,100
98,100
99,100
100,101
100,103
100,105
100,109
100,130
100,131
100,134
101,102
102,113
103,104
104,113
105,106
105,107
106,108
107,108
108,113
109,113
110,113
111,113
112,113
113,114
113,115
113,116
113,117
113,118
113,119
113,120
113,121
113,122
113,123
113,124
113,161
113,162
113,163
113,169
113,171
113,174
113,203
113,204
113,205
114,160
115,160
116,160
117,160
118,126
119,126
120,126
121,126
122,126
123,126
124,125
125,126
126,127
126,128
126,129
127,135
128,135
129,135
130,136
131,132
132,133
133,189
134,189
135,136
135,137
135,138
135,139
135,140
135,141
135,142
135,144
135,145
135,147
135,148
135,149
135,150
135,151
135,152
135,153
135,158
136,189
137,160
138,160
139,160
140,143
141,143
142,143
143,160
144,160
145,146
146,160
147,160
148,160
149,160
150,160
151,160
152,160
153,154
154,155
155,156
156,157
157,189
158,159
159,189
160,164
160,170
160,178
160,179
160,184
161,167
162,165
163,164
164,165
165,166
166,167
167,168
168,177
169,170
170,172
171,172
172,173
173,175
174,175
175,176
176,177
177,185
177,186
177,187
177,188
177,194
177,195
178,180
179,180
180,181
180,183
181,182
185,189
186,189
187,189
188,189
189,190
189,191
189,193
191,192
194,197
195,196
196,197
197,198
197,199
197,201
199,200
201,202
<end>