<number of tasks>
205
<number of mated-station>
10
<number of workers>
20
<task times>
1 692 105 112 100000 429 215 312 146 284 100000 581 588 100000 100000 84 36 464 637 305 436
2 42 24 100000 28 22 100000 40 6 15 5 18 42 18 4 19 27 40 100000 22 18
3 261 24 209 100000 100000 22 199 180 141 149 110 87 180 100000 100000 100000 56 160 102 87
4 261 149 24 105 110 201 27 30 35 100000 35 45 188 258 240 100000 162 79 157 27
5 157 155 135 82 23 84 98 81 100000 112 65 20 141 13 90 100000 26 100000 87 62
6 90 68 72 32 57 7 100000 48 24 64 51 100000 65 100000 25 62 100000 86 100000 85
7 54 100000 39 37 48 31 100000 14 32 8 36 2 12 100000 4 100000 51 36 39 100000
8 67 19 49 34 16 62 52 100000 64 56 100000 28 60 58 52 29 100000 51 34 60
9 30 100000 100000 16 14 22 3 22 18 100000 7 100000 100000 4 100000 30 27 100000 27 20
10 106 45 8 40 9 59 85 51 59 100000 100000 100000 91 42 100000 41 100000 99 52 45
11 32 17 100000 27 21 30 4 8 100000 17 23 100000 18 100000 21 13 5 6 15 17
12 62 100000 61 100000 57 30 60 3 51 9 36 100000 10 50 57 100000 100000 100000 15 4
13 54 34 53 49 44 18 18 36 100000 29 54 41 54 31 40 100000 52 23 100000 40
14 67 100000 27 100000 100000 52 100000 6 27 100000 100000 19 6 22 33 58 67 100000 18 54
15 30 12 5 100000 12 10 27 16 22 20 22 16 100000 22 18 100000 12 30 10 24
16 106 89 56 81 8 44 63 99 9 99 100000 71 101 15 100 100000 20 100000 28 50
17 32 100000 8 23 30 9 9 100000 3 6 100000 30 32 30 20 100000 27 27 27 29
18 62 100000 21 14 22 61 12 53 50 100000 52 46 47 41 100000 31 100000 44 30 3
19 56 100000 32 49 4 15 28 26 43 100000 48 49 21 14 44 100000 21 100000 100000 18
20 67 24 23 17 100000 2 12 100000 20 8 65 18 24 18 19 15 29 10 100000 6
21 86 75 37 27 34 29 84 38 54 61 38 25 100000 77 72 70 70 24 86 38
22 37 17 17 100000 4 100000 33 1 28 30 6 17 3 100000 28 10 10 20 29 18
23 41 21 11 28 2 19 23 100000 100000 14 20 34 37 23 15 100000 21 6 18 28
24 72 14 56 37 100000 39 46 28 100000 9 30 54 61 12 68 43 65 100000 100000 24
25 86 13 47 72 55 100000 10 100000 100000 44 38 77 100000 11 100000 68 63 13 65 18
26 16 100000 7 100000 100000 8 11 13 100000 100000 7 12 7 4 14 11 11 12 14 3
27 51 10 100000 49 20 3 40 15 10 4 14 100000 44 42 26 43 46 21 100000 7
28 66 22 8 37 45 13 100000 100000 100000 100000 30 100000 50 59 26 54 30 48 20 30
29 41 100000 17 23 23 27 18 39 19 11 100000 100000 22 11 28 29 100000 26 32 3
30 72 50 66 53 3 5 63 12 100000 68 12 59 29 25 34 15 100000 100000 45 25
31 51 29 29 15 46 45 43 24 33 3 12 34 3 22 100000 19 51 9 8 43
32 16 100000 15 10 8 13 8 100000 13 16 6 1 100000 9 4 10 15 2 7 11
33 15 3 12 7 4 12 15 100000 1 5 100000 100000 9 6 8 12 100000 7 7 10
34 15 7 5 7 6 15 100000 7 100000 7 9 8 11 12 100000 10 12 8 13 10
35 85 26 84 27 100000 67 3 16 53 51 55 34 4 25 77 25 100000 25 100000 100000
36 59 14 100000 48 36 31 20 100000 29 33 58 6 14 52 3 100000 18 100000 49 26
37 23 9 100000 5 4 22 23 9 12 23 9 23 22 100000 9 20 22 20 18 8
38 13 8 13 10 5 100000 2 6 100000 1 100000 11 9 4 10 7 11 5 3 6
39 19 1 16 16 19 100000 4 11 100000 5 3 16 100000 6 8 11 100000 100000 13 100000
40 108 81 29 20 42 22 100000 100000 100000 41 72 42 5 92 3 100000 58 35 60 100000
41 214 50 165 73 22 120 182 186 112 120 163 5 73 195 148 100000 108 71 3 133
42 80 63 29 18 69 9 17 14 37 49 36 100000 40 47 100000 100000 100000 64 100000 42
43 37 22 9 15 100000 14 21 4 11 27 100000 13 33 100000 14 20 19 13 6 15
44 84 100000 52 72 16 54 12 75 74 24 59 4 23 100000 100000 56 46 4 51 3
45 18 16 17 8 16 100000 17 100000 9 14 11 10 3 11 7 1 9 2 18 15
46 12 6 100000 100000 8 100000 100000 5 12 12 7 7 5 2 9 3 10 100000 1 10
47 29 12 10 26 11 23 25 27 20 24 13 10 28 19 19 19 22 25 18 29
48 37 15 2 19 27 7 10 10 100000 34 100000 18 13 28 37 20 4 12 22 100000
49 13 100000 100000 11 7 11 1 1 1 2 7 13 8 100000 6 4 100000 7 6 8
50 70 62 2 100000 28 60 42 11 6 100000 100000 27 100000 100000 4 68 100000 100000 70 100000
51 217 161 182 98 152 100000 107 100000 131 100000 36 100000 150 120 12 182 144 55 103 200
52 72 66 68 19 100000 100000 61 19 100000 100000 100000 100000 67 6 5 53 100000 50 68 19
53 85 14 100000 7 100000 44 74 100000 42 100000 81 77 77 16 100000 60 72 100000 25 37
54 43 39 100000 27 100000 35 26 19 100000 39 14 25 19 27 22 29 24 19 16 36
55 97 12 7 78 26 6 24 73 78 74 72 100000 43 50 83 100000 100000 100000 28 100000
56 37 13 24 100000 100000 13 27 35 33 18 4 6 100000 31 24 11 14 100000 13 4
57 13 12 6 10 2 6 100000 100000 11 3 100000 12 5 6 2 7 1 8 13 8
58 35 10 12 25 5 9 29 20 27 29 20 29 11 8 10 18 17 2 27 15
59 217 100000 100000 100000 25 7 107 176 49 113 100000 133 157 38 100000 77 68 100000 120 14
60 72 32 69 5 100000 49 22 17 43 29 100000 100000 52 28 63 71 18 68 60 13
61 85 60 100000 100000 100000 46 75 59 26 45 22 54 100000 24 45 40 100000 100000 83 65
62 25 15 22 100000 7 19 11 3 13 4 9 5 100000 100000 23 14 19 9 21 8
63 37 32 32 14 31 30 4 100000 24 20 22 13 100000 100000 24 26 27 100000 37 15
64 37 13 18 35 100000 15 5 33 100000 36 36 26 11 10 10 100000 18 22 16 14
65 103 17 100000 70 52 71 34 34 36 100000 99 34 30 43 16 100000 73 100000 84 51
66 140 123 139 100000 30 44 100000 134 82 104 116 86 32 47 80 79 122 123 100000 100000
67 49 46 100000 25 100000 48 4 45 28 1 10 34 7 35 5 2 9 100000 22 19
68 35 3 8 1 21 30 100000 27 13 100000 19 12 15 28 30 3 27 100000 18 100000
69 51 33 100000 100000 32 45 48 37 37 100000 29 6 100000 29 100000 100000 37 24 33 47
70 88 48 68 8 27 38 58 4 5 45 59 44 59 8 100000 81 44 17 8 100000
71 53 31 35 42 24 43 3 38 100000 37 45 33 23 48 37 37 27 44 43 51
72 144 100000 100000 40 21 35 124 128 95 144 71 45 51 141 111 52 35 52 88 27
73 337 189 182 38 100000 100000 253 213 100000 290 156 51 159 100000 303 166 105 145 100000 193
74 107 19 107 100 48 68 19 76 11 52 46 58 100000 100000 69 100000 76 39 100000 7
75 371 100000 371 100000 168 105 100000 279 64 138 145 168 349 82 371 100000 123 205 179 100000
76 97 35 17 29 34 34 93 61 68 59 47 19 90 65 29 71 17 34 40 44
77 166 46 143 146 21 88 100000 145 19 100000 32 46 156 74 37 110 100000 82 100000 18
78 92 100000 36 16 9 64 53 13 90 54 78 36 27 28 33 14 90 100000 23 39
79 92 18 34 63 100000 23 61 76 100000 7 68 14 100000 100000 12 100000 62 26 100000 8
80 106 106 71 105 105 33 88 100000 63 64 82 67 55 100000 100000 99 103 13 4 19
81 49 33 19 26 8 100000 100000 18 100000 19 39 100000 100000 24 100000 16 100000 25 100000 36
82 92 32 21 67 100000 16 46 9 11 54 2 48 100000 40 61 17 16 84 40 7
83 371 227 179 249 16 60 100000 134 34 353 171 264 275 216 100000 353 249 100000 360 156
84 87 4 34 6 12 13 58 12 100000 29 100000 7 25 37 29 87 70 41 29 38
85 162 135 46 107 22 100000 117 141 61 75 100000 93 100000 100000 62 100000 35 100000 7 72
86 96 100000 100000 29 57 72 49 74 44 17 37 38 100000 53 33 66 43 100000 100000 68
87 79 23 63 63 100000 13 64 67 63 71 100000 100000 51 68 68 19 59 54 100000 100000
88 96 22 94 4 90 11 18 81 96 28 19 7 8 44 68 58 18 100000 100000 29
89 42 39 100000 10 27 28 100000 6 42 100000 26 29 33 41 41 31 14 17 5 100000
90 88 53 51 46 36 38 100000 85 64 18 81 88 57 100000 60 50 51 48 29 100000
91 90 26 69 100000 100000 90 26 36 100000 13 100000 55 55 44 25 26 100000 59 78 60
92 97 69 26 14 85 68 100000 14 7 30 96 49 62 96 41 80 61 67 29 51
93 270 100000 100000 216 57 114 173 100000 100000 235 208 146 141 100000 100000 82 52 100000 144 127
94 452 100000 303 100 150 100000 100000 321 276 100000 46 132 393 384 371 217 213 290 109 416
95 48 100000 100000 42 5 11 14 4 3 100000 100000 8 42 100000 29 36 11 44 100000 24
96 338 132 41 298 250 35 105 105 35 281 100000 102 213 100000 132 325 335 143 14 100000
97 34 22 13 9 23 100000 5 19 100000 22 24 33 29 100000 100000 24 11 22 2 25
98 65 19 100000 58 25 13 63 100000 100000 18 6 27 18 100000 53 19 100000 40 24 7
99 50 13 21 25 47 9 29 38 24 19 48 100000 45 5 31 32 100000 45 24 48
100 112 100000 50 85 27 14 86 100000 42 18 40 100000 81 105 19 58 22 38 73 105
101 48 100000 100000 100000 19 5 14 100000 38 100000 6 16 41 9 25 100000 21 100000 12 38
102 117 15 100000 49 49 9 111 100000 50 107 75 30 111 80 81 9 100000 108 29 100000
103 50 50 41 2 8 31 50 39 23 30 46 7 4 37 41 30 30 25 22 11
104 68 100000 62 100000 100000 53 25 51 61 22 100000 24 67 8 59 100000 100000 25 40 100000
105 232 188 133 24 209 54 100000 66 10 135 100000 8 112 225 209 70 100000 100000 29 183
106 122 29 37 36 105 7 100000 107 84 7 100000 7 23 107 100000 47 97 100000 105 114
107 151 112 67 141 43 93 100000 100000 24 130 117 19 100000 99 100000 82 100000 96 100000 33
108 31 11 12 15 8 29 100000 29 19 22 27 19 29 16 100000 17 30 13 25 100000
109 97 100000 36 55 57 100000 77 12 100000 90 100000 45 57 75 37 27 71 44 31 37
110 308 10 59 19 100000 201 167 32 262 176 100000 87 50 100000 176 100000 50 100000 277 308
111 116 30 100000 22 100000 86 21 36 62 4 64 91 100000 54 61 23 68 41 111 96
112 312 306 100000 228 272 234 262 135 69 203 222 281 100000 101 287 141 10 272 175 26
113 34 100000 100000 3 100000 24 100000 29 7 18 17 100000 18 4 22 9 16 13 14 30
114 128 58 89 76 40 100 104 100000 100000 80 100000 95 117 44 43 105 68 33 125 86
115 54 4 3 51 37 100000 48 8 8 51 17 39 39 3 3 39 35 22 20 22
116 175 107 112 46 100000 173 45 32 126 138 51 10 17 100000 100000 15 50 97 36 100000
117 55 100000 55 50 34 100000 11 20 4 100000 100000 45 50 53 8 100000 22 46 30 100000
118 306 227 100000 41 100000 111 215 138 129 147 224 117 100000 93 196 126 100000 100000 77 100000
119 59 46 47 50 50 57 3 3 39 45 100000 24 100000 52 8 58 100000 53 40 40
120 59 28 100000 5 47 6 39 40 100000 42 37 14 5 41 4 24 31 44 58 47
121 66 55 43 100000 62 33 100000 36 28 3 50 36 51 65 47 100000 24 65 100000 100000
122 66 50 55 12 34 100000 16 30 15 51 54 57 19 40 31 100000 12 51 100000 27
123 23 100000 100000 12 11 16 22 14 15 100000 20 100000 14 100000 5 16 15 5 6 20
124 244 50 101 11 135 125 176 142 227 103 205 100000 149 23 100000 227 237 103 225 191
125 54 47 29 29 41 47 9 100000 12 20 17 14 13 34 25 49 37 4 100000 25
126 294 101 89 13 4 124 27 100000 48 224 100000 100000 112 30 238 197 106 206 156 100000
127 84 28 100000 23 63 16 6 74 10 25 100000 100000 68 41 52 100000 80 66 65 60
128 61 22 100000 33 42 60 24 100000 100000 18 12 54 47 100000 54 17 25 16 4 22
129 57 3 13 11 100000 100000 54 7 40 23 41 35 25 7 100000 10 13 32 14 14
130 38 12 24 11 11 11 37 21 7 29 100000 100000 37 16 26 100000 16 1 32 20
131 944 510 821 161 100000 491 878 100000 435 152 840 425 595 312 473 623 359 708 100000 312
132 511 266 100000 149 88 414 42 100000 271 506 302 368 100000 292 445 317 21 373 154 424
133 625 257 13 569 388 100000 38 126 194 45 138 95 100000 101 563 506 145 569 613 382
134 445 179 143 281 103 365 100000 121 100000 223 121 330 100000 427 100000 236 100000 100000 214 210
135 68 100000 39 7 100000 100000 100000 31 44 54 63 33 32 100000 55 67 67 100000 24 45
136 53 5 46 41 6 49 39 32 7 4 21 15 10 34 31 35 3 41 100000 4
137 49 32 37 8 41 15 100000 11 45 22 24 26 4 39 33 47 6 100000 14 24
138 92 100000 100000 72 73 100000 78 18 15 22 4 36 14 71 41 87 40 59 33 62
139 236 196 205 224 100000 32 29 100000 100000 156 184 100000 100000 166 163 20 154 196 102 173
140 116 73 115 33 82 11 100000 106 79 100 102 68 100000 34 80 49 57 65 67 77
141 265 181 4 96 154 100000 100000 204 194 100000 107 19 115 100000 100000 107 120 101 100000 165
142 149 115 26 100000 66 112 106 100000 38 100000 100000 139 51 125 113 7 130 149 41 94
143 74 100000 100000 51 40 4 32 4 43 100000 73 45 46 100000 61 37 67 100000 100000 56
144 332 219 160 84 74 100000 100000 47 74 173 259 100000 34 193 272 57 286 299 239 100000
145 324 169 137 100000 301 234 159 234 101 295 150 124 30 37 100000 182 100000 288 272 137
146 104 51 104 56 50 100000 100000 100000 88 46 88 7 100 104 86 51 100000 50 35 84
147 51 51 100000 25 43 46 100000 100000 13 100000 51 51 41 12 12 100000 100000 7 41 7
148 58 17 20 55 51 58 56 21 51 43 57 100000 8 15 13 39 49 39 32 52
149 67 7 41 6 12 100000 100000 44 38 50 58 52 20 58 37 100000 37 53 9 26
150 49 31 18 12 8 37 45 5 24 23 26 100000 25 100000 37 7 12 33 100000 38
151 107 53 26 13 85 54 100000 55 81 89 11 73 6 31 73 24 11 86 5 100000
152 38 18 31 100000 13 100000 28 100000 12 27 8 25 29 2 14 100000 10 31 24 16
153 27 100000 12 20 100000 16 2 21 11 21 21 19 100000 17 25 100000 9 18 12 100000
154 68 18 67 45 12 26 65 43 15 43 33 29 100000 16 63 62 20 40 100000 5
155 207 108 123 100000 182 201 15 40 100000 22 24 85 17 22 147 166 193 100000 100000 40
156 202 138 97 31 100000 178 100000 100000 93 142 170 13 140 158 126 53 118 27 25 75
157 83 11 79 33 32 36 51 50 83 100000 100000 67 23 76 8 35 2 72 4 75
158 35 6 29 33 8 11 28 5 12 12 12 24 7 26 19 100000 6 100000 30 100000
159 58 10 5 18 51 2 35 14 9 41 52 100000 18 37 20 2 31 9 33 6
160 42 24 13 17 22 13 22 18 100000 20 27 100000 100000 28 34 32 40 25 36 100000
161 68 12 59 14 67 3 34 54 25 27 32 40 4 2 100000 31 28 49 100000 100000
162 68 29 100000 100000 2 100000 100000 12 100000 43 10 9 100000 100000 50 20 100000 100000 9 65
163 68 57 43 20 100000 47 11 28 47 49 43 14 34 29 10 27 100000 18 45 10
164 103 13 19 100000 48 18 100000 52 30 8 55 100000 100000 86 95 83 54 48 100000 53
165 103 70 20 8 100000 95 71 63 40 12 23 16 86 36 85 100000 52 62 31 67
166 103 62 92 11 100000 2 96 30 96 59 69 81 100000 100000 68 68 100000 25 63 28
167 103 32 27 101 76 88 6 72 10 16 100000 53 3 100000 95 100000 24 20 10 85
168 103 27 94 94 70 82 43 31 10 81 45 90 54 25 32 50 15 82 8 100000
169 68 37 6 63 47 16 49 50 4 16 57 55 62 28 31 100000 49 45 22 51
170 103 99 95 78 16 100000 94 51 88 36 48 64 100000 49 53 100000 3 57 97 5
171 68 4 66 10 12 100000 27 38 100000 100000 43 100000 54 2 41 47 47 100000 27 100000
172 103 64 103 99 15 91 100000 22 100 100000 88 96 100000 100000 64 21 33 50 36 43
173 103 49 4 55 74 103 88 90 100000 27 48 100000 3 13 27 100000 100000 5 102 56
174 68 100000 100000 15 100000 16 35 68 5 100000 63 38 100000 35 67 58 39 44 61 35
175 103 42 102 100000 102 38 53 91 74 31 100000 100000 54 3 39 49 84 43 73 7
176 103 89 100000 88 99 64 41 101 100000 16 100000 2 82 10 92 58 18 73 91 100000
177 10 100000 5 4 8 10 6 9 5 10 100000 8 6 3 100000 6 3 7 3 2
178 187 100000 141 18 176 111 100000 20 142 70 77 100000 14 100000 100000 146 7 150 100000 113
179 134 82 97 107 100000 75 65 121 58 127 134 100000 46 86 14 100000 113 66 98 40
180 89 13 80 4 100000 100000 79 5 7 88 21 100000 68 4 5 100000 49 30 68 100000
181 58 55 39 20 100000 48 15 31 100000 28 37 31 39 41 53 46 20 46 31 18
182 49 100000 100000 20 100000 100000 17 5 35 2 36 35 23 18 43 35 27 39 43 44
183 134 100000 46 93 54 123 12 28 125 52 123 133 100000 75 100000 18 73 86 102 100000
184 53 9 9 100000 3 50 27 21 6 9 42 100000 100000 100000 7 100000 100000 8 42 100000
185 334 211 158 100000 161 234 184 98 34 144 161 100000 100000 158 54 257 31 18 327 251
186 24 9 6 12 4 100000 18 19 5 12 100000 100000 14 100000 6 8 16 100000 100000 23
187 76 68 66 19 39 45 70 60 27 100000 39 100000 26 55 5 29 100000 65 100000 29
188 76 75 35 45 100000 38 100000 21 57 100000 71 45 100000 41 18 30 100000 76 33 14
189 192 100000 152 75 165 74 77 64 127 158 18 30 110 32 47 163 95 148 114 131
190 98 100000 71 40 53 100000 100000 100000 100000 33 100000 10 21 100000 49 17 20 74 25 98
191 258 150 6 78 100000 16 127 248 153 248 204 4 255 109 219 63 209 227 237 101
192 165 94 100000 100000 132 100000 80 119 100000 108 76 31 88 62 94 44 47 99 135 100000
193 38 28 100000 36 25 9 36 37 31 29 14 15 3 32 29 31 12 14 100000 19
194 115 37 32 100000 100000 55 10 100000 93 106 71 100000 32 104 63 3 22 82 90 100000
195 83 64 14 68 54 20 17 29 81 63 76 79 14 6 57 14 71 41 7 36
196 56 43 46 51 34 23 35 22 100000 54 19 29 31 47 38 19 100000 48 10 26
197 29 100000 10 3 100000 100000 18 12 6 100000 4 11 5 100000 2 12 15 17 100000 3
198 303 80 100000 58 100000 221 137 31 37 176 267 273 246 100000 119 300 34 100000 255 228
199 18 6 11 8 3 18 2 8 16 9 18 16 100000 10 100000 100000 5 14 6 14
200 29 15 100000 23 13 8 14 100000 17 4 29 7 3 3 18 26 27 12 21 17
201 154 21 18 42 9 81 32 154 100000 110 81 143 94 108 21 71 146 130 67 126
202 90 15 33 100000 23 89 62 23 88 78 85 13 62 100000 5 36 100000 14 37 62
203 93 100000 63 3 72 84 42 83 61 24 17 59 75 64 71 78 100000 64 67 100000
204 94 61 9 66 85 48 80 37 64 100000 100000 3 75 55 28 100000 88 5 21 56
205 165 121 104 126 108 100000 139 100000 147 100000 98 70 40 37 100000 39 163 100000 44 75
<task directions>
1 E
2 E
3 R
4 L
5 E
6 E
7 R
8 R
9 R
10 R
11 R
12 R
13 L
14 L
15 L
16 L
17 L
18 L
19 E
20 E
21 E
22 E
23 E
24 E
25 R
26 L
27 R
28 R
29 R
30 R
31 R
32 R
33 R
34 L
35 E
36 E
37 L
38 L
39 L
40 E
41 E
42 E
43 L
44 L
45 L
46 L
47 L
48 L
49 L
50 L
51 L
52 L
53 L
54 R
55 R
56 R
57 R
58 R
59 R
60 R
61 R
62 E
63 E
64 E
65 E
66 E
67 E
68 E
69 E
70 E
71 E
72 E
73 E
74 E
75 E
76 E
77 E
78 L
79 R
80 E
81 E
82 E
83 E
84 E
85 E
86 E
87 E
88 E
89 E
90 R
91 R
92 R
93 R
94 E
95 R
96 E
97 E
98 E
99 E
100 E
101 E
102 E
103 E
104 R
105 L
106 L
107 E
108 L
109 E
110 R
111 L
112 R
113 E
114 L
115 E
116 R
117 E
118 E
119 E
120 E
121 E
122 E
123 E
124 E
125 E
126 R
127 E
128 E
129 E
130 R
131 E
132 R
133 R
134 R
135 L
136 L
137 E
138 E
139 E
140 L
141 L
142 L
143 L
144 E
145 E
146 L
147 L
148 R
149 R
150 R
151 E
152 L
153 L
154 E
155 E
156 E
157 E
158 R
159 R
160 E
161 R
162 R
163 R
164 R
165 R
166 R
167 R
168 R
169 L
170 L
171 L
172 L
173 L
174 L
175 L
176 L
177 E
178 E
179 L
180 L
181 L
182 L
183 L
184 L
185 E
186 R
187 R
188 L
189 E
190 E
191 R
192 E
193 R
194 E
195 L
196 R
197 R
198 R
199 R
200 R
201 L
202 L
203 L
204 E
205 E
<precedence relations>
1,36
2,3
2,4
3,5
4,5
5,7
5,13
6,36
7,8
8,9
9,10
10,11
11,12
12,36
13,14
14,15
15,16
16,17
17,18
18,36
19,36
20,22
21,22
22,23
23,24
23,34
24,26
24,27
24,28
25,28
26,35
27,35
28,29
29,30
29,33
30,31
30,32
31,35
32,35
33,35
34,35
35,36
36,37
36,40
36,41
36,42
36,62
36,69
36,72
36,75
36,83
36,110
36,111
36,112
37,38
38,39
39,45
40,43
40,54
41,92
42,43
42,54
43,44
44,45
45,46
45,48
45,51
45,53
46,47
47,92
48,49
49,50
50,92
51,52
52,92
53,92
54,55
55,56
55,59
55,61
56,57
57,58
58,92
59,60
60,92
61,92
62,63
63,64
64,65
64,68
65,66
66,67
67,80
68,80
69,70
70,71
71,73
72,73
73,74
74,76
75,92
76,77
76,78
76,79
77,80
77,82
78,80
79,80
80,81
81,84
82,92
83,92
84,85
85,86
85,88
85,90
86,87
87,92
88,89
89,92
90,91
91,92
92,93
92,94
92,95
92,96
92,97
92,98
92,99
93,135
94,135
95,113
96,113
97,100
98,100
99,100
100,101
100,103
100,105
100,109
100,130
100,131
100,134
101,102
102,113
103,104
104,113
105,106
105,107
106,108
107,108
108,113
109,113
110,113
111,113
112,113
113,114
113,115
113,116
113,117
113,118
113,119
113,120
113,121
113,122
113,123
113,124
113,161
113,162
113,163
113,169
113,171
113,174
113,203
113,204
113,205
114,160
115,160
116,160
117,160
118,126
119,126
120,126
121,126
122,126
123,126
124,125
125,126
126,127
126,128
126,129
127,135
128,135
129,135
130,136
131,132
132,133
133,189
134,189
135,136
135,137
135,138
135,139
135,140
135,141
135,142
135,144
135,145
135,147
135,148
135,149
135,150
135,151
135,152
135,153
135,158
136,189
137,160
138,160
139,160
140,143
141,143
142,143
143,160
144,160
145,146
146,160
147,160
148,160
149,160
150,160
151,160
152,160
153,154
154,155
155,156
156,157
157,189
158,159
159,189
160,164
160,170
160,178
160,179
160,184
161,167
162,165
163,164
164,165
165,166
166,167
167,168
168,177
169,170
170,172
171,172
172,173
173,175
174,175
175,176
176,177
177,185
177,186
177,187
177,188
177,194
177,195
178,180
179,180
180,181
180,183
181,182
185,189
186,189
187,189
188,189
189,190
189,191
189,193
191,192
194,197
195,196
196,197
197,198
197,199
197,201
199,200
201,202
<end>