<number of tasks>
205
<number of mated-station>
12
<number of workers>
24
<task times>
1 692 395 707 1889 1163 1972 790 1869 1163 1080 1391 2055 748 126 1163 1620 1744 1806 582 1205 624 810 1744 1599
2 42 95 54 65 37 116 47 56 116 2 64 81 40 65 46 82 11 100000 72 67 122 60 70 32
3 261 681 100000 423 322 181 17 681 197 181 100000 501 251 189 314 17 525 100000 744 353 689 9 501 744
4 261 100000 486 87 118 658 306 314 353 486 9 345 369 71 767 100000 100000 157 705 501 100000 165 470 100000
5 157 10 189 274 471 382 100000 260 100000 443 137 20 391 189 166 316 335 466 166 100000 255 330 396 344
6 90 119 141 165 149 100000 106 33 100000 179 79 82 216 179 187 4 248 44 149 82 92 12 170 9
7 54 64 144 143 33 17 44 99 41 59 14 48 100000 136 99 51 78 154 46 90 112 6 28 25
8 67 189 3 69 100000 15 143 143 100000 43 45 99 131 53 87 79 97 59 147 29 93 145 71 53
9 30 29 8 12 100000 83 9 60 78 74 73 100000 14 28 81 54 100000 22 67 75 68 66 77 78
10 106 283 20 64 96 169 100000 26 33 147 191 23 267 185 17 100000 80 39 11 36 100000 251 100000 100000
11 32 80 49 69 83 41 17 24 88 35 10 83 67 76 76 76 100000 33 87 36 94 72 83 24
12 62 158 94 100000 57 155 94 60 32 184 156 175 51 97 20 101 145 12 16 27 23 132 123 151
13 54 43 69 149 148 43 100000 112 100000 162 151 133 75 154 12 100000 80 11 86 120 46 40 100000 64
14 67 127 197 163 71 71 131 37 100000 103 199 151 191 33 175 15 31 141 113 71 3 165 103 171
15 30 42 9 85 49 73 82 5 29 27 87 44 75 58 21 31 49 43 36 84 100000 47 28 70
16 106 77 144 255 125 128 270 293 99 100000 166 52 150 270 229 61 296 293 26 36 175 118 194 17
17 32 100000 14 15 25 84 74 8 41 55 34 38 18 67 40 27 58 45 46 93 96 41 39 87
18 62 68 142 77 20 100000 112 118 97 36 175 110 62 99 57 160 49 100000 32 94 143 121 171 105
19 56 64 53 36 19 100000 54 100 81 121 100000 39 73 78 14 66 11 86 101 163 130 143 100000 53
20 67 73 67 185 59 109 9 31 43 115 159 27 169 27 25 195 41 13 5 100000 100000 79 99 100000
21 86 181 78 142 100000 22 222 142 81 147 178 40 60 94 112 178 165 16 209 186 99 194 163 32
22 37 45 100000 23 44 100000 63 55 27 7 51 100000 27 104 106 71 20 46 7 65 47 34 8 64
23 41 62 23 66 67 66 5 14 41 119 82 50 112 100000 47 106 2 21 100000 96 107 30 6 84
24 72 199 134 162 143 74 31 78 173 100000 214 33 192 100000 203 154 175 195 98 128 207 100000 100000 46
25 86 137 81 227 88 100000 201 155 214 145 132 158 199 253 100000 65 86 191 240 255 240 204 186 222
26 16 20 45 35 5 12 14 29 15 39 19 21 100000 100000 6 5 40 14 40 20 14 40 1 100000
27 51 88 101 63 138 112 112 24 153 151 69 16 127 74 24 31 147 36 48 34 79 133 100000 41
28 66 23 7 133 80 143 64 186 70 90 123 46 33 46 100000 133 52 139 176 19 86 109 21 125
29 41 25 40 56 19 11 100000 38 6 13 71 71 79 51 95 68 38 106 25 100000 93 86 100000 114
30 72 115 156 102 141 100000 3 207 61 66 31 83 16 66 147 93 40 68 72 61 179 195 182 128
31 51 121 95 65 13 100000 129 12 100000 21 88 79 139 6 126 24 12 28 4 68 74 27 129 54
32 16 27 17 43 32 45 33 9 15 100000 44 28 8 100000 36 14 5 21 18 1 24 8 43 46
33 15 28 45 18 17 19 6 15 30 41 45 15 22 45 43 31 42 100000 31 5 11 16 30 26
34 15 14 25 41 100000 4 39 39 14 2 100000 11 13 25 22 2 27 29 41 9 26 100000 29 27
35 85 169 235 62 105 227 164 217 108 37 197 100000 110 156 26 184 52 222 133 65 227 98 16 176
36 59 19 100000 100000 70 52 126 64 64 137 177 87 126 138 119 29 108 154 122 122 142 161 138 87
37 23 21 3 23 62 100000 26 35 40 14 100000 53 22 29 11 48 68 65 66 67 49 22 100000 30
38 13 18 34 34 32 28 16 34 31 15 9 100000 24 10 100000 11 12 20 20 23 15 29 100000 2
39 19 48 52 12 26 39 42 18 47 5 100000 12 48 100000 100000 100000 33 37 31 26 36 8 34 53
40 108 246 324 182 108 143 101 217 240 100000 140 127 318 33 137 224 318 140 137 30 27 305 208 211
41 214 482 100000 123 97 475 616 379 213 360 379 315 206 33 136 366 430 100000 347 373 97 424 507 39
42 80 235 58 168 142 132 75 132 20 154 233 13 185 82 211 218 80 199 44 226 77 156 100000 137
43 37 47 96 41 91 100000 92 93 100000 44 92 91 4 91 3 29 99 34 80 92 47 34 100000 103
44 84 212 139 100000 66 100000 101 124 64 189 86 109 154 227 202 154 177 207 114 119 100000 100000 100000 149
45 18 8 100000 22 29 54 13 30 21 9 20 21 2 53 100000 21 100000 51 100000 12 33 38 52 33
46 12 100000 33 100000 14 6 16 31 3 20 7 10 100000 18 8 9 17 35 36 7 33 23 100000 16
47 29 18 53 29 71 17 78 69 64 10 9 66 4 22 68 34 43 12 100000 100000 39 10 40 36
48 37 108 106 7 42 63 9 106 100000 10 108 77 77 85 44 106 42 79 73 91 10 32 2 23
49 13 30 34 14 23 23 6 3 8 34 3 27 3 14 37 20 17 26 100000 3 11 13 2 10
50 70 14 100000 126 16 28 64 133 187 87 30 118 137 177 168 122 97 37 100000 97 156 124 53 100000
51 217 560 515 541 183 138 560 411 8 170 437 79 449 105 100000 404 333 66 632 573 593 365 359 651
52 72 124 188 66 199 195 50 216 199 115 145 85 145 102 210 117 42 184 197 100000 184 40 173 145
53 85 62 219 225 39 169 118 52 100000 19 179 95 242 4 247 120 158 250 252 34 156 100000 194 209
54 43 4 100000 69 93 110 7 52 55 128 83 9 98 100000 55 28 23 100000 123 119 87 100000 82 119
55 97 187 192 105 233 100000 184 76 291 195 285 4 204 140 242 140 21 10 100000 166 100000 140 33 24
56 37 19 67 85 109 71 7 84 108 82 34 96 57 100000 70 106 13 63 51 100000 77 3 7 55
57 13 26 8 36 8 24 5 20 17 10 32 24 14 22 31 100000 8 29 31 100000 24 12 17 9
58 35 96 35 60 43 20 3 80 2 100000 4 86 51 25 35 38 60 100000 84 21 56 88 33 7
59 217 196 99 547 209 580 508 100000 8 346 209 619 456 157 216 339 100000 131 228 66 138 547 599 157
60 72 171 100000 100000 169 91 100000 44 100000 212 115 35 121 55 33 93 63 171 29 199 134 104 70 72
61 85 161 75 222 4 92 123 100000 146 209 39 120 133 222 202 100000 123 100000 95 214 199 100000 62 57
62 25 28 18 11 49 74 57 100000 62 57 100000 100000 100000 28 9 63 5 48 71 50 31 100000 34 74
63 37 100000 25 46 71 65 40 66 100000 36 59 24 16 12 109 104 36 11 76 34 71 93 100000 80
64 37 49 42 53 88 99 63 70 4 100000 111 20 44 93 102 77 37 18 38 73 100000 48 49 79
65 103 127 90 250 32 244 32 291 226 281 106 257 106 75 183 294 161 90 149 115 140 90 50 63
66 140 190 298 81 336 211 139 152 194 76 382 366 64 127 100000 100000 5 252 290 152 198 110 51 407
67 49 70 32 78 92 132 62 100 23 86 54 70 105 93 2 80 67 59 68 109 45 119 143 132
68 35 80 58 104 93 91 11 100 52 10 68 78 20 62 38 2 69 63 37 102 69 44 36 36
69 51 142 92 13 75 3 54 34 148 86 88 101 139 138 36 31 68 34 103 100000 103 121 115 98
70 88 248 156 161 211 100000 190 246 253 83 235 240 111 127 227 253 51 101 222 159 232 64 232 90
71 53 151 146 108 105 156 45 47 127 124 100000 66 108 29 14 101 37 123 56 89 159 157 82 100000
72 144 208 281 277 423 135 195 96 398 376 100000 18 423 247 61 251 393 264 385 100000 307 18 329 204
73 337 910 789 375 100000 597 557 971 314 637 900 284 183 193 890 365 132 647 52 506 375 789 829 314
74 107 23 100000 180 43 23 91 302 139 222 100000 206 315 100000 283 196 308 305 212 103 289 71 135 203
75 371 257 45 279 100000 779 412 1002 424 524 779 635 368 435 779 1113 424 779 457 279 846 100000 146 312
76 97 259 123 126 155 42 53 4 100000 39 242 53 169 100000 100000 259 117 76 277 30 146 265 230 192
77 166 309 100000 61 259 66 418 438 254 26 225 100000 205 125 100000 409 488 264 245 215 100 21 399 245
78 92 150 180 224 119 100000 221 210 12 172 12 106 251 64 161 276 136 128 262 254 70 114 42 202
79 92 249 257 235 7 213 163 97 139 227 152 100000 177 210 100000 100 95 100000 26 147 53 29 53 48
80 106 232 299 172 179 99 261 87 58 137 255 100000 242 274 77 286 96 118 112 255 270 83 30 175
81 49 87 122 100000 111 2 67 125 147 128 38 39 137 62 71 81 8 146 131 14 30 111 35 121
82 92 40 276 100000 53 9 9 100000 62 183 15 29 161 73 100000 262 7 37 97 147 251 207 125 130
83 371 100000 23 924 535 1024 290 468 579 590 223 779 1046 368 235 624 390 579 100000 68 1080 791 735 490
84 87 240 141 50 100000 66 63 100000 251 209 69 50 141 232 235 45 89 147 238 219 253 186 134 136
85 162 452 185 316 442 142 462 253 176 292 195 100000 54 100000 100000 370 83 277 229 336 100000 142 79 98
86 96 56 100000 231 78 38 93 173 35 170 100000 167 245 100000 188 100000 133 93 219 188 190 76 239 99
87 79 60 211 161 157 235 20 202 157 84 13 173 102 140 180 8 159 18 100000 77 32 185 10 159
88 96 136 153 254 167 211 233 122 173 50 225 100000 100000 182 67 262 265 73 211 100000 61 30 127 64
89 42 79 31 100000 69 45 100 92 29 6 25 76 102 17 29 120 65 47 19 2 52 45 94 115
90 88 198 154 188 56 193 219 259 75 111 25 198 54 25 101 100000 261 4 214 90 100000 204 248 219
91 90 197 216 170 119 216 267 119 243 125 57 251 130 6 71 17 14 203 100000 117 187 216 92 149
92 97 140 4 236 210 178 16 91 163 111 236 198 68 198 126 103 100000 117 21 285 227 152 204 181
93 270 422 100000 664 228 100000 592 414 778 446 100000 535 74 17 737 559 454 268 802 276 373 519 470 511
94 452 828 218 746 529 1031 1166 408 435 435 597 1071 787 1017 787 557 272 475 96 557 949 340 679 529
95 48 45 100000 105 31 11 20 34 137 124 27 41 100000 24 54 11 24 135 138 45 143 34 123 97
96 338 629 295 275 335 92 649 700 193 183 781 832 163 386 100000 852 903 680 578 305 771 589 406 568
97 34 68 52 65 100000 67 70 101 33 100000 100000 36 42 19 36 98 58 101 45 82 24 34 69 30
98 65 133 61 77 55 189 123 11 18 172 187 40 50 98 3 69 125 69 156 17 172 181 100000 100000
99 50 117 89 100000 28 31 74 100000 61 37 77 101 146 81 140 43 31 53 98 110 99 71 96 50
100 112 175 162 81 162 125 235 175 262 35 309 286 303 262 75 205 225 55 212 316 279 229 333 41
101 48 15 21 100000 35 24 135 48 18 101 32 127 103 21 100000 100000 100000 68 94 4 84 124 94 120
102 117 166 50 131 100000 110 117 250 138 242 15 246 100000 100000 15 162 100000 117 204 99 134 43 54 222
103 50 7 100000 25 26 67 55 28 25 46 22 29 25 20 100000 98 55 98 8 110 108 22 150 58
104 68 121 100000 21 100000 100000 44 64 80 38 54 36 151 56 38 169 11 64 100000 159 174 149 9 129
105 232 411 349 654 369 418 147 168 210 237 119 64 467 689 522 328 77 599 446 265 654 362 258 237
106 122 8 100000 100000 198 333 176 118 56 337 121 278 333 304 100000 202 194 85 100000 78 100000 151 257 216
107 151 372 263 42 191 317 60 453 394 42 60 186 60 195 209 15 137 69 137 28 417 91 155 304
108 31 73 59 11 77 41 86 13 22 39 58 6 76 66 100000 78 15 64 34 26 60 100000 63 32
109 97 39 192 71 207 210 16 146 210 219 181 65 190 30 30 4 100000 262 181 265 192 108 265 195
110 308 832 398 84 416 103 100000 638 426 100000 647 702 555 444 75 499 435 100000 232 490 426 100000 795 490
111 116 98 98 39 29 136 317 247 233 74 100000 254 334 100000 95 240 240 100000 230 129 306 147 175 168
112 312 310 100000 627 646 515 712 674 749 169 440 412 646 282 721 253 571 100000 113 758 197 300 300 394
113 34 16 13 76 22 66 73 15 52 35 44 101 87 52 62 41 39 7 54 86 24 58 24 82
114 128 215 330 307 100000 58 78 327 39 100000 43 181 196 85 235 357 185 242 100000 219 204 100000 89 131
115 54 56 22 133 135 75 17 43 9 11 149 54 100000 57 59 100000 69 100000 38 41 7 148 115 65
116 175 169 43 100000 169 22 100000 169 195 279 473 410 520 190 394 27 258 59 279 515 237 357 90 420
117 55 70 31 100000 49 14 149 50 91 42 50 134 117 96 16 109 149 86 93 62 91 70 93 44
118 306 625 100000 634 625 84 533 414 597 304 505 100000 835 854 643 863 725 918 744 450 835 551 524 909
119 59 175 158 78 140 71 6 40 50 126 152 75 22 59 31 20 15 59 119 6 103 96 43 54
120 59 41 135 100000 100 170 50 87 100000 96 38 100000 177 149 15 126 165 156 100000 110 12 100000 163 100000
121 66 17 54 192 123 70 50 145 157 101 149 117 105 62 90 170 5 143 58 40 62 117 96 100000
122 66 94 70 113 34 50 17 178 194 153 100000 78 166 155 155 149 13 40 141 13 88 129 9 107
123 23 61 40 37 4 65 6 52 42 3 46 62 55 65 55 17 66 7 18 9 65 55 8 53
124 244 564 454 184 100000 564 228 600 688 100000 100000 30 505 330 140 147 271 228 367 100000 198 644 557 674
125 54 27 72 151 122 77 90 100000 99 43 4 109 157 100000 53 119 90 96 17 30 9 117 107 156
126 294 468 679 538 256 662 168 767 195 142 389 829 100000 100000 336 776 362 503 864 274 759 212 715 635
127 84 234 39 139 227 134 104 84 29 217 44 114 36 100000 217 100000 227 207 79 116 49 11 61 194
128 61 107 96 147 134 150 83 163 141 152 96 108 145 65 28 100000 88 147 36 105 100000 145 57 79
129 57 4 144 100000 3 57 13 54 159 157 83 59 21 134 8 118 67 59 81 147 40 33 132 72
130 38 73 60 89 113 13 86 47 60 10 76 83 100000 17 50 36 17 71 105 36 100000 90 8 21
131 944 2549 284 652 1558 1756 100000 397 2747 2237 511 2832 2464 2039 199 680 2606 511 369 1388 227 1133 426 2351
132 511 813 813 1211 1227 1012 690 767 100000 629 936 1196 981 1150 1502 1472 598 1211 522 660 1487 1502 78 124
133 625 826 1107 100000 301 1313 882 732 544 1838 38 1669 395 676 713 263 1238 226 376 282 619 1669 1744 676
134 445 455 415 828 588 1095 841 548 268 1108 948 1148 801 388 268 1215 54 948 481 1335 1135 948 100000 201
135 68 62 117 84 100000 100000 96 190 159 80 100000 29 172 178 149 100000 76 78 88 127 107 105 169 74
136 53 159 108 36 131 100000 100000 88 74 91 41 100000 75 72 93 3 28 78 45 134 100000 3 100000 80
137 49 94 100000 137 105 118 36 61 100 138 112 96 2 100000 61 67 5 5 100000 99 67 32 24 83
138 92 114 240 227 48 100000 196 7 100 218 163 111 23 260 221 207 240 95 257 81 185 9 62 213
139 236 36 376 100000 93 312 213 100000 192 93 43 100000 319 100000 468 100000 651 517 157 15 29 29 220 333
140 116 303 233 213 95 143 91 313 8 22 129 317 122 175 70 265 209 292 317 74 43 29 100000 233
141 265 136 668 100000 80 255 287 144 9 684 446 676 462 477 557 430 100000 72 589 65 96 787 72 184
142 149 362 228 438 162 389 286 327 264 188 327 398 202 50 429 72 100000 215 371 385 340 100000 41 144
143 74 100000 100000 16 131 8 100 63 61 127 54 162 8 100000 171 211 14 134 176 52 34 200 54 67
144 332 100000 618 170 81 100000 887 41 727 359 459 717 101 598 956 548 100000 867 160 847 807 827 100000 727
145 324 613 477 273 253 283 30 972 865 100000 894 690 554 234 729 923 351 661 671 108 487 671 642 100000
146 104 35 244 256 32 32 157 219 7 48 100000 85 200 234 259 107 129 300 281 100000 100000 172 129 166
147 51 71 100000 75 141 141 27 24 57 130 79 148 56 120 94 83 127 88 100000 124 48 145 39 98
148 58 51 48 79 84 70 124 100000 158 174 70 131 56 86 150 82 86 94 138 77 37 158 165 86
149 67 100000 83 165 165 151 135 97 143 179 100000 191 41 25 65 123 100000 107 57 179 9 171 100000 89
150 49 100000 138 65 100000 8 10 137 2 2 100000 56 111 5 48 100000 2 39 35 105 106 16 97 138
151 107 59 17 103 100000 39 199 100000 228 244 251 14 295 292 145 177 177 321 241 206 100000 113 145 292
152 38 38 58 79 97 15 68 100000 2 95 12 98 50 100 111 111 106 83 100000 100000 73 73 83 67
153 27 55 100000 47 26 42 100000 73 52 39 43 20 53 27 45 68 51 67 45 79 100000 100000 100000 55
154 68 100000 204 174 141 194 7 29 86 157 190 92 100000 107 48 68 17 200 135 100000 151 84 184 167
155 207 150 435 385 131 7 416 44 528 100000 274 478 100000 509 100000 460 193 212 503 261 100000 32 565 32
156 202 189 382 213 570 100000 491 237 370 100000 219 43 152 219 100000 31 449 328 328 431 364 431 322 473
157 83 100000 100 100000 232 100000 68 234 207 90 93 160 90 100000 58 242 103 100000 232 194 100000 100000 31 224
158 35 25 100000 88 59 24 7 75 91 100000 29 84 81 42 44 22 46 17 22 43 36 103 79 16
159 58 124 132 91 127 110 100000 105 58 65 74 79 67 122 72 157 29 150 158 63 132 120 41 88
160 42 100000 60 15 54 122 101 24 4 52 65 41 74 77 120 17 16 17 44 90 99 6 7 61
161 68 182 68 182 115 111 31 82 68 42 100000 204 7 31 182 194 167 5 100000 127 119 165 192 58
162 68 90 105 70 204 11 100000 31 200 25 167 109 115 184 127 149 40 196 94 100000 44 100000 100000 172
163 68 192 157 92 194 133 174 180 176 147 159 66 165 196 121 139 100000 196 90 186 163 42 135 107
164 103 124 100000 173 7 115 257 158 96 72 152 127 238 300 56 284 109 284 155 44 75 164 106 130
165 103 26 90 69 29 149 232 106 149 250 100000 100000 272 26 164 167 63 250 137 189 100000 133 100000 130
166 103 32 118 281 133 235 87 10 207 161 217 112 254 164 121 44 75 41 306 272 109 281 303 281
167 103 10 7 158 155 287 100000 124 72 238 192 124 115 10 130 103 173 56 121 291 287 204 297 13
168 103 118 177 100000 4 143 223 103 133 269 149 247 78 81 232 100000 56 189 32 81 87 90 300 96
169 68 25 155 190 167 48 161 153 100000 27 186 84 23 165 137 117 141 100000 167 50 60 143 129 186
170 103 29 284 100000 100000 53 195 183 29 198 250 50 291 254 133 226 180 254 281 204 257 66 155 56
171 68 196 9 119 100 48 143 139 33 135 64 82 123 11 167 54 113 190 50 76 180 184 100000 100000
172 103 84 266 210 109 143 100000 291 84 167 149 127 275 297 109 103 275 167 38 106 47 161 254 297
173 103 44 250 186 56 137 164 100000 235 100000 69 149 152 303 140 26 177 297 16 161 170 214 66 100000
174 68 111 141 9 27 98 100000 54 107 50 88 192 172 172 96 176 100000 13 198 100000 70 176 200 44
175 103 10 189 204 93 69 303 266 158 272 291 127 192 177 140 115 294 161 269 309 32 146 214 133
176 103 250 214 78 47 198 75 81 149 29 84 223 297 47 127 291 229 140 192 207 26 195 266 269
177 10 100000 11 100000 100000 27 12 28 11 8 28 5 1 15 100000 11 30 26 13 5 5 2 21 4
178 187 100000 100000 113 100000 85 281 197 242 555 7 18 365 85 51 100000 287 331 152 387 544 488 219 315
179 134 250 125 266 210 242 346 258 100000 242 53 113 181 121 222 302 100000 262 100000 149 100000 37 61 125
180 89 49 12 107 142 68 185 248 118 238 60 33 83 89 150 251 100000 14 78 62 14 46 118 161
181 58 58 56 165 67 96 79 146 89 119 134 113 74 120 120 17 115 68 108 100000 93 72 86 129
182 49 121 100 147 58 111 137 11 143 16 128 8 58 138 33 14 59 46 62 55 100000 77 26 27
183 134 370 362 125 185 129 282 57 398 230 226 41 149 262 378 137 270 382 270 218 202 218 386 100000
184 53 126 58 140 100000 83 80 28 20 88 74 55 100000 63 36 108 34 48 83 126 105 77 94 77
185 334 662 201 41 471 562 11 100000 1002 41 952 131 31 832 231 361 592 822 11 962 882 291 121 742
186 24 53 23 34 9 71 100000 6 12 100000 61 43 41 56 32 7 62 63 11 100000 63 61 27 37
187 76 100000 117 151 149 83 21 219 103 100000 21 71 67 17 137 100000 210 99 117 67 15 78 33 71
188 76 133 178 90 124 169 139 76 142 103 130 105 119 100000 80 78 112 92 203 174 144 35 110 33
189 192 100000 398 283 542 122 100000 162 496 507 381 18 519 484 455 271 570 100000 47 323 100000 496 369 100000
190 98 33 60 54 291 209 227 282 51 200 121 115 165 183 221 148 45 271 203 221 16 259 145 51
191 258 194 712 503 542 542 674 100000 449 357 9 100000 511 380 697 287 194 411 658 480 100000 604 210 125
192 165 85 307 228 233 100000 312 115 189 149 129 396 11 292 100000 159 480 100000 451 169 307 26 189 208
193 38 24 74 67 89 24 72 20 32 107 50 109 100000 69 100000 82 11 21 100000 76 113 97 60 39
194 115 231 42 100000 159 328 59 214 132 176 100000 94 4 66 197 35 304 108 66 132 80 218 156 156
195 83 239 41 199 189 100000 165 152 18 130 123 123 8 227 125 100000 244 110 100000 247 182 194 16 175
196 56 136 105 143 49 100000 165 3 96 138 126 59 11 66 29 54 128 71 100000 140 64 100000 76 39
197 29 100000 35 67 100000 10 16 11 53 45 11 44 15 64 2 67 61 18 15 78 29 38 11 100000
198 303 800 201 110 119 155 827 19 183 137 455 500 100000 473 500 800 373 746 682 28 909 146 764 564
199 18 15 6 44 20 100000 24 41 25 12 20 12 39 32 40 5 49 38 2 12 11 29 31 5
200 29 75 52 60 87 66 52 33 85 28 75 67 30 8 57 34 30 16 39 83 15 15 38 22
201 154 52 218 439 213 89 100000 232 66 301 462 100000 361 15 93 199 100000 42 79 100000 310 250 264 245
202 90 214 6 243 224 111 39 12 100000 6 41 152 111 84 31 222 55 76 44 28 219 114 49 243
203 93 248 90 268 159 157 137 262 165 196 187 132 71 129 57 276 100000 196 100000 121 51 100000 198 40
204 94 82 220 237 100000 97 9 282 94 100000 23 223 164 40 133 26 189 100000 254 52 105 209 279 119
205 165 100000 100000 475 381 100000 322 465 80 100000 60 164 129 337 465 460 164 139 495 238 376 100000 258 139
<task directions>
1 E
2 E
3 R
4 L
5 E
6 E
7 R
8 R
9 R
10 R
11 R
12 R
13 L
14 L
15 L
16 L
17 L
18 L
19 E
20 E
21 E
22 E
23 E
24 E
25 R
26 L
27 R
28 R
29 R
30 R
31 R
32 R
33 R
34 L
35 E
36 E
37 L
38 L
39 L
40 E
41 E
42 E
43 L
44 L
45 L
46 L
47 L
48 L
49 L
50 L
51 L
52 L
53 L
54 R
55 R
56 R
57 R
58 R
59 R
60 R
61 R
62 E
63 E
64 E
65 E
66 E
67 E
68 E
69 E
70 E
71 E
72 E
73 E
74 E
75 E
76 E
77 E
78 L
79 R
80 E
81 E
82 E
83 E
84 E
85 E
86 E
87 E
88 E
89 E
90 R
91 R
92 R
93 R
94 E
95 R
96 E
97 E
98 E
99 E
100 E
101 E
102 E
103 E
104 R
105 L
106 L
107 E
108 L
109 E
110 R
111 L
112 R
113 E
114 L
115 E
116 R
117 E
118 E
119 E
120 E
121 E
122 E
123 E
124 E
125 E
126 R
127 E
128 E
129 E
130 R
131 E
132 R
133 R
134 R
135 L
136 L
137 E
138 E
139 E
140 L
141 L
142 L
143 L
144 E
145 E
146 L
147 L
148 R
149 R
150 R
151 E
152 L
153 L
154 E
155 E
156 E
157 E
158 R
159 R
160 E
161 R
162 R
163 R
164 R
165 R
166 R
167 R
168 R
169 L
170 L
171 L
172 L
173 L
174 L
175 L
176 L
177 E
178 E
179 L
180 L
181 L
182 L
183 L
184 L
185 E
186 R
187 R
188 L
189 E
190 E
191 R
192 E
193 R
194 E
195 L
196 R
197 R
198 R
199 R
200 R
201 L
202 L
203 L
204 E
205 E
<precedence relations>
1,36
2,3
2,4
3,5
4,5
5,7
5,13
6,36
7,8
8,9
9,10
10,11
11,12
12,36
13,14
14,15
15,16
16,17
17,18
18,36
19,36
20,22
21,22
22,23
23,24
23,34
24,26
24,27
24,28
25,28
26,35
27,35
28,29
29,30
29,33
30,31
30,32
31,35
32,35
33,35
34,35
35,36
36,37
36,40
36,41
36,42
36,62
36,69
36,72
36,75
36,83
36,110
36,111
36,112
37,38
38,39
39,45
40,43
40,54
41,92
42,43
42,54
43,44
44,45
45,46
45,48
45,51
45,53
46,47
47,92
48,49
49,50
50,92
51,52
52,92
53,92
54,55
55,56
55,59
55,61
56,57
57,58
58,92
59,60
60,92
61,92
62,63
63,64
64,65
64,68
65,66
66,67
67,80
68,80
69,70
70,71
71,73
72,73
73,74
74,76
75,92
76,77
76,78
76,79
77,80
77,82
78,80
79,80
80,81
81,84
82,92
83,92
84,85
85,86
85,88
85,90
86,87
87,92
88,89
89,92
90,91
91,92
92,93
92,94
92,95
92,96
92,97
92,98
92,99
93,135
94,135
95,113
96,113
97,100
98,100
99,100
100,101
100,103
100,105
100,109
100,130
100,131
100,134
101,102
102,113
103,104
104,113
105,106
105,107
106,108
107,108
108,113
109,113
110,113
111,113
112,113
113,114
113,115
113,116
113,117
113,118
113,119
113,120
113,121
113,122
113,123
113,124
113,161
113,162
113,163
113,169
113,171
113,174
113,203
113,204
113,205
114,160
115,160
116,160
117,160
118,126
119,126
120,126
121,126
122,126
123,126
124,125
125,126
126,127
126,128
126,129
127,135
128,135
129,135
130,136
131,132
132,133
133,189
134,189
135,136
135,137
135,138
135,139
135,140
135,141
135,142
135,144
135,145
135,147
135,148
135,149
135,150
135,151
135,152
135,153
135,158
136,189
137,160
138,160
139,160
140,143
141,143
142,143
143,160
144,160
145,146
146,160
147,160
148,160
149,160
150,160
151,160
152,160
153,154
154,155
155,156
156,157
157,189
158,159
159,189
160,164
160,170
160,178
160,179
160,184
161,167
162,165
163,164
164,165
165,166
166,167
167,168
168,177
169,170
170,172
171,172
172,173
173,175
174,175
175,176
176,177
177,185
177,186
177,187
177,188
177,194
177,195
178,180
179,180
180,181
180,183
181,182
185,189
186,189
187,189
188,189
189,190
189,191
189,193
191,192
194,197
195,196
196,197
197,198
197,199
197,201
199,200
201,202
<end>