<number of tasks>
205
<number of mated-station>
11
<number of workers>
22
<task times>
1 692 1412 395 1163 1723 1329 1495 100000 354 1952 1039 1806 250 1267 100000 1122 100000 354 63 1703 100000 1391
2 42 100000 84 119 64 76 75 100000 100000 100000 126 39 15 66 47 100000 82 55 14 52 41 100000
3 261 353 100000 32 95 760 283 588 384 100000 48 658 720 689 100000 100000 100000 345 197 189 9 752
4 261 681 588 674 100000 580 100000 533 236 100000 48 314 556 228 783 100000 100000 243 634 100000 71 588
5 157 100000 100000 321 15 297 161 137 448 236 114 114 377 100000 156 227 100000 95 457 194 39 100000
6 90 41 122 57 208 170 117 82 205 130 100000 100000 157 57 254 197 100000 39 98 82 49 111
7 54 101 100000 100000 117 64 100000 17 102 100000 20 73 35 91 35 30 122 80 131 9 72 102
8 67 47 63 111 195 31 157 33 77 100000 155 61 51 71 133 109 100000 21 31 119 149 187
9 30 47 34 40 31 6 74 64 88 11 89 28 5 71 100000 19 47 84 42 69 62 38
10 106 100000 112 166 112 30 100000 100000 242 83 264 163 125 185 302 261 100000 64 169 58 293 100000
11 32 10 28 64 20 30 2 70 44 50 100000 60 47 13 75 42 71 44 30 74 54 87
12 62 3 106 100000 88 88 14 36 21 168 29 100000 23 140 32 100000 88 16 129 47 95 125
13 54 100000 107 36 25 61 100000 67 143 56 94 100000 73 100000 110 141 100000 100000 148 90 100000 100000
14 67 89 100000 127 169 101 19 7 91 57 165 99 131 89 193 193 191 21 39 159 199 191
15 30 21 100000 73 78 36 42 65 53 67 88 100000 86 39 16 33 100000 28 16 100000 72 51
16 106 33 289 11 100000 87 7 258 49 52 100000 100000 55 217 134 248 100000 226 315 64 100000 166
17 32 31 100000 71 65 100000 14 36 93 100000 3 75 100000 45 36 63 56 46 4 100000 46 100000
18 62 84 73 151 40 34 3 60 118 114 145 100000 44 168 168 68 100000 82 36 25 8 94
19 56 131 150 108 83 100000 39 116 100000 146 100000 100000 143 100000 123 43 100000 100000 103 110 116 100000
20 67 63 157 175 139 29 117 100000 45 100000 31 79 69 27 125 51 133 51 181 189 100000 100000
21 86 55 176 212 232 196 81 16 155 42 100000 183 194 100000 100000 83 237 183 100000 163 32 78
22 37 3 30 76 92 100000 81 53 36 100000 4 16 100000 96 100000 52 60 36 45 100000 24 15
23 41 100000 112 7 11 100000 28 13 100000 73 100000 114 34 100000 106 121 112 28 108 119 113 100
24 72 42 186 35 104 205 78 100000 100000 154 27 100000 85 100000 171 197 68 61 100000 53 104 201
25 86 165 165 160 100000 199 37 235 222 101 243 150 32 100000 100000 52 253 76 142 100000 186 191
26 16 100000 22 23 21 100000 28 32 32 6 40 12 44 8 39 40 34 36 17 32 100000 10
27 51 6 68 47 100000 100000 124 123 144 71 88 31 147 100000 33 123 62 113 100000 100000 85 31
28 66 100000 147 100000 113 100000 180 123 33 100000 100000 96 178 100000 125 48 145 100000 100000 186 149 92
29 41 83 114 14 106 12 100000 100000 46 117 100000 21 100000 80 100000 18 108 44 90 2 80 100000
30 72 81 179 16 76 192 29 70 100000 186 14 63 184 102 87 126 192 141 100000 29 100000 27
31 51 42 22 101 100000 113 10 126 100000 94 7 37 77 153 19 106 144 21 100000 150 100000 100000
32 16 37 15 26 42 34 44 41 15 16 38 23 25 7 21 33 35 100000 100000 100000 2 8
33 15 7 22 100000 25 100000 100000 100000 8 100000 17 21 19 30 100000 31 12 100000 21 100000 19 38
34 15 100000 100000 36 41 29 41 8 41 5 34 42 10 100000 32 39 45 27 9 10 15 27
35 85 128 214 34 4 100000 95 87 82 207 158 100000 192 133 47 105 252 230 169 24 143 100000
36 59 100000 100000 12 100000 61 112 100000 142 29 100000 84 56 100000 108 124 66 63 163 41 89 100000
37 23 11 59 17 7 59 10 57 64 68 13 16 66 100000 69 57 57 2 100000 100000 100000 100000
38 13 20 9 7 36 38 30 35 100000 37 3 39 2 25 100000 17 100000 33 22 8 100000 25
39 19 100000 100000 44 100000 52 24 19 2 8 47 44 50 100000 26 49 55 100000 34 18 50 49
40 108 314 98 130 175 100000 121 204 88 100000 192 17 79 7 292 59 100000 188 211 285 117 100000
41 214 604 309 450 193 270 174 616 347 206 354 328 116 97 100000 328 39 100000 418 100000 155 430
42 80 197 100000 30 51 132 240 100000 44 211 25 218 68 185 214 111 100000 142 37 190 8 180
43 37 55 48 73 14 96 42 70 32 12 9 12 52 100000 34 67 108 100000 8 100000 100000 100000
44 84 100000 167 100000 212 244 100000 232 101 239 54 100000 177 100000 6 94 172 74 199 189 99 224
45 18 27 18 19 28 100000 40 8 15 100000 23 100000 48 35 46 21 46 27 42 100000 31 100000
46 12 13 100000 3 100000 100000 13 28 27 2 13 36 100000 21 13 35 13 100000 16 16 11 16
47 29 19 100000 100000 79 24 79 100000 84 36 13 44 41 100000 100000 4 100000 79 61 10 71 65
48 37 100000 4 99 99 59 100000 71 75 106 92 11 71 100000 45 30 73 73 4 47 16 12
49 13 38 32 14 19 4 30 23 9 23 3 7 100000 16 35 21 9 32 21 20 11 100000
50 70 99 57 68 100000 135 100000 14 70 70 100000 177 62 18 100000 208 103 11 100000 62 68 32
51 217 79 100000 255 599 476 183 47 651 177 573 645 14 157 131 100000 593 476 619 100000 99 100000
52 72 167 109 46 203 12 102 175 59 100000 57 158 190 203 100000 171 100000 119 100000 100000 16 169
53 85 100000 164 118 87 100000 158 19 24 133 4 72 100000 37 95 92 72 100000 75 100000 47 100000
54 43 75 60 92 16 100000 68 100000 100000 100000 78 100000 109 111 100000 103 5 5 14 98 111 57
55 97 274 219 239 248 285 120 132 53 230 236 10 82 100000 146 16 100000 100000 100000 253 100000 45
56 37 35 47 100000 27 100000 100000 100000 92 73 100000 100000 4 65 108 44 73 100000 25 89 91 45
57 13 5 2 37 14 38 30 5 3 100000 25 32 29 35 27 16 26 20 100000 12 100000 17
58 35 62 55 19 65 100000 26 84 51 65 81 5 100000 64 10 8 17 100000 4 71 73 15
59 217 651 34 100000 580 100000 164 100000 60 112 586 580 261 8 100000 47 645 100000 521 100000 100000 547
60 72 100 100000 70 121 111 182 33 100000 46 162 100000 130 167 177 141 42 201 100000 78 115 100000
61 85 100000 24 179 131 179 235 49 100000 54 169 153 179 4 105 245 192 230 105 100000 52 9
62 25 5 43 74 5 100000 63 12 22 28 17 72 100000 38 5 100000 100000 49 12 14 57 66
63 37 108 100000 100000 53 100 100000 78 101 100000 69 88 99 93 101 60 7 37 57 27 100000 44
64 37 88 100000 100000 98 104 82 89 52 27 100000 97 40 8 84 32 14 100000 44 69 36 60
65 103 297 7 100000 204 177 100000 247 66 260 226 257 232 241 100000 275 192 81 100000 266 81 241
66 140 395 100000 110 100000 181 286 190 328 340 407 100000 286 252 227 324 412 340 118 148 202 265
67 49 42 68 116 39 7 100000 35 87 93 141 100000 70 49 68 135 100000 36 86 100000 71 147
68 35 42 57 50 100000 100000 100000 90 74 82 61 2 18 75 100000 32 80 34 98 74 68 102
69 51 19 136 50 79 139 120 59 56 100000 75 54 100000 39 37 121 6 100000 100000 31 72 100000
70 88 122 122 61 238 138 85 135 169 180 251 198 100000 259 25 185 80 240 225 238 119 100000
71 53 82 99 127 33 100000 100000 86 44 6 97 100000 74 26 7 94 146 64 34 100000 100000 39
72 144 221 96 14 410 143 152 199 212 208 337 100000 61 199 337 61 307 303 152 298 247 423
73 337 678 516 100000 981 728 11 819 41 819 708 100000 102 991 910 880 607 819 950 132 21 100000
74 107 100000 308 215 49 94 100000 187 247 4 27 289 276 100000 46 235 49 139 145 151 100000 65
75 371 412 868 479 868 100000 100000 157 100000 412 479 246 1024 913 134 1113 100000 168 100000 190 100000 891
76 97 79 129 163 100000 126 242 76 190 137 195 94 100000 236 248 213 74 68 74 39 117 108
77 166 16 185 100 100000 150 125 100000 498 369 245 384 100000 100000 364 100000 100000 160 409 125 11 21
78 92 152 273 100000 257 207 70 268 169 243 122 34 227 4 122 100000 100000 89 20 70 100000 100000
79 92 202 224 199 119 53 207 75 100000 100000 100000 161 144 81 144 221 73 45 67 100000 251 78
80 106 264 296 100000 210 283 115 36 289 87 169 102 39 20 150 58 258 87 172 99 308 39
81 49 100000 52 111 100000 52 26 62 77 105 100000 74 55 97 100000 45 100000 13 127 100000 10 141
82 92 100000 100000 100000 64 100000 194 128 20 125 84 40 40 100000 106 119 155 59 125 265 75 12
83 371 100000 868 980 791 668 390 100000 190 879 846 879 513 312 479 100000 100000 190 924 168 79 100000
84 87 225 92 74 183 110 139 165 92 100000 100000 121 214 186 152 102 74 40 30 11 9 136
85 162 100000 263 122 100000 117 457 476 384 224 54 316 210 127 418 418 355 316 100000 355 442 307
86 96 100000 64 208 282 277 33 188 81 162 190 107 100000 70 193 170 100000 150 78 100000 277 199
87 79 211 185 86 100000 8 140 140 100000 88 100000 13 100000 100000 185 100000 211 55 34 143 209 157
88 96 228 27 90 12 100000 142 182 100000 279 84 274 100000 179 84 100000 190 67 27 100000 100000 205
89 42 100000 82 122 100000 100000 61 79 116 100000 89 52 95 66 31 82 100000 89 39 65 100000 5
90 88 38 100000 167 54 100000 227 159 122 154 100000 201 209 75 12 175 256 35 259 33 100000 230
91 90 262 203 100000 47 87 100000 103 111 119 100000 205 74 251 74 208 216 100000 100000 106 87 68
92 97 204 158 239 16 285 259 221 245 18 91 271 155 100000 100000 68 152 100000 187 161 16 100000
93 270 656 9 130 98 365 163 122 100000 100000 100000 810 664 745 100000 195 228 681 721 147 100000 527
94 452 990 177 963 665 100000 949 1031 800 100000 100000 100000 1139 100000 100000 841 1071 353 100000 100000 100000 100000
95 48 100000 41 140 111 100000 75 138 98 100000 64 2 30 111 134 48 4 8 100000 12 2 10
96 338 923 31 234 872 670 720 264 700 100000 72 325 100000 376 740 406 100000 984 568 295 224 497
97 34 91 24 98 99 13 45 100000 93 46 34 90 100000 18 27 100000 37 77 70 46 87 74
98 65 100000 79 11 26 100000 17 172 100000 36 104 24 100000 7 162 28 178 100000 129 88 61 100000
99 50 117 111 100000 146 141 58 96 100000 34 108 81 99 100000 43 89 114 47 110 100000 100000 131
100 112 249 102 142 100000 282 48 100000 266 282 272 309 100000 75 100000 100000 102 229 158 316 100000 21
101 48 62 115 100000 87 93 125 34 30 81 141 100 84 100000 18 140 21 17 32 20 100000 22
102 117 253 127 92 162 26 100000 145 134 190 134 208 100000 138 145 334 330 100000 100000 120 100000 194
103 50 100000 41 22 100000 101 100000 86 116 144 35 100000 74 76 140 150 107 50 58 100000 114 95
104 68 161 100000 113 149 141 56 44 157 94 100000 82 100000 100000 196 92 198 100000 52 119 31 76
105 232 571 481 36 84 147 100000 404 133 119 43 126 613 439 100000 126 481 100000 251 216 100000 342
106 122 118 12 125 100000 173 100000 333 100000 132 38 100000 227 147 351 70 59 52 282 176 147 100000
107 151 354 259 349 100000 340 439 308 100000 272 448 55 259 119 19 430 448 286 60 417 354 100000
108 31 58 69 27 46 84 40 60 86 69 7 37 35 30 100000 6 30 28 47 47 78 42
109 97 149 129 100000 227 169 204 132 47 132 10 10 114 100000 100000 207 248 100000 100000 100000 53 108
110 308 582 435 684 878 100000 66 100000 859 896 407 684 426 638 444 100000 795 38 121 112 100000 666
111 116 116 100000 100000 98 67 296 70 100000 100000 100000 233 100000 164 60 206 100000 122 140 181 100000 122
112 312 141 852 104 581 824 95 487 412 244 852 169 100000 100000 48 908 412 76 253 356 100000 515
113 34 64 44 30 75 43 2 85 100000 36 100000 36 38 96 69 68 38 100000 45 21 100000 5
114 128 139 227 173 208 100000 5 196 189 185 12 39 100000 147 100000 104 39 51 235 296 357 100000
115 54 100000 11 100000 3 17 27 36 148 146 85 9 143 159 11 146 122 98 49 117 94 98
116 175 59 446 153 100000 100000 100000 321 378 116 420 378 415 315 100000 205 284 22 100000 431 85 100000
117 55 139 145 35 39 6 60 76 154 4 11 139 132 57 100000 45 100000 100000 45 160 111 99
118 306 221 111 487 194 285 100000 881 625 487 322 854 139 203 100000 212 670 432 762 100000 100000 100000
119 59 105 66 45 100000 166 15 112 24 85 175 128 13 100000 87 49 73 29 175 40 173 82
120 59 168 170 105 94 36 147 114 105 126 107 3 110 175 43 15 156 100000 5 166 31 47
121 66 115 50 40 131 100000 72 100000 11 100000 135 131 137 68 82 151 100000 100000 42 84 119 11
122 66 174 121 56 153 9 139 100000 74 42 153 163 31 174 145 100000 198 127 31 94 50 82
123 23 50 32 46 40 52 100000 7 31 6 55 15 100000 100000 42 100000 42 100000 4 28 6 35
124 244 367 67 674 100000 440 100000 571 666 527 359 100000 198 315 315 345 462 191 100000 462 213 447
125 54 69 65 4 136 100000 53 28 123 136 100000 38 27 156 100000 85 6 35 75 62 22 128
126 294 116 100000 100000 679 195 609 309 829 688 212 812 635 100000 318 100000 362 100000 600 100000 212 864
127 84 100000 9 182 100000 159 192 100000 100000 39 4 212 104 229 100000 100000 227 114 132 247 100000 89
128 61 47 145 39 77 176 170 37 152 176 100000 48 154 145 100000 94 100000 100000 10 100000 121 181
129 57 38 20 100000 13 100000 168 154 122 100000 132 72 81 64 132 49 135 37 95 28 89 100000
130 38 87 82 7 25 109 34 56 53 24 100 100000 113 100000 104 28 96 89 12 108 100000 15
131 944 100000 567 1728 2464 1530 1473 2492 2039 1841 369 1417 737 1332 100000 100000 511 2209 2322 100000 100000 511
132 511 1227 1181 798 100000 1257 185 100000 430 905 399 323 1319 100000 292 1211 100000 1533 139 675 537 568
133 625 1163 844 1144 1257 100000 957 1088 376 1069 1125 957 100000 1688 1200 1088 188 1013 100000 113 100000 919
134 445 1228 615 881 495 28 1162 100000 988 1228 108 1095 100000 521 100000 375 895 148 214 855 308 100000
135 68 100000 100000 139 119 3 74 54 17 78 100000 88 100000 163 100000 72 64 100000 5 7 98 72
136 53 100000 134 126 52 140 20 67 100000 157 61 157 44 100000 86 86 148 59 25 100000 99 100000
137 49 27 100000 92 74 135 38 121 84 111 68 102 83 100000 144 7 100000 125 129 73 132 147
138 92 29 163 12 111 100000 75 70 185 194 48 95 100000 100000 100000 150 150 59 177 100000 169 202
139 236 22 432 192 157 100000 390 36 185 347 248 79 453 404 673 298 185 100000 567 50 65 114
140 116 348 100000 50 161 98 29 11 29 112 100000 116 100000 306 77 199 91 46 77 102 77 251
141 265 493 184 708 462 446 65 100000 100000 100000 72 771 779 192 144 144 644 100000 557 446 684 438
142 149 100000 362 389 224 117 402 100000 139 443 327 286 349 100000 63 126 162 28 10 37 72 215
143 74 74 61 176 107 187 43 36 103 87 61 85 10 81 189 191 120 63 191 100000 176 5
144 332 588 668 180 100000 100000 986 847 120 966 280 100000 130 100000 598 210 120 499 250 309 787 747
145 324 953 273 127 914 100000 59 671 100000 263 904 234 914 215 554 100000 642 100000 370 283 118 40
146 104 94 51 100000 225 100000 293 100000 240 281 100000 231 212 147 69 100000 132 100000 23 268 100000 23
147 51 37 4 57 100000 97 57 66 112 139 151 80 4 41 100000 71 19 100000 100000 48 37 16
148 58 148 96 46 82 49 98 105 117 43 150 82 100000 51 74 89 174 138 158 22 134 10
149 67 51 151 189 57 43 100000 191 111 13 75 71 183 149 117 89 100000 100000 21 100000 145 100000
150 49 111 100000 100000 92 100000 4 131 92 62 96 122 81 100000 144 70 100000 109 100000 32 84 143
151 107 36 196 59 116 100000 231 142 100000 151 113 209 126 244 46 113 167 295 151 231 113 135
152 38 113 112 56 35 100000 79 89 107 46 2 20 36 63 22 13 98 89 69 60 55 82
153 27 2 100000 3 23 100000 40 10 42 62 74 75 23 58 45 71 7 100000 39 16 79 100000
154 68 15 100000 33 100000 3 103 7 180 161 15 100000 82 17 64 100000 153 100000 127 58 123 5
155 207 578 162 69 559 218 100000 602 7 100000 243 280 516 199 113 615 100000 373 181 590 522 13
156 202 533 564 479 594 322 455 13 382 418 443 418 80 55 376 600 400 503 279 394 328 304
157 83 13 70 222 100000 137 61 165 58 100000 58 80 100000 80 100000 33 100000 100000 209 98 105 100000
158 35 64 100000 89 2 86 7 55 4 100000 5 89 38 4 12 85 32 34 100000 100000 75 57
159 58 25 119 15 11 136 155 22 169 100000 100000 100000 171 58 63 72 8 96 100000 81 43 124
160 42 100000 66 15 109 87 100000 31 39 109 110 100000 25 35 100000 100 117 111 100000 100000 42 50
161 68 100000 190 100000 182 100000 169 100000 70 123 42 119 111 60 23 151 100000 21 149 172 107 133
162 68 40 151 135 100000 153 74 113 82 36 100000 80 100000 113 15 174 115 147 36 100000 133 25
163 68 200 50 100000 123 33 17 46 98 100000 76 100000 78 198 100000 200 100000 100000 68 198 119 100000
164 103 257 84 66 309 143 152 16 19 303 269 4 284 7 155 170 173 204 100000 26 244 297
165 103 81 241 10 100 100000 26 100000 26 19 26 35 100000 53 100000 41 53 198 294 100000 35 275
166 103 7 32 69 241 152 238 229 133 235 152 100000 127 254 306 275 306 44 100000 291 303 238
167 103 19 272 115 260 269 66 149 198 100000 140 93 281 207 137 177 254 118 297 100000 214 195
168 103 100000 66 100000 189 195 214 100000 281 115 100000 84 60 60 140 275 269 16 109 177 115 66
169 68 66 80 113 100000 139 13 198 82 135 119 169 80 54 100000 167 100000 100000 119 100000 100000 56
170 103 254 100000 93 100000 124 177 167 13 287 266 63 133 75 100000 257 100000 100000 204 229 84 100000
171 68 151 74 74 100 100000 88 3 100000 115 100000 184 141 60 82 121 66 143 13 62 40 100000
172 103 214 100000 100000 192 300 100000 32 63 19 254 266 44 100000 146 100000 100000 170 254 250 100000 220
173 103 210 143 275 63 100000 229 254 241 164 254 38 100000 204 266 247 284 306 183 4 155 7
174 68 13 66 155 98 92 159 100000 198 80 200 48 188 60 86 17 204 198 100000 33 100000 66
175 103 235 183 232 100000 272 100000 93 69 90 100000 100 100000 84 26 100000 229 109 81 309 300 100000
176 103 41 109 100000 29 100000 23 10 100000 217 100000 254 100000 263 130 100000 192 195 50 103 300 137
177 10 24 4 100000 5 25 2 10 11 27 24 100000 5 100000 28 11 23 25 26 27 100000 100000
178 187 471 376 449 100000 455 130 483 544 404 483 100000 561 100000 12 455 100000 12 471 544 382 516
179 134 234 222 25 334 100000 100000 100000 402 314 100000 41 350 21 100000 374 210 374 286 302 117 105
180 89 100000 259 256 65 129 216 44 100000 182 100000 65 102 107 126 185 81 224 97 185 145 81
181 58 100000 100000 113 29 129 89 171 100000 86 126 58 162 138 65 100000 53 129 30 100000 77 108
182 49 30 100000 121 100000 33 108 30 100000 141 32 89 42 55 137 59 100000 40 100000 8 68 51
183 134 238 334 121 117 398 382 218 254 214 314 286 45 306 33 270 169 21 141 282 382 100000
184 53 72 56 23 100000 91 100000 26 143 91 132 100000 100000 104 59 58 33 83 100000 33 71 150
185 334 111 862 91 972 321 271 952 100000 912 121 732 622 191 100000 572 872 772 852 100000 301 381
186 24 100000 39 5 60 51 15 65 71 22 100000 39 9 71 100000 57 44 56 43 100000 36 25
187 76 67 108 203 117 208 35 100000 130 33 3 3 101 28 198 100000 149 117 100000 67 24 214
188 76 192 112 12 214 210 62 96 100000 155 94 80 124 108 153 96 100000 158 221 160 58 100000
189 192 191 455 59 59 100000 100000 100000 93 100000 100000 450 409 248 570 36 513 100000 559 64 346 99
190 98 100000 218 86 279 109 271 291 241 83 100000 100000 109 104 118 100000 121 189 212 150 100000 100000
191 258 588 132 100000 612 418 534 565 388 534 527 100000 426 357 581 100000 388 728 388 100000 264 94
192 165 451 347 337 100000 41 342 362 204 95 129 307 95 436 100000 307 85 70 100000 228 100000 218
193 38 100000 94 100000 79 36 100000 22 54 90 106 52 100000 36 79 13 13 100000 100000 48 68 81
194 115 15 100000 100000 183 100000 142 338 176 100000 100000 18 256 100000 66 156 104 100000 328 221 225 166
195 83 123 182 217 18 127 100000 180 160 53 51 244 90 150 100000 172 31 100000 204 140 247 162
196 56 100000 128 100000 58 9 83 36 158 106 121 120 98 100000 118 24 39 146 143 56 100000 100000
197 29 66 100000 18 100000 4 54 59 54 100000 3 6 73 100000 24 48 64 35 86 13 100000 22
198 303 419 364 100000 100000 55 164 319 755 818 65 201 28 100000 100000 764 65 83 800 128 264 55
199 18 32 33 19 40 36 100000 100000 50 53 100000 49 23 50 37 51 51 20 37 22 38 14
200 29 100000 100000 100000 8 85 4 55 77 85 46 87 59 9 18 85 58 55 78 3 100000 77
201 154 314 112 434 100000 204 199 236 100000 250 52 100000 100000 388 167 241 462 185 264 333 100000 176
202 90 138 68 49 36 84 243 100000 100000 100000 76 84 181 100000 100000 109 270 12 203 243 84 138
203 93 190 34 126 151 121 265 100000 100000 271 212 100000 100000 240 162 4 100000 100000 123 76 54 132
204 94 108 130 63 100000 178 229 170 66 186 4 100000 265 144 49 100000 57 240 12 100000 119 100000
205 165 184 342 406 396 228 144 100000 347 100000 337 100000 421 100000 50 100000 45 213 233 490 100000 6
<task directions>
1 E
2 E
3 R
4 L
5 E
6 E
7 R
8 R
9 R
10 R
11 R
12 R
13 L
14 L
15 L
16 L
17 L
18 L
19 E
20 E
21 E
22 E
23 E
24 E
25 R
26 L
27 R
28 R
29 R
30 R
31 R
32 R
33 R
34 L
35 E
36 E
37 L
38 L
39 L
40 E
41 E
42 E
43 L
44 L
45 L
46 L
47 L
48 L
49 L
50 L
51 L
52 L
53 L
54 R
55 R
56 R
57 R
58 R
59 R
60 R
61 R
62 E
63 E
64 E
65 E
66 E
67 E
68 E
69 E
70 E
71 E
72 E
73 E
74 E
75 E
76 E
77 E
78 L
79 R
80 E
81 E
82 E
83 E
84 E
85 E
86 E
87 E
88 E
89 E
90 R
91 R
92 R
93 R
94 E
95 R
96 E
97 E
98 E
99 E
100 E
101 E
102 E
103 E
104 R
105 L
106 L
107 E
108 L
109 E
110 R
111 L
112 R
113 E
114 L
115 E
116 R
117 E
118 E
119 E
120 E
121 E
122 E
123 E
124 E
125 E
126 R
127 E
128 E
129 E
130 R
131 E
132 R
133 R
134 R
135 L
136 L
137 E
138 E
139 E
140 L
141 L
142 L
143 L
144 E
145 E
146 L
147 L
148 R
149 R
150 R
151 E
152 L
153 L
154 E
155 E
156 E
157 E
158 R
159 R
160 E
161 R
162 R
163 R
164 R
165 R
166 R
167 R
168 R
169 L
170 L
171 L
172 L
173 L
174 L
175 L
176 L
177 E
178 E
179 L
180 L
181 L
182 L
183 L
184 L
185 E
186 R
187 R
188 L
189 E
190 E
191 R
192 E
193 R
194 E
195 L
196 R
197 R
198 R
199 R
200 R
201 L
202 L
203 L
204 E
205 E
<precedence relations>
1,36
2,3
2,4
3,5
4,5
5,7
5,13
6,36
7,8
8,9
9,10
10,11
11,12
12,36
13,14
14,15
15,16
16,17
17,18
18,36
19,36
20,22
21,22
22,23
23,24
23,34
24,26
24,27
24,28
25,28
26,35
27,35
28,29
29,30
29,33
30,31
30,32
31,35
32,35
33,35
34,35
35,36
36,37
36,40
36,41
36,42
36,62
36,69
36,72
36,75
36,83
36,110
36,111
36,112
37,38
38,39
39,45
40,43
40,54
41,92
42,43
42,54
43,44
44,45
45,46
45,48
45,51
45,53
46,47
47,92
48,49
49,50
50,92
51,52
52,92
53,92
54,55
55,56
55,59
55,61
56,57
57,58
58,92
59,60
60,92
61,92
62,63
63,64
64,65
64,68
65,66
66,67
67,80
68,80
69,70
70,71
71,73
72,73
73,74
74,76
75,92
76,77
76,78
76,79
77,80
77,82
78,80
79,80
80,81
81,84
82,92
83,92
84,85
85,86
85,88
85,90
86,87
87,92
88,89
89,92
90,91
91,92
92,93
92,94
92,95
92,96
92,97
92,98
92,99
93,135
94,135
95,113
96,113
97,100
98,100
99,100
100,101
100,103
100,105
100,109
100,130
100,131
100,134
101,102
102,113
103,104
104,113
105,106
105,107
106,108
107,108
108,113
109,113
110,113
111,113
112,113
113,114
113,115
113,116
113,117
113,118
113,119
113,120
113,121
113,122
113,123
113,124
113,161
113,162
113,163
113,169
113,171
113,174
113,203
113,204
113,205
114,160
115,160
116,160
117,160
118,126
119,126
120,126
121,126
122,126
123,126
124,125
125,126
126,127
126,128
126,129
127,135
128,135
129,135
130,136
131,132
132,133
133,189
134,189
135,136
135,137
135,138
135,139
135,140
135,141
135,142
135,144
135,145
135,147
135,148
135,149
135,150
135,151
135,152
135,153
135,158
136,189
137,160
138,160
139,160
140,143
141,143
142,143
143,160
144,160
145,146
146,160
147,160
148,160
149,160
150,160
151,160
152,160
153,154
154,155
155,156
156,157
157,189
158,159
159,189
160,164
160,170
160,178
160,179
160,184
161,167
162,165
163,164
164,165
165,166
166,167
167,168
168,177
169,170
170,172
171,172
172,173
173,175
174,175
175,176
176,177
177,185
177,186
177,187
177,188
177,194
177,195
178,180
179,180
180,181
180,183
181,182
185,189
186,189
187,189
188,189
189,190
189,191
189,193
191,192
194,197
195,196
196,197
197,198
197,199
197,201
199,200
201,202
<end>