<number of tasks>
205
<number of mated-station>
14
<number of workers>
28
<task times>
1 692 1080 478 582 209 1039 1495 292 1246 1163 354 1184 100000 852 686 1661 1723 893 893 416 100000 997 1122 1246 914 1848 1101 1433
2 42 100000 37 39 92 85 90 115 100000 60 47 10 11 22 19 100000 56 22 56 89 86 101 17 14 100000 100000 92 106
3 261 259 595 705 157 509 100000 157 100000 298 713 100000 181 603 408 650 100000 611 322 40 100000 752 384 56 100000 71 100000 494
4 261 24 314 509 369 100000 236 720 478 40 455 556 100000 720 100000 329 267 71 525 100000 100000 110 408 783 100000 118 353 478
5 157 100000 100000 264 100000 297 90 100000 335 307 100000 231 100000 180 213 81 100000 443 100000 39 90 227 100000 358 203 321 354 48
6 90 100000 141 127 17 136 20 162 111 133 68 101 39 68 114 141 103 100000 173 173 195 144 6 119 82 248 100000 103
7 54 14 43 100000 100000 159 100000 7 49 128 100000 117 122 100000 144 40 53 106 100000 106 131 98 41 100000 19 131 33 100000
8 67 151 121 100000 127 161 51 157 189 39 89 11 57 21 35 39 77 85 131 119 79 175 171 100000 181 45 17 71
9 30 60 5 78 71 100000 58 13 66 24 84 23 72 37 30 70 75 82 100000 44 50 28 3 58 100000 12 100000 21
10 106 100000 100000 144 100000 201 77 100000 131 100000 121 100000 201 144 312 100000 87 137 100000 100000 274 302 100000 11 80 280 223 100000
11 32 85 21 100000 93 59 100000 14 76 30 100000 49 39 95 85 100000 100000 16 21 89 100000 56 19 100000 100000 100000 49 100000
12 62 100000 129 53 186 77 23 164 100000 110 134 16 64 27 171 51 100000 97 97 100000 127 36 69 100000 64 81 100000 7
13 54 86 112 4 100000 88 27 115 106 100000 53 61 75 100000 35 56 157 44 19 100000 100000 27 33 90 20 46 49 122
14 67 21 199 139 159 27 137 100000 91 95 105 137 67 173 87 35 9 173 100000 187 77 7 113 15 100000 100000 43 100000
15 30 90 31 51 100000 48 47 85 47 45 37 89 36 28 4 48 47 100000 38 67 100000 77 100000 71 57 78 15 47
16 106 182 58 277 185 150 264 71 121 93 261 100000 153 17 100000 172 264 100000 188 175 315 100000 64 99 226 223 289 293
17 32 46 38 19 38 40 100000 87 14 100000 77 52 100000 27 9 14 34 91 9 75 51 37 87 100000 28 28 71 100000
18 62 18 147 131 81 82 145 149 100000 100000 147 156 95 8 169 81 143 136 32 100000 100000 7 100000 138 69 116 186 100000
19 56 125 103 106 18 133 43 28 161 8 126 145 91 123 31 161 100000 4 90 100000 143 103 100000 100000 59 66 100000 126
20 67 181 195 181 100000 13 195 59 125 61 41 89 133 7 161 165 173 87 100000 100000 75 31 100000 101 100000 13 23 183
21 86 100000 86 106 191 214 171 209 100000 243 181 100000 47 122 100000 70 55 29 100000 100000 45 68 130 50 27 106 225 94
22 37 98 8 100000 100000 43 88 100000 100000 100000 109 109 100000 63 92 100000 13 58 107 54 109 100000 100000 77 84 82 52 101
23 41 89 100000 100000 18 90 100000 11 25 100000 112 83 100000 19 100000 78 55 2 44 105 41 63 116 38 35 100000 49 100000
24 72 48 16 59 100000 72 100000 100000 70 20 91 38 89 154 93 7 42 210 160 18 10 201 33 14 102 164 100000 158
25 86 100000 130 191 142 135 73 189 240 209 100000 100000 212 122 225 178 83 101 100000 225 52 160 117 158 168 76 99 100000
26 16 12 25 11 100000 4 34 21 45 45 39 26 42 10 19 6 22 100000 100000 39 5 31 23 25 46 100000 32 8
27 51 12 34 144 41 100000 113 71 25 3 34 100000 100000 100000 65 113 100000 120 53 100000 44 100000 63 113 136 68 100000 124
28 66 46 72 40 119 107 194 27 100000 100000 198 100000 31 163 100000 157 54 76 157 163 113 176 192 131 161 36 113 135
29 41 100000 82 100000 50 18 14 94 84 25 6 14 100000 100000 33 99 40 100000 2 100000 17 97 103 100000 30 101 100000 33
30 72 145 44 100 171 152 182 100000 100000 190 201 38 214 100000 93 81 126 100000 63 100000 117 100000 160 121 100000 154 93 10
31 51 104 98 77 100000 115 135 129 57 100000 24 47 16 104 100000 98 100000 53 106 100000 100000 100000 82 113 51 112 100000 47
32 16 4 3 100000 100000 100000 34 47 6 23 15 20 3 36 36 100000 26 6 27 100000 39 8 37 100000 43 46 5 100000
33 15 18 20 100000 30 38 100000 100000 100000 100000 20 13 29 100000 100000 29 32 26 44 26 23 40 100000 100000 100000 12 100000 24
34 15 14 100000 39 24 9 5 11 23 100000 8 14 10 100000 44 25 22 17 32 20 23 5 42 30 37 100000 100000 100000
35 85 16 153 105 202 100000 72 100000 197 151 100000 4 169 98 110 141 225 100000 151 232 57 100000 123 176 100000 252 199 199
36 59 119 100000 119 137 175 100000 100000 135 175 100000 78 172 138 114 177 31 56 29 49 91 10 87 100000 159 66 73 100000
37 23 17 15 53 46 30 8 58 56 40 100000 19 100000 67 66 37 15 27 64 31 5 34 19 43 23 35 28 45
38 13 20 100000 38 24 23 18 18 14 15 100000 100000 28 8 100000 37 10 100000 22 19 100000 26 14 6 33 36 100000 100000
39 19 56 28 8 25 100000 14 100000 21 13 100000 100000 39 31 100000 19 13 8 100000 40 100000 35 54 13 52 100000 100000 5
40 108 288 72 43 37 100000 95 204 188 56 53 324 288 85 117 124 124 62 124 269 253 311 224 214 288 100000 195 263
41 214 100000 14 100000 84 245 386 270 565 379 495 610 100000 309 379 100000 100000 187 193 91 20 91 59 142 65 514 328 437
42 80 100000 178 235 152 106 164 209 87 100000 106 100000 100000 99 197 100000 228 226 207 6 100000 56 118 147 25 113 147 89
43 37 2 84 98 100000 63 34 101 16 100000 59 108 92 100000 108 92 100000 48 78 73 70 43 19 84 100000 86 4 100000
44 84 61 29 187 84 124 100000 124 239 100000 11 54 100000 182 61 99 247 114 100000 16 91 41 149 157 14 100000 244 49
45 18 30 21 100000 36 2 100000 6 100000 33 52 100000 28 11 49 16 26 5 25 37 45 38 30 2 49 20 49 44
46 12 25 20 5 9 5 13 19 100000 22 100000 31 19 29 100000 2 100000 2 29 8 36 24 8 3 24 100000 25 10
47 29 74 100000 8 11 17 64 70 10 100000 23 30 84 24 53 78 43 10 82 59 78 41 54 3 69 100000 54 100000
48 37 69 19 81 110 89 100000 100000 26 16 100000 100000 4 100000 27 54 26 13 87 5 100000 106 51 12 45 110 75 100000
49 13 3 31 28 10 15 3 25 5 28 100000 100000 9 100000 6 35 100000 100000 100000 23 7 28 100000 23 36 14 100000 25
50 70 57 100000 32 18 68 43 41 32 210 100000 100000 5 83 37 68 183 37 103 106 100000 47 100000 101 85 100000 206 166
51 217 541 14 371 307 100000 235 255 190 612 476 398 100000 359 560 216 307 196 404 40 573 190 209 619 164 100000 242 437
52 72 100000 100000 16 179 203 126 214 143 141 186 130 173 100000 117 115 100000 100000 214 61 147 179 100000 149 184 55 106 167
53 85 100000 171 31 92 214 161 156 100000 123 222 174 100000 217 242 85 31 70 100000 151 108 100000 82 26 207 179 136 169
54 43 33 48 51 100000 38 125 41 115 66 100000 15 125 5 9 33 15 30 100000 100000 60 71 23 75 66 100000 69 39
55 97 56 82 100000 71 149 245 277 282 219 274 169 129 169 242 33 158 134 248 137 291 172 178 100000 88 256 224 100000
56 37 63 79 7 100000 67 100000 65 42 106 21 60 91 111 100000 9 37 95 85 100000 78 87 100000 100000 31 79 2 16
57 13 17 14 100000 7 8 38 25 2 11 9 100000 100000 20 100000 100000 100000 30 32 23 5 14 14 4 28 11 30 34
58 35 19 100000 100000 73 83 6 94 100000 90 101 98 48 105 100000 26 3 100000 100000 100000 74 100000 93 80 24 100000 19 100000
59 217 398 144 100000 138 100000 34 339 371 105 320 144 547 34 476 79 21 27 100000 100000 8 235 100000 79 463 190 100000 430
60 72 63 126 100000 100000 173 98 20 130 100000 44 136 145 152 100000 186 10 53 100000 27 89 100000 66 100000 100000 100000 61 55
61 85 100000 70 118 100000 113 164 26 100000 120 151 242 100000 100000 100000 197 158 57 227 100000 164 100000 49 100000 70 194 204 87
62 25 12 34 72 100000 34 100000 25 46 57 70 14 49 49 11 100000 25 100000 11 66 41 48 31 100000 71 100000 100000 74
63 37 19 100000 96 100000 77 8 86 30 106 26 89 43 64 3 98 68 100000 40 71 51 71 25 58 63 70 25 80
64 37 11 60 67 95 100000 100000 100000 10 18 100000 100000 12 18 87 100000 43 103 2 111 100000 36 100000 100000 100000 109 16 100000
65 103 118 204 100000 13 300 214 16 254 201 35 210 100000 100000 100000 158 284 69 204 100000 177 241 10 195 41 16 306 124
66 140 100000 100000 47 100000 269 102 194 143 89 319 349 100000 22 100000 100000 100000 100000 100000 35 202 227 100000 181 282 30 349 294
67 49 100000 124 141 80 16 100000 43 100000 146 94 115 80 35 100000 65 5 40 62 100000 80 35 105 100000 144 100000 124 112
68 35 100000 39 37 49 42 7 80 48 32 75 70 50 59 17 69 35 93 100000 100000 100000 94 100000 56 101 100000 100000 72
69 51 151 86 130 45 22 142 25 151 100000 130 100 66 60 54 130 89 60 95 3 150 83 100000 120 100000 101 139 153
70 88 61 100000 206 48 156 22 64 169 164 100000 43 35 96 238 188 38 69 238 100000 190 100000 69 17 30 185 14 201
71 53 39 71 72 143 112 100000 100000 86 100000 86 101 127 100000 66 100000 77 100000 146 15 45 100000 120 9 100000 99 48 100000
72 144 10 242 87 100000 100000 100000 238 109 100000 100000 182 100000 100000 329 87 100000 148 27 48 277 104 229 113 100000 410 182 122
73 337 31 930 100000 102 476 698 100000 100000 92 829 72 849 920 102 132 344 405 678 173 102 173 718 100000 476 102 31 839
74 107 286 87 177 119 68 78 142 187 228 203 135 30 100000 65 321 119 292 100000 299 238 135 100000 187 100000 126 174 193
75 371 100000 435 846 590 802 935 401 802 879 212 768 100000 246 468 268 100000 212 190 100000 501 100000 857 590 100000 235 179 657
76 97 111 265 259 30 100000 18 45 79 13 233 100000 288 47 59 100000 108 207 216 100000 36 74 97 158 143 82 198 132
77 166 66 394 369 389 90 418 100000 175 170 210 21 284 66 100000 379 389 483 418 100000 100000 364 394 31 448 165 190 389
78 92 100000 73 37 100000 243 59 26 100000 73 111 141 183 100000 100000 268 40 177 4 227 64 100000 100000 133 48 172 260 100
79 92 89 119 119 249 147 78 158 37 51 100000 64 152 108 221 37 221 100000 26 84 26 100000 100000 9 100 100000 260 136
80 106 210 100000 14 251 270 100000 14 232 264 293 87 185 248 207 280 283 236 71 49 137 226 163 36 277 163 61 14
81 49 143 100000 96 2 100000 112 97 5 102 39 127 131 113 36 5 19 14 99 100000 84 100000 78 46 35 67 71 64
82 92 268 122 191 84 23 31 84 100000 100000 59 40 183 48 100000 196 100000 59 29 75 183 89 260 205 111 108 180 73
83 371 79 100000 957 535 100000 223 100000 23 68 179 768 1102 223 1080 913 813 657 724 100000 902 368 601 100000 134 624 624 435
84 87 37 100000 100000 170 24 100000 188 69 48 201 84 238 100000 183 170 92 35 238 84 100000 206 199 71 100000 141 113 173
85 162 100000 433 122 195 399 122 180 100000 100000 316 263 100000 100000 100000 253 467 394 100000 127 88 418 457 374 248 413 100000 452
86 96 254 233 199 44 256 245 110 100000 136 76 193 93 90 167 133 170 100000 242 179 100000 150 76 44 159 100000 124 245
87 79 29 41 183 114 8 110 133 237 228 95 232 100000 187 72 157 81 105 197 216 86 150 176 161 100000 91 91 91
88 96 38 90 100000 100000 199 81 24 208 41 262 41 182 90 110 21 67 56 56 93 100000 130 205 100000 100000 104 222 205
89 42 114 30 100000 36 122 100000 91 100000 35 49 87 66 100000 100000 104 100000 100000 67 100000 115 50 91 76 36 112 10 107
90 88 164 243 232 100000 51 104 117 125 164 100000 100000 67 238 83 261 111 100000 43 43 56 17 227 100000 214 127 148 17
91 90 189 246 122 100000 130 257 136 176 246 87 254 149 31 79 184 181 224 270 100000 246 109 122 55 100000 57 100000 100000
92 97 45 140 224 230 16 100000 53 79 62 187 242 100 248 132 39 100000 149 100000 100000 39 195 100000 47 271 152 221 163
93 270 349 50 802 422 276 802 753 179 640 98 494 373 58 98 100000 494 100000 100000 252 672 17 106 535 422 697 333 648
94 452 814 1261 841 773 340 936 814 100000 733 1288 100000 1044 42 651 100000 1180 570 100000 1302 100000 100000 191 855 100000 1044 100000 353
95 48 75 14 97 18 12 134 100000 143 65 110 57 100000 85 71 44 94 83 100000 104 62 131 14 25 121 51 117 134
96 338 852 285 862 923 173 700 406 994 639 497 100000 528 183 659 882 619 518 366 100000 903 112 943 366 100000 467 892 426
97 34 100000 100000 46 88 100000 39 89 78 86 100000 100000 37 87 67 100000 56 48 35 95 83 12 8 23 100000 9 84 13
98 65 71 100000 125 121 50 178 63 133 137 110 102 160 170 38 166 30 22 150 100000 156 100000 195 183 92 168 117 100000
99 50 100000 37 2 49 61 5 41 114 28 114 100000 56 128 71 141 144 58 128 52 100000 100000 140 59 107 138 131 100000
100 112 249 148 18 18 225 289 323 212 115 202 58 225 172 303 199 232 85 100000 205 100000 209 142 249 100000 215 158 246
101 48 51 41 35 58 37 74 107 87 4 60 54 84 140 55 68 143 100000 75 78 100000 127 103 87 100 110 2 12
102 117 85 106 127 100000 267 100000 299 100000 127 100000 92 110 211 176 145 187 138 232 43 117 40 96 99 176 100000 89 162
103 50 29 101 35 140 100000 17 8 26 150 117 14 86 13 78 56 134 100000 100000 114 20 126 64 90 4 28 114 116
104 68 147 178 182 100000 100000 100000 100000 100000 123 33 27 155 147 84 202 50 100000 84 50 9 17 46 141 100000 139 100000 111
105 232 100000 446 592 564 265 100000 100000 119 182 432 272 147 189 22 223 564 223 84 223 182 328 154 126 293 100000 100000 467
106 122 100000 111 257 194 359 227 125 100000 337 100000 304 52 176 289 249 96 100000 12 100000 100000 311 100000 289 100000 348 275 194
107 151 42 335 137 128 421 150 426 6 186 100000 109 209 33 155 132 426 453 141 100000 417 78 182 10 33 37 250 109
108 31 83 26 8 56 35 23 59 100000 64 100000 35 15 72 57 100000 54 100000 50 78 50 41 100000 100000 22 58 32 31
109 97 100000 30 18 42 117 100000 59 100000 91 256 103 120 236 10 100000 169 169 143 123 59 236 140 149 39 190 68 253
110 308 601 370 100000 370 343 121 924 100000 204 38 66 407 100000 100000 100000 463 702 167 278 84 555 592 315 100000 176 269 93
111 116 63 32 4 247 220 100000 292 95 286 100000 100000 91 67 348 100000 50 100000 327 67 324 4 227 251 39 178 18 154
112 312 100000 338 328 422 684 225 123 169 384 889 100000 57 646 581 515 100000 422 197 861 749 534 100000 843 319 100000 319 100000
113 34 17 65 98 2 100000 12 38 99 30 82 64 23 39 100000 40 77 80 17 100000 89 100000 100000 47 100000 50 11 81
114 128 12 24 124 154 350 273 254 166 273 319 292 101 100000 204 51 100000 235 231 100000 173 304 315 131 112 100000 215 330
115 54 30 67 7 100000 144 73 83 141 88 151 75 98 73 15 135 100000 138 33 100000 136 100000 28 109 70 133 69 146
116 175 515 441 200 190 100000 200 100000 368 48 373 100000 100000 100000 389 85 132 300 100000 431 462 331 499 420 247 420 100000 483
117 55 94 47 55 47 101 100000 78 73 100000 131 78 65 137 47 114 98 45 17 100000 16 100000 152 109 55 157 63 58
118 306 100000 93 194 38 698 588 790 469 579 100000 100000 56 652 414 359 918 249 863 570 487 100000 129 331 469 423 771 100000
119 59 100000 43 100000 100000 61 117 100000 133 100000 100000 144 124 34 100000 115 100000 89 100000 108 163 105 100000 100000 78 34 100000 24
120 59 66 100000 43 100000 175 94 40 119 100000 8 112 29 100000 100000 100000 158 93 100000 100000 100000 173 100000 100000 158 27 68 135
121 66 133 70 29 145 100000 100000 198 100000 198 190 52 194 21 3 100 52 92 155 46 170 46 100000 86 5 105 92 145
122 66 9 33 33 180 178 78 119 100000 117 100000 103 54 60 56 100000 76 15 70 127 101 100000 88 42 36 198 198 165
123 23 7 8 17 9 40 28 64 100000 3 62 66 100000 36 63 38 44 42 56 30 55 48 65 100000 47 56 100000 6
124 244 100000 418 242 23 235 100000 630 100000 198 228 147 220 286 81 578 176 410 695 695 250 100000 100000 59 100000 89 206 100000
125 54 83 46 100000 136 114 72 88 93 107 100000 82 100000 125 36 135 100000 70 72 99 114 43 28 100000 100000 35 43 54
126 294 521 415 151 565 433 609 574 100000 582 406 627 100000 204 100000 574 45 486 100000 100000 723 838 794 230 521 415 100000 89
127 84 204 154 106 100000 100000 100000 142 212 222 179 100000 69 100000 242 224 154 219 192 177 197 104 182 21 6 39 214 100000
128 61 130 25 47 100000 100000 25 176 100000 97 156 26 100000 108 161 161 5 63 100000 127 100000 100000 59 37 100000 72 100000 37
129 57 100000 71 164 100000 100000 55 125 100000 3 100000 79 100000 100000 100000 156 166 100000 59 96 100000 60 151 18 100000 139 100000 134
130 38 24 22 81 112 48 96 97 77 43 62 97 55 53 51 69 113 21 100000 100000 25 100000 55 36 100000 100000 100000 63
131 944 100000 100000 454 1841 2407 1671 2464 2096 511 794 2775 907 935 2011 2464 100000 765 2124 2832 2181 100000 100000 2237 1133 2577 100000 100000
132 511 507 553 1242 100000 1410 1380 1257 93 1119 100000 583 100000 338 100000 246 231 100000 1227 100000 1089 1303 100000 139 430 1364 353 583
133 625 1294 1425 1725 807 100000 1763 788 1200 1144 769 100000 100000 470 57 1369 563 1706 882 751 1688 100000 1144 413 100000 100000 100000 100000
134 445 868 268 641 1108 54 100000 68 455 1108 100000 1282 841 321 495 134 708 100000 100000 1228 188 375 100000 415 1042 1228 868 100000
135 68 100000 84 200 109 103 100000 100000 74 78 92 100 167 29 176 44 82 174 7 38 100000 184 60 78 100000 78 111 121
136 53 96 100000 107 140 102 47 100000 85 17 100000 33 28 56 6 100000 28 135 22 63 63 129 145 58 23 104 100000 56
137 49 4 129 147 100000 45 100 128 100000 73 128 94 40 100000 78 35 58 97 59 11 92 43 30 7 144 51 7 80
138 92 48 100000 100000 73 147 100000 4 221 128 238 100000 100000 130 73 268 251 133 67 161 150 254 62 166 15 70 249 133
139 236 86 114 418 100000 517 213 270 100000 588 107 644 248 29 291 291 390 284 595 100000 468 100 100000 100000 100000 390 524 510
140 116 84 296 109 230 230 185 133 29 154 195 100000 95 286 327 199 100000 178 185 100000 247 100000 74 334 84 348 268 98
141 265 88 533 96 374 100000 676 100000 100000 660 739 366 100000 231 446 581 100000 112 255 374 739 100000 747 231 549 589 366 100000
142 149 206 197 63 100000 380 202 157 100000 166 278 416 37 5 100000 420 380 100000 153 224 380 170 100000 100000 100000 344 286 157
143 74 58 100000 74 92 189 100000 32 10 171 39 209 100000 118 153 127 195 100000 211 100000 100000 195 169 43 140 142 222 32
144 332 61 538 976 757 41 757 499 100000 757 100000 588 100000 897 956 100000 100000 757 200 598 976 309 180 648 449 399 727 359
145 324 100000 545 904 100000 100000 100000 865 244 457 797 176 496 700 100000 496 943 457 234 671 11 622 817 720 525 448 817 100000
146 104 26 91 100000 100000 100000 7 197 100000 100000 129 188 222 250 97 244 256 23 166 100000 91 60 48 206 240 41 100000 63
147 51 7 100000 21 72 41 41 100000 100000 48 68 22 83 100000 126 145 39 135 82 100000 69 22 75 100000 21 45 3 100000
148 58 15 88 74 15 126 105 122 103 48 100 100000 164 157 100000 81 100000 46 49 100000 126 136 43 100 27 100000 100000 37
149 67 199 131 100000 93 143 67 39 41 175 159 133 201 100000 167 131 71 100000 35 100000 19 137 17 25 97 121 183 159
150 49 68 84 100000 30 11 73 119 70 2 100000 146 89 21 43 99 87 100000 100000 62 87 17 105 54 100000 122 43 74
151 107 270 241 91 139 100000 100000 177 212 308 196 65 100000 132 321 161 84 219 100000 215 289 209 100000 231 257 215 129 100000
152 38 100000 52 89 96 41 43 78 87 30 91 6 36 27 97 100000 44 100000 100000 56 67 114 69 45 51 41 54 60
153 27 43 33 40 41 59 19 47 69 35 100000 100000 100000 100000 72 79 35 81 7 100000 39 3 20 64 7 4 73 100000
154 68 33 100000 165 204 100000 88 98 109 44 123 100000 76 94 100000 11 27 167 100000 58 157 133 141 125 72 103 105 82
155 207 429 206 100000 330 323 404 88 609 534 516 379 26 491 100000 100000 63 423 516 454 187 100000 100000 478 100000 100000 199 125
156 202 267 546 509 128 213 189 552 110 279 473 539 570 189 425 261 100000 570 279 100000 491 49 213 310 49 164 564 213
157 83 100000 204 95 247 135 135 56 224 157 11 145 135 182 194 142 209 239 63 43 145 229 56 100000 132 177 182 68
158 35 38 83 64 84 100000 99 51 38 24 58 86 70 59 73 48 85 41 93 74 68 100000 38 104 90 100000 52 88
159 58 100000 100000 46 150 100000 152 174 100 113 60 15 132 100000 100000 100000 160 30 55 55 100000 145 148 146 93 155 18 46
160 42 90 24 104 100000 100 50 100000 59 37 90 17 104 100000 105 99 111 116 75 111 100000 85 112 50 119 100000 89 17
161 68 186 60 62 100000 50 105 82 9 100000 31 5 143 153 31 84 23 100000 123 100000 200 100000 100000 107 117 60 188 25
162 68 100000 100000 178 31 125 145 100000 3 11 94 76 29 54 143 143 100000 96 100000 113 36 96 115 100000 167 100000 153 90
163 68 100000 129 157 151 90 84 100000 15 135 204 192 141 167 100000 100000 100000 131 147 100000 60 200 100000 100000 62 188 194 84
164 103 291 23 44 130 201 100000 152 189 100000 100000 72 149 238 167 100000 100000 183 130 167 300 167 291 100000 284 100000 244 100000
165 103 146 294 38 29 90 254 180 167 204 100000 100000 133 7 29 281 269 284 291 183 235 146 235 100000 300 300 63 226
166 103 100000 284 41 56 100000 10 100000 149 210 19 100000 250 100000 118 300 103 72 201 223 241 183 100000 100 44 287 257 287
167 103 210 260 229 93 100000 217 238 100000 84 173 84 32 35 41 257 100000 192 214 23 7 241 100000 69 87 100000 100000 19
168 103 47 32 72 50 10 100000 266 84 100000 60 201 195 244 143 235 100000 244 281 100000 263 297 60 23 303 287 284 100000
169 68 11 115 92 100000 100000 137 186 117 169 11 103 100000 100000 100000 103 94 33 60 94 84 90 27 113 115 44 36 84
170 103 303 81 19 294 177 93 278 180 7 53 7 244 63 226 140 278 16 133 287 41 260 50 100000 214 69 300 309
171 68 38 70 3 174 38 100000 100000 15 100000 31 133 100000 100000 123 64 107 178 113 48 11 196 64 100000 121 143 100000 50
172 103 100000 100000 214 100000 47 87 189 143 100000 232 137 118 106 244 229 109 103 100000 118 226 226 167 291 284 238 109 96
173 103 133 164 204 177 257 167 29 66 44 100000 275 16 66 287 260 78 100000 47 130 56 23 161 198 260 32 300 100000
174 68 147 117 100000 52 202 157 36 84 100000 23 153 100000 48 100000 27 145 100000 90 17 192 192 105 3 100000 84 115 100000
175 103 275 173 100000 133 100000 303 100000 60 226 238 201 100000 100000 100000 78 75 127 19 201 100000 60 291 130 278 192 56 195
176 103 140 100000 100000 100000 100000 19 35 100000 247 63 241 100000 287 10 254 309 164 69 244 100000 217 173 278 100000 100000 250 60
177 10 100000 18 9 22 13 18 5 16 11 25 22 9 3 28 16 4 100000 13 100000 14 100000 100000 6 100000 20 13 100000
178 187 393 399 29 432 231 186 18 477 247 555 544 331 298 298 46 46 100000 57 100000 191 85 23 74 410 292 85 100000
179 134 101 318 318 226 262 370 258 100000 105 330 161 378 338 206 362 25 206 57 100000 350 121 290 306 270 394 206 346
180 89 102 44 100000 129 100000 147 131 100000 145 153 251 115 28 62 240 187 91 219 150 100000 254 6 166 100000 214 123 134
181 58 72 48 100000 22 27 4 53 77 20 46 62 62 98 139 167 165 100000 139 113 36 120 127 113 112 36 100000 30
182 49 81 112 61 73 112 100000 103 143 100000 40 56 97 100000 65 70 43 100000 14 129 108 108 100000 121 100000 61 115 89
183 134 97 100000 334 197 254 306 290 282 100000 9 326 246 100000 100000 161 61 49 21 310 270 278 105 366 100000 390 322 165
184 53 64 67 94 100000 88 100000 41 104 100000 100000 138 55 100000 10 100000 55 127 100000 101 50 36 100000 134 77 86 100000 66
185 334 1002 752 942 742 131 792 421 100000 401 201 321 582 582 872 111 11 772 281 321 201 802 522 401 461 100000 111 21
186 24 100000 32 17 70 60 71 41 61 70 35 100000 100000 27 61 53 41 12 100000 25 18 22 43 59 100000 100000 100000 10
187 76 100000 142 100000 99 6 46 100000 133 69 28 58 221 90 17 10 100000 121 228 185 100000 137 100000 85 208 201 178 100000
188 76 100000 223 119 99 35 155 194 105 144 146 85 100000 26 65 100000 103 223 3 128 37 178 100000 96 100000 12 65 83
189 192 151 100000 76 231 70 421 100000 156 30 524 100000 507 570 277 76 93 438 513 47 100000 133 105 266 369 100000 100000 536
190 98 77 30 100000 48 133 227 22 200 10 282 63 271 30 159 203 162 227 148 253 177 273 100000 109 156 100000 51 30
191 258 233 63 295 612 318 40 86 712 604 619 16 465 650 100000 743 418 318 100000 94 627 179 751 101 372 542 100000 78
192 165 297 332 431 100 352 416 129 455 362 65 100000 100000 100000 125 60 134 100000 322 204 411 26 372 100000 100000 465 238 100000
193 38 22 21 46 113 18 113 103 60 76 80 102 77 42 100000 7 7 100000 15 65 36 73 108 81 89 72 105 100000
194 115 228 100000 317 139 338 163 101 90 176 100000 46 100000 290 46 121 100000 100000 194 190 321 173 46 269 11 163 204 32
195 83 152 6 217 65 31 100000 63 192 100000 48 194 100000 204 172 100000 160 199 180 53 73 152 98 160 100000 13 199 6
196 56 100000 71 74 8 100000 156 100000 100000 100000 56 100000 39 98 48 100000 68 100000 100000 156 110 100000 58 120 166 61 110 128
197 29 32 100000 29 100000 100000 100000 57 12 66 66 84 14 100000 26 37 100000 31 40 28 100000 100000 14 53 22 11 2 57
198 303 682 201 164 746 100000 100000 100000 10 855 664 755 100000 282 101 618 100000 192 428 446 736 101 10 100000 210 664 691 28
199 18 48 100000 21 100000 17 100000 17 25 100000 10 12 5 11 26 34 46 52 7 7 47 49 7 35 28 28 26 33
200 29 86 86 100000 35 29 100000 100000 4 100000 39 100000 42 4 17 100000 100000 53 34 26 47 67 59 82 62 18 7 66
201 154 411 100000 29 347 100000 100000 213 416 42 100000 236 236 278 100000 250 84 24 361 181 47 15 47 181 100000 29 158 100000
202 90 100000 176 251 130 192 192 270 100000 240 133 136 63 251 100000 52 52 100000 168 4 130 100000 23 224 219 176 47 100000
203 93 100000 4 12 100000 100000 29 134 7 165 204 237 43 100000 129 54 212 40 273 196 100000 26 254 100000 243 98 40 157
204 94 38 265 198 100000 279 100000 82 186 100000 116 100000 100000 100000 136 172 82 97 68 102 100000 18 265 251 35 279 32 167
205 165 283 41 446 115 120 184 490 144 45 485 100000 45 184 465 26 139 100000 431 75 278 21 426 307 100000 352 268 100000
<task directions>
1 E
2 E
3 R
4 L
5 E
6 E
7 R
8 R
9 R
10 R
11 R
12 R
13 L
14 L
15 L
16 L
17 L
18 L
19 E
20 E
21 E
22 E
23 E
24 E
25 R
26 L
27 R
28 R
29 R
30 R
31 R
32 R
33 R
34 L
35 E
36 E
37 L
38 L
39 L
40 E
41 E
42 E
43 L
44 L
45 L
46 L
47 L
48 L
49 L
50 L
51 L
52 L
53 L
54 R
55 R
56 R
57 R
58 R
59 R
60 R
61 R
62 E
63 E
64 E
65 E
66 E
67 E
68 E
69 E
70 E
71 E
72 E
73 E
74 E
75 E
76 E
77 E
78 L
79 R
80 E
81 E
82 E
83 E
84 E
85 E
86 E
87 E
88 E
89 E
90 R
91 R
92 R
93 R
94 E
95 R
96 E
97 E
98 E
99 E
100 E
101 E
102 E
103 E
104 R
105 L
106 L
107 E
108 L
109 E
110 R
111 L
112 R
113 E
114 L
115 E
116 R
117 E
118 E
119 E
120 E
121 E
122 E
123 E
124 E
125 E
126 R
127 E
128 E
129 E
130 R
131 E
132 R
133 R
134 R
135 L
136 L
137 E
138 E
139 E
140 L
141 L
142 L
143 L
144 E
145 E
146 L
147 L
148 R
149 R
150 R
151 E
152 L
153 L
154 E
155 E
156 E
157 E
158 R
159 R
160 E
161 R
162 R
163 R
164 R
165 R
166 R
167 R
168 R
169 L
170 L
171 L
172 L
173 L
174 L
175 L
176 L
177 E
178 E
179 L
180 L
181 L
182 L
183 L
184 L
185 E
186 R
187 R
188 L
189 E
190 E
191 R
192 E
193 R
194 E
195 L
196 R
197 R
198 R
199 R
200 R
201 L
202 L
203 L
204 E
205 E
<precedence relations>
1,36
2,3
2,4
3,5
4,5
5,7
5,13
6,36
7,8
8,9
9,10
10,11
11,12
12,36
13,14
14,15
15,16
16,17
17,18
18,36
19,36
20,22
21,22
22,23
23,24
23,34
24,26
24,27
24,28
25,28
26,35
27,35
28,29
29,30
29,33
30,31
30,32
31,35
32,35
33,35
34,35
35,36
36,37
36,40
36,41
36,42
36,62
36,69
36,72
36,75
36,83
36,110
36,111
36,112
37,38
38,39
39,45
40,43
40,54
41,92
42,43
42,54
43,44
44,45
45,46
45,48
45,51
45,53
46,47
47,92
48,49
49,50
50,92
51,52
52,92
53,92
54,55
55,56
55,59
55,61
56,57
57,58
58,92
59,60
60,92
61,92
62,63
63,64
64,65
64,68
65,66
66,67
67,80
68,80
69,70
70,71
71,73
72,73
73,74
74,76
75,92
76,77
76,78
76,79
77,80
77,82
78,80
79,80
80,81
81,84
82,92
83,92
84,85
85,86
85,88
85,90
86,87
87,92
88,89
89,92
90,91
91,92
92,93
92,94
92,95
92,96
92,97
92,98
92,99
93,135
94,135
95,113
96,113
97,100
98,100
99,100
100,101
100,103
100,105
100,109
100,130
100,131
100,134
101,102
102,113
103,104
104,113
105,106
105,107
106,108
107,108
108,113
109,113
110,113
111,113
112,113
113,114
113,115
113,116
113,117
113,118
113,119
113,120
113,121
113,122
113,123
113,124
113,161
113,162
113,163
113,169
113,171
113,174
113,203
113,204
113,205
114,160
115,160
116,160
117,160
118,126
119,126
120,126
121,126
122,126
123,126
124,125
125,126
126,127
126,128
126,129
127,135
128,135
129,135
130,136
131,132
132,133
133,189
134,189
135,136
135,137
135,138
135,139
135,140
135,141
135,142
135,144
135,145
135,147
135,148
135,149
135,150
135,151
135,152
135,153
135,158
136,189
137,160
138,160
139,160
140,143
141,143
142,143
143,160
144,160
145,146
146,160
147,160
148,160
149,160
150,160
151,160
152,160
153,154
154,155
155,156
156,157
157,189
158,159
159,189
160,164
160,170
160,178
160,179
160,184
161,167
162,165
163,164
164,165
165,166
166,167
167,168
168,177
169,170
170,172
171,172
172,173
173,175
174,175
175,176
176,177
177,185
177,186
177,187
177,188
177,194
177,195
178,180
179,180
180,181
180,183
181,182
185,189
186,189
187,189
188,189
189,190
189,191
189,193
191,192
194,197
195,196
196,197
197,198
197,199
197,201
199,200
201,202
<end>