<number of tasks>
205
<number of mated-station>
12
<number of workers>
24
<task times>
1 692 100000 588 160 588 485 284 291 153 519 561 450 540 692 284 588 499 118 423 478 547 429 457 657
2 42 100000 21 15 15 19 33 41 29 22 42 8 19 2 15 7 17 17 35 3 31 34 17 13
3 261 256 102 204 134 100000 136 100000 100000 180 76 256 193 256 123 14 136 144 186 58 141 196 256 79
4 261 154 191 238 206 217 63 89 235 87 118 35 167 230 115 108 66 219 110 219 6 193 100000 248
5 157 100000 79 81 100000 93 12 118 101 135 151 127 52 73 116 6 76 100000 100000 23 155 157 71 71
6 90 13 78 70 42 76 88 78 6 62 80 55 46 78 62 11 72 5 67 24 22 54 41 37
7 54 52 100000 30 34 20 25 41 41 50 41 53 31 38 30 49 15 10 16 41 40 25 8 31
8 67 49 23 19 39 15 45 52 38 6 14 13 31 39 35 36 19 67 26 39 27 44 20 37
9 30 25 100000 26 26 2 100000 6 9 20 14 13 20 11 16 4 9 13 29 100000 22 2 29 28
10 106 35 68 67 45 56 88 100000 73 55 49 100000 40 104 73 67 80 49 35 58 72 99 47 91
11 32 27 31 10 19 16 13 3 32 24 10 17 21 15 17 23 9 21 13 100000 25 100000 17 16
12 62 100000 19 55 16 19 61 38 35 45 41 100000 57 7 100000 8 23 10 100000 18 56 2 29 59
13 54 37 36 29 17 3 36 23 43 33 48 24 42 100000 35 20 40 42 12 37 6 31 41 48
14 67 31 52 67 67 23 45 41 47 21 58 31 28 11 44 6 21 21 39 5 6 59 18 23
15 30 28 7 100000 100000 24 7 14 5 26 15 2 7 100000 27 11 27 19 100000 11 18 5 14 30
16 106 100000 34 36 19 67 99 83 2 54 52 105 41 98 15 68 83 96 98 65 37 100000 37 89
17 32 27 3 7 2 23 26 19 17 29 23 18 20 30 17 21 20 21 8 23 16 5 26 27
18 62 55 39 46 62 19 54 56 100000 25 11 54 35 2 32 53 52 56 13 27 5 12 4 35
19 56 44 43 10 23 18 19 14 18 28 30 47 40 32 24 38 31 14 51 100000 47 18 8 6
20 67 59 33 13 3 18 2 12 100000 49 43 31 13 49 33 52 66 7 31 65 56 25 31 30
21 86 10 28 3 49 100000 60 81 100000 27 11 60 47 38 100000 69 10 55 100000 100000 71 85 6 56
22 37 11 17 32 100000 100000 100000 100000 2 32 34 100000 29 10 3 100000 100000 11 23 32 18 15 2 24
23 41 22 41 20 35 35 35 6 100000 3 17 100000 100000 23 16 100000 41 100000 8 33 25 100000 8 23
24 72 100000 34 46 46 62 2 32 19 68 16 17 30 37 100000 19 10 17 22 30 54 9 14 44
25 86 36 14 8 29 4 7 31 49 63 19 42 35 72 56 32 66 63 63 15 39 78 15 65
26 16 100000 4 100000 13 6 12 16 9 9 3 5 10 8 14 5 10 1 4 100000 16 7 4 4
27 51 26 29 100000 35 44 50 100000 39 14 39 31 47 35 50 22 38 25 6 23 4 24 14 6
28 66 5 47 2 4 13 100000 13 20 58 65 50 46 24 39 35 35 7 25 41 15 56 14 26
29 41 26 100000 23 40 2 23 17 25 30 24 19 40 3 18 5 17 7 39 28 11 5 25 11
30 72 5 44 32 62 17 40 59 24 10 43 2 61 13 48 71 69 100000 68 100000 55 9 50 100000
31 51 100000 10 35 51 48 33 5 5 20 3 25 34 13 16 18 18 100000 41 32 100000 33 100000 36
32 16 12 15 100000 5 8 15 100000 9 15 9 14 15 14 100000 13 100000 11 12 15 13 100000 12 6
33 15 9 11 13 1 14 12 5 10 9 4 14 3 13 5 10 3 2 12 15 10 3 10 14
34 15 12 7 6 15 5 7 14 12 7 5 5 3 12 4 100000 100000 8 6 13 14 13 9 3
35 85 68 32 82 75 84 19 100000 14 69 29 56 100000 4 83 39 15 11 54 40 35 7 44 49
36 59 53 21 100000 46 49 26 53 27 50 42 36 27 2 100000 22 14 41 17 40 44 9 36 39
37 23 4 4 19 100000 15 22 2 22 100000 11 12 21 17 4 7 6 100000 100000 15 22 17 13 17
38 13 8 2 10 7 10 7 2 10 11 4 11 5 6 2 12 11 100000 3 12 9 4 8 7
39 19 100000 13 15 100000 4 10 9 2 13 15 5 10 2 17 8 11 3 100000 5 100000 19 11 100000
40 108 84 106 95 100000 62 40 45 2 6 20 63 22 33 13 22 100000 100000 47 3 41 95 60 87
41 214 16 100000 195 14 105 37 93 205 7 186 12 148 167 108 82 161 100000 112 63 137 100000 63 95
42 80 16 61 71 32 40 41 56 4 38 3 33 100000 72 100000 15 75 100000 10 48 4 100000 31 74
43 37 100000 15 36 4 13 4 35 20 12 100000 8 25 9 32 15 31 2 9 33 31 21 21 10
44 84 82 100000 75 2 71 78 76 3 16 57 35 17 43 100000 73 82 14 2 3 20 57 30 53
45 18 8 9 11 9 2 8 15 2 6 4 16 11 2 100000 8 11 11 6 100000 12 11 2 16
46 12 7 5 2 5 11 7 7 12 4 4 2 4 7 100000 2 5 8 9 2 9 3 2 100000
47 29 19 26 100000 21 27 15 6 24 9 29 7 17 23 26 10 17 14 100000 29 20 11 13 26
48 37 25 6 14 13 12 26 25 13 29 24 36 5 15 33 2 22 19 10 100000 33 23 22 15
49 13 100000 100000 3 9 10 3 4 12 8 8 3 6 100000 8 100000 11 11 3 100000 12 9 6 10
50 70 57 63 30 52 100000 22 67 49 69 4 53 46 100000 24 22 100000 33 65 49 29 58 41 29
51 217 120 185 36 163 191 193 16 77 202 3 185 81 7 44 98 100000 100000 46 5 70 131 100000 126
52 72 100000 54 100000 45 46 9 8 32 24 29 71 71 21 59 19 100000 100000 59 54 100000 63 12 6
53 85 72 84 58 36 4 4 14 3 13 30 100000 32 2 19 74 3 100000 67 63 3 60 100000 69
54 43 38 27 5 6 26 100000 8 2 26 38 3 100000 42 24 27 26 37 4 5 25 33 20 7
55 97 28 68 59 87 33 100000 74 62 38 5 67 100000 11 100000 69 52 41 71 92 35 13 37 32
56 37 27 16 100000 20 37 12 10 28 37 34 24 20 34 19 33 15 5 33 35 32 4 14 31
57 13 12 100000 11 4 10 4 7 4 5 5 5 100000 6 2 1 7 6 5 10 100000 8 3 7
58 35 7 10 30 31 6 5 30 11 20 5 17 29 6 30 20 19 16 100000 28 29 34 100000 100000
59 217 178 49 202 118 152 103 161 157 100000 46 111 111 55 115 29 189 46 180 165 96 187 206 100000
60 72 23 3 23 11 22 48 39 100000 42 45 5 36 32 29 29 51 5 3 59 40 54 32 27
61 85 100000 30 20 25 34 78 35 100000 46 35 19 29 71 100000 4 67 14 71 100000 100000 79 56 14
62 25 16 6 15 2 11 13 1 9 18 8 10 5 14 14 13 17 5 18 18 17 14 3 12
63 37 9 13 16 100000 15 34 22 32 23 15 16 35 2 13 30 32 100000 33 5 6 32 100000 19
64 37 18 19 16 30 2 28 5 16 23 34 14 27 13 11 100000 12 21 27 28 18 22 21 100000
65 103 68 94 79 46 100000 25 24 48 60 64 100000 74 92 93 43 75 83 18 31 100000 100000 12 76
66 140 16 116 29 36 132 77 4 102 100 79 72 100000 129 100000 105 130 86 101 122 96 64 89 36
67 49 47 6 25 7 21 16 4 43 1 20 9 13 18 45 100000 100000 2 44 100000 13 1 35 13
68 35 22 9 24 5 12 17 35 13 21 21 25 24 10 100000 14 3 29 24 19 14 19 7 6
69 51 21 24 20 39 42 15 2 37 8 10 25 47 100000 22 30 50 100000 38 20 49 39 13 42
70 88 71 75 64 55 8 85 53 87 100000 7 54 50 79 29 79 25 73 75 57 67 50 46 100000
71 53 28 18 2 25 16 18 100000 2 19 34 12 30 48 22 52 13 26 10 47 17 23 24 30
72 144 100000 70 97 140 75 83 100 68 74 110 91 135 12 30 4 100000 28 93 117 70 100000 8 31
73 337 206 35 297 65 65 100000 100000 277 300 169 31 38 307 297 176 112 95 100000 166 320 166 300 51
74 107 87 93 100000 54 100000 89 106 100000 106 39 83 52 100000 69 17 100000 84 100000 107 52 15 95 21
75 371 8 31 153 131 260 364 227 286 364 290 27 179 179 171 193 205 282 175 134 316 234 367 230
76 97 100000 100000 23 11 61 100000 47 40 18 26 75 27 31 7 85 25 24 72 60 40 9 13 15
77 166 19 130 128 90 158 108 8 39 24 60 100000 148 31 42 67 158 108 14 55 153 27 79 24
78 92 77 10 2 5 36 16 60 62 7 36 100000 7 5 66 75 100000 46 100000 100000 34 63 13 25
79 92 51 100000 3 24 15 52 53 19 36 45 77 64 89 81 77 44 23 91 58 26 57 78 53
80 106 16 6 106 89 25 98 94 67 100000 31 57 89 73 4 38 52 66 100000 76 60 102 85 41
81 49 17 36 100000 44 11 34 19 37 29 39 100000 48 9 47 12 43 14 29 19 2 15 23 18
82 92 92 44 3 62 82 100000 22 70 100000 55 77 34 26 91 48 67 78 50 23 62 82 100000 48
83 371 312 249 12 212 156 20 323 75 193 100000 205 31 271 356 219 94 100000 160 216 308 371 345 8
84 87 57 83 56 86 67 66 46 47 20 59 84 63 36 75 36 16 13 37 100000 46 74 16 60
85 162 100000 91 53 100000 104 59 100000 83 100000 94 83 157 14 64 9 100000 128 117 43 27 30 139 96
86 96 27 66 20 39 46 45 41 19 46 10 65 100000 75 9 16 100000 54 67 57 100000 11 69 5
87 79 59 16 15 100000 28 10 17 8 18 40 50 19 65 69 68 50 70 7 11 100000 74 59 100000
88 96 50 30 52 93 65 85 8 4 29 72 89 96 84 72 13 100000 76 68 100000 91 87 5 100000
89 42 39 7 22 19 32 6 21 25 10 100000 29 16 23 20 23 39 40 7 42 7 18 7 100000
90 88 2 49 14 100000 4 82 5 14 100000 73 12 85 38 24 100000 62 80 63 30 52 60 43 26
91 90 100000 60 100000 60 79 82 85 77 41 67 29 21 18 41 87 57 10 2 87 29 5 64 33
92 97 33 22 24 85 13 27 2 9 78 31 84 10 54 81 25 49 53 3 53 16 81 78 8
93 270 187 168 133 101 203 100000 57 216 227 71 100000 109 224 254 66 195 79 92 87 100000 227 87 211
94 452 100000 6 366 159 10 330 227 15 28 15 339 73 402 100000 100000 109 231 217 375 15 411 303 425
95 48 9 44 100000 100000 14 25 38 100000 28 100000 29 26 31 100000 28 47 22 12 30 25 100000 24 15
96 338 203 75 62 82 176 254 220 294 335 100000 304 173 100000 11 240 200 136 170 237 119 314 193 250
97 34 6 20 22 29 29 6 7 24 3 5 24 11 3 4 25 34 4 100000 12 29 32 28 7
98 65 63 3 39 60 49 29 9 22 35 20 40 55 50 49 43 53 5 15 21 32 100000 54 11
99 50 35 18 11 31 12 21 19 26 45 19 43 5 47 37 49 12 11 1 19 2 26 20 33
100 112 27 104 33 73 55 61 18 3 7 93 34 57 24 61 100000 57 82 83 39 78 21 83 51
101 48 47 23 41 36 100000 6 32 16 36 37 4 7 26 100000 10 5 24 100000 11 33 18 16 30
102 117 33 101 3 100000 45 58 51 64 50 111 108 53 18 104 117 116 75 14 71 110 83 89 3
103 50 49 41 20 6 37 3 3 5 31 36 5 37 100000 21 44 6 39 2 46 37 42 15 38
104 68 13 67 35 57 24 37 4 21 5 100000 4 19 32 53 20 29 52 63 35 37 4 49 29
105 232 52 227 160 167 77 218 103 163 163 197 216 230 202 117 156 151 211 181 29 6 80 98 73
106 122 30 22 75 41 18 70 34 103 51 100000 100000 59 104 92 100000 53 20 120 9 48 53 17 120
107 151 135 58 100000 18 97 79 108 100000 69 37 43 34 141 48 114 15 99 66 72 15 12 25 100000
108 31 9 19 23 100000 27 10 18 15 14 26 24 25 29 4 4 21 28 8 4 3 7 19 100000
109 97 51 100000 16 18 89 31 62 57 92 27 46 20 84 85 46 61 88 18 56 100000 74 55 85
110 308 139 305 164 72 13 194 234 302 7 78 19 151 93 283 32 274 197 130 105 13 142 65 256
111 116 23 64 107 19 92 30 52 91 100000 105 67 102 9 100000 14 32 100000 36 100 2 61 8 19
112 312 153 51 209 26 48 94 79 100000 20 219 32 4 73 175 293 91 104 166 100000 100000 209 222 94
113 34 21 100000 16 15 27 21 2 18 9 100000 13 21 100000 33 18 100000 15 20 25 7 5 2 27
114 128 59 118 98 104 90 44 95 100000 80 91 127 100000 62 100000 105 105 45 111 105 76 73 56 9
115 54 36 34 18 37 33 44 29 46 15 18 49 22 16 8 44 18 12 41 26 38 30 48 23
116 175 65 95 48 55 126 98 100000 53 100000 3 104 100000 149 144 4 119 140 86 145 78 100000 156 25
117 55 18 11 13 32 18 2 25 40 51 16 47 6 26 31 40 54 36 46 100000 100000 28 46 2
118 306 208 239 196 141 7 59 172 282 132 172 141 251 251 41 190 132 227 248 71 71 120 100000 53
119 59 12 26 50 12 16 49 50 50 9 30 32 59 33 51 47 42 29 54 32 51 100000 46 100000
120 59 22 42 27 27 7 100000 14 35 49 40 13 6 48 4 29 7 19 46 52 43 56 18 43
121 66 49 43 9 48 39 42 36 47 2 18 14 41 53 47 61 60 24 22 64 22 10 61 14
122 66 48 6 39 38 100000 54 38 46 48 100000 34 15 60 35 17 50 28 9 39 19 65 6 60
123 23 17 11 8 4 14 3 13 22 18 22 15 18 12 21 16 100000 18 13 7 11 1 13 15
124 244 96 33 171 176 16 23 8 137 193 176 229 234 52 164 220 74 210 103 171 227 181 23 120
125 54 6 6 4 10 20 7 31 18 26 14 45 28 15 29 43 6 20 12 35 100000 33 47 42
126 294 27 101 57 153 104 259 54 241 159 165 124 250 19 206 77 168 180 89 265 100000 177 265 51
127 84 81 22 61 66 49 83 33 22 58 100000 8 43 79 59 56 100000 55 45 18 42 29 72 18
128 61 32 7 18 100000 42 54 39 53 30 56 100000 5 16 52 100000 100000 23 6 51 36 29 52 33
129 57 5 28 18 6 100000 55 19 2 12 36 9 5 17 27 36 42 49 34 7 57 50 6 22
130 38 33 6 11 30 15 24 8 25 34 19 17 14 34 24 3 11 24 21 38 100000 19 36 3
131 944 218 935 473 463 463 350 529 29 114 331 491 100000 397 95 67 312 529 652 925 463 708 100000 906
132 511 241 62 470 100000 100000 266 445 134 353 501 414 88 384 220 11 440 297 100000 501 113 129 21 42
133 625 100000 506 100000 45 481 575 581 619 475 88 363 531 432 513 194 432 26 132 7 544 101 338 57
134 445 276 14 205 100000 81 267 219 165 418 100000 165 414 179 152 352 170 170 267 45 139 90 100000 205
135 68 33 45 13 61 63 54 64 100000 49 11 8 38 28 43 36 100000 22 18 59 39 32 22 52
136 53 31 41 3 21 14 42 28 30 8 30 38 20 8 41 8 3 7 100000 50 100000 39 34 35
137 49 27 46 34 12 31 34 14 19 13 49 12 3 25 34 26 41 42 49 38 23 8 13 7
138 92 77 23 6 62 61 45 79 47 77 77 68 36 57 87 53 62 37 80 31 71 9 2 70
139 236 236 137 100000 8 29 25 81 100000 158 213 100000 220 100000 213 13 187 107 15 32 60 180 102 194
140 116 39 17 100000 70 100000 39 11 31 26 100000 15 7 71 98 76 41 44 53 22 6 100000 21 105
141 265 173 85 151 144 112 228 241 233 100000 100000 186 112 59 241 4 85 262 241 212 64 112 100000 107
142 149 103 38 102 100000 139 11 57 56 100000 148 100000 100 87 8 37 22 22 100000 137 7 116 59 37
143 74 62 38 64 21 58 10 8 48 53 23 21 14 72 59 16 73 27 24 8 9 8 48 71
144 332 243 282 107 266 200 90 312 64 100000 143 100000 97 41 272 315 147 100000 94 31 100000 100000 286 100000
145 324 276 172 100000 311 237 195 288 234 49 172 88 37 100000 224 66 211 98 56 121 72 59 182 100000
146 104 74 12 36 100000 100000 6 70 100000 7 73 60 100000 14 97 23 49 84 13 24 48 63 100000 22
147 51 5 34 41 44 20 15 10 4 44 100000 2 40 13 50 100000 37 28 39 36 6 49 30 40
148 58 48 36 37 100000 100000 7 27 8 24 56 18 51 52 42 12 7 15 5 100000 31 58 15 20
149 67 100000 10 29 42 26 66 61 39 100000 51 47 25 4 53 28 27 38 64 28 100000 20 38 55
150 49 48 37 2 4 2 46 100000 13 17 5 43 44 15 5 2 8 26 6 10 28 40 13 11
151 107 70 95 71 33 29 100000 25 33 24 66 13 37 62 25 100000 68 68 100000 82 76 101 58 50
152 38 4 100000 19 5 32 21 20 27 12 12 27 100000 34 15 18 25 30 37 24 18 18 34 100000
153 27 26 17 14 26 22 11 4 13 9 14 100000 100000 21 16 11 6 5 100000 22 5 3 18 18
154 68 100000 32 100000 24 32 16 59 9 36 65 59 41 49 18 5 30 35 35 34 100000 61 53 100000
155 207 81 59 100000 40 137 92 36 100000 40 188 5 13 40 102 79 100000 24 162 176 100000 141 67 20
156 202 154 120 41 126 57 100000 106 75 25 100000 71 134 100000 168 95 140 77 166 75 63 83 51 160
157 83 4 41 42 67 76 34 44 4 4 52 74 71 44 100000 63 74 75 22 49 52 60 72 100000
158 35 20 13 19 10 3 14 33 18 100000 32 31 19 6 10 100000 100000 20 10 23 24 10 7 3
159 58 2 46 28 100000 54 33 57 49 46 4 39 2 100000 15 27 11 58 52 100000 18 39 33 33
160 42 36 100000 7 23 31 100000 20 2 100000 28 23 20 22 5 25 21 100000 4 24 12 24 25 9
161 68 67 24 100000 6 26 42 52 22 35 16 30 41 37 48 30 59 39 56 15 33 32 52 12
162 68 29 100000 6 100000 41 67 68 2 66 43 100000 6 3 48 34 62 48 100000 56 55 2 56 63
163 68 61 60 21 55 8 61 18 39 16 58 16 8 46 18 39 60 20 54 8 54 56 58 35
164 103 84 6 52 43 83 58 41 13 50 89 56 100000 62 100000 69 50 24 79 70 12 102 19 39
165 103 22 79 98 100 81 8 64 21 87 35 31 65 52 88 2 25 96 20 68 25 100000 93 66
166 103 100000 40 100000 43 100 5 68 100 87 27 82 48 100000 44 29 76 8 53 85 102 71 52 40
167 103 5 32 47 57 100000 38 44 54 80 29 80 81 84 100000 94 63 94 100000 13 78 84 33 95
168 103 19 100000 8 101 6 97 89 100000 100000 88 71 87 60 5 100000 45 9 58 29 64 36 98 84
169 68 100000 8 8 12 100000 2 23 60 52 20 20 38 100000 41 10 65 51 10 35 68 31 62 34
170 103 17 94 85 9 57 76 43 70 79 100000 101 100000 12 52 8 85 35 100000 2 40 55 68 16
171 68 34 58 49 51 22 22 100000 24 13 4 51 41 22 16 18 45 51 21 32 9 60 59 37
172 103 48 55 27 22 85 57 53 60 62 78 92 44 38 53 44 13 16 53 19 95 86 54 100000
173 103 14 42 11 32 54 80 32 71 88 67 80 43 14 32 91 59 13 98 74 60 18 34 79
174 68 47 15 45 41 100000 61 100000 22 58 49 2 100000 54 53 56 54 4 27 54 100000 38 100000 21
175 103 100000 94 72 75 102 49 35 5 33 48 94 100 76 48 40 8 99 100000 40 100000 71 3 58
176 103 12 2 27 13 100000 44 68 30 100000 88 100000 27 98 3 13 5 24 85 13 91 70 34 92
177 10 10 10 6 100000 5 8 5 6 9 2 9 6 8 100000 100000 9 4 4 7 8 5 100000 5
178 187 168 23 57 38 48 68 34 113 100000 94 70 31 62 155 59 98 59 8 7 23 135 31 96
179 134 21 123 134 99 100000 18 34 94 17 60 130 75 94 73 82 134 100000 100000 4 9 62 6 129
180 89 66 19 75 23 21 100000 31 18 41 52 5 24 8 67 64 29 78 28 69 4 72 13 9
181 58 23 56 52 100000 100000 6 2 33 20 19 24 4 31 31 13 47 34 18 4 40 35 42 100000
182 49 28 46 23 6 30 48 22 8 40 39 6 3 33 8 13 4 18 12 16 2 26 4 100000
183 134 50 48 17 91 85 25 106 89 48 53 100000 21 18 30 113 101 100000 25 38 101 100000 28 54
184 53 20 51 100000 11 10 100000 48 42 38 100000 21 4 17 11 28 3 17 6 100000 32 32 43 21
185 334 217 51 241 301 151 38 267 277 100000 4 100000 197 221 264 291 18 48 151 291 100000 231 134 301
186 24 21 100000 24 100000 13 5 10 13 24 2 8 9 16 19 15 18 22 6 21 3 100000 100000 22
187 76 64 75 69 75 8 51 62 3 55 65 65 100000 65 100000 20 16 100000 6 14 76 66 40 11
188 76 14 70 59 29 100000 30 17 8 40 57 33 100000 49 12 71 19 75 42 73 57 71 29 30
189 192 81 102 51 18 154 14 110 139 100000 33 58 54 100000 79 74 16 51 70 123 100000 192 182 182
190 98 30 57 83 100000 25 3 37 19 57 30 64 77 8 70 66 81 77 38 12 13 100000 36 96
191 258 137 209 109 219 91 122 91 42 29 11 160 112 122 81 100000 100000 73 100000 253 199 100000 100000 212
192 165 129 104 67 129 91 70 52 126 42 72 53 109 31 35 129 121 106 137 103 17 106 100000 21
193 38 4 34 100000 20 23 100000 36 14 100000 100000 29 17 27 10 35 37 13 36 9 12 22 20 10
194 115 15 14 49 105 41 107 37 112 49 43 42 15 88 15 37 106 60 83 27 9 77 48 77
195 83 11 6 76 28 38 77 11 16 76 100000 27 60 9 23 76 51 18 24 7 30 43 82 17
196 56 100000 20 41 12 9 49 55 23 8 32 13 41 55 21 40 44 100000 3 25 28 33 28 7
197 29 17 21 5 7 25 7 12 12 100000 10 4 3 100000 18 18 21 12 100000 20 8 22 4 26
198 303 55 52 100000 67 55 194 279 158 16 161 40 100000 228 100000 64 149 182 194 197 107 209 185 218
199 18 3 18 8 5 100000 15 6 10 4 12 3 3 5 12 11 15 9 1 100000 13 14 2 13
200 29 19 100000 8 19 6 20 2 11 5 12 7 27 5 23 28 13 27 100000 12 25 12 9 13
201 154 87 59 87 44 71 100000 38 122 68 148 126 3 143 56 67 107 61 130 88 45 56 134 19
202 90 50 86 88 54 100000 42 23 28 15 19 75 59 57 100000 25 16 20 54 5 100000 5 85 71
203 93 92 78 59 29 7 56 100000 28 40 30 50 18 100000 20 100000 79 25 100000 100000 53 33 24 63
204 94 57 8 75 2 10 79 48 58 100000 75 22 100000 57 34 35 25 59 51 19 100000 37 49 57
205 165 47 98 17 42 114 113 108 162 26 8 145 88 29 100000 158 152 4 72 113 150 108 101 44
<task directions>
1 E
2 E
3 R
4 L
5 E
6 E
7 R
8 R
9 R
10 R
11 R
12 R
13 L
14 L
15 L
16 L
17 L
18 L
19 E
20 E
21 E
22 E
23 E
24 E
25 R
26 L
27 R
28 R
29 R
30 R
31 R
32 R
33 R
34 L
35 E
36 E
37 L
38 L
39 L
40 E
41 E
42 E
43 L
44 L
45 L
46 L
47 L
48 L
49 L
50 L
51 L
52 L
53 L
54 R
55 R
56 R
57 R
58 R
59 R
60 R
61 R
62 E
63 E
64 E
65 E
66 E
67 E
68 E
69 E
70 E
71 E
72 E
73 E
74 E
75 E
76 E
77 E
78 L
79 R
80 E
81 E
82 E
83 E
84 E
85 E
86 E
87 E
88 E
89 E
90 R
91 R
92 R
93 R
94 E
95 R
96 E
97 E
98 E
99 E
100 E
101 E
102 E
103 E
104 R
105 L
106 L
107 E
108 L
109 E
110 R
111 L
112 R
113 E
114 L
115 E
116 R
117 E
118 E
119 E
120 E
121 E
122 E
123 E
124 E
125 E
126 R
127 E
128 E
129 E
130 R
131 E
132 R
133 R
134 R
135 L
136 L
137 E
138 E
139 E
140 L
141 L
142 L
143 L
144 E
145 E
146 L
147 L
148 R
149 R
150 R
151 E
152 L
153 L
154 E
155 E
156 E
157 E
158 R
159 R
160 E
161 R
162 R
163 R
164 R
165 R
166 R
167 R
168 R
169 L
170 L
171 L
172 L
173 L
174 L
175 L
176 L
177 E
178 E
179 L
180 L
181 L
182 L
183 L
184 L
185 E
186 R
187 R
188 L
189 E
190 E
191 R
192 E
193 R
194 E
195 L
196 R
197 R
198 R
199 R
200 R
201 L
202 L
203 L
204 E
205 E
<precedence relations>
1,36
2,3
2,4
3,5
4,5
5,7
5,13
6,36
7,8
8,9
9,10
10,11
11,12
12,36
13,14
14,15
15,16
16,17
17,18
18,36
19,36
20,22
21,22
22,23
23,24
23,34
24,26
24,27
24,28
25,28
26,35
27,35
28,29
29,30
29,33
30,31
30,32
31,35
32,35
33,35
34,35
35,36
36,37
36,40
36,41
36,42
36,62
36,69
36,72
36,75
36,83
36,110
36,111
36,112
37,38
38,39
39,45
40,43
40,54
41,92
42,43
42,54
43,44
44,45
45,46
45,48
45,51
45,53
46,47
47,92
48,49
49,50
50,92
51,52
52,92
53,92
54,55
55,56
55,59
55,61
56,57
57,58
58,92
59,60
60,92
61,92
62,63
63,64
64,65
64,68
65,66
66,67
67,80
68,80
69,70
70,71
71,73
72,73
73,74
74,76
75,92
76,77
76,78
76,79
77,80
77,82
78,80
79,80
80,81
81,84
82,92
83,92
84,85
85,86
85,88
85,90
86,87
87,92
88,89
89,92
90,91
91,92
92,93
92,94
92,95
92,96
92,97
92,98
92,99
93,135
94,135
95,113
96,113
97,100
98,100
99,100
100,101
100,103
100,105
100,109
100,130
100,131
100,134
101,102
102,113
103,104
104,113
105,106
105,107
106,108
107,108
108,113
109,113
110,113
111,113
112,113
113,114
113,115
113,116
113,117
113,118
113,119
113,120
113,121
113,122
113,123
113,124
113,161
113,162
113,163
113,169
113,171
113,174
113,203
113,204
113,205
114,160
115,160
116,160
117,160
118,126
119,126
120,126
121,126
122,126
123,126
124,125
125,126
126,127
126,128
126,129
127,135
128,135
129,135
130,136
131,132
132,133
133,189
134,189
135,136
135,137
135,138
135,139
135,140
135,141
135,142
135,144
135,145
135,147
135,148
135,149
135,150
135,151
135,152
135,153
135,158
136,189
137,160
138,160
139,160
140,143
141,143
142,143
143,160
144,160
145,146
146,160
147,160
148,160
149,160
150,160
151,160
152,160
153,154
154,155
155,156
156,157
157,189
158,159
159,189
160,164
160,170
160,178
160,179
160,184
161,167
162,165
163,164
164,165
165,166
166,167
167,168
168,177
169,170
170,172
171,172
172,173
173,175
174,175
175,176
176,177
177,185
177,186
177,187
177,188
177,194
177,195
178,180
179,180
180,181
180,183
181,182
185,189
186,189
187,189
188,189
189,190
189,191
189,193
191,192
194,197
195,196
196,197
197,198
197,199
197,201
199,200
201,202
<end>