<number of tasks>
205
<number of mated-station>
7
<number of workers>
14
<task times>
1 692 499 100000 1869 1039 976 624 603 375 893 1101 790 1993 100000
2 42 57 100000 110 27 46 5 124 89 59 119 100000 67 56
3 261 462 220 134 236 9 142 298 100000 556 322 100000 455 533
4 261 603 64 95 100000 642 462 400 142 353 681 103 150 100000
5 157 100000 405 292 386 72 462 39 339 382 462 288 405 123
6 90 100000 238 184 192 100000 31 95 6 68 100000 20 4 270
7 54 100000 156 46 32 156 72 100000 138 100000 160 109 100000 25
8 67 193 175 100000 100000 199 27 100000 100000 3 93 59 31 107
9 30 3 62 4 3 24 2 87 25 62 77 78 100000 70
10 106 58 100000 137 280 100000 68 251 255 71 100000 223 17 93
11 32 2 32 92 94 55 100000 32 29 81 66 48 69 16
12 62 90 136 100000 100000 84 186 134 64 32 68 100000 169 100000
13 54 28 100000 100000 122 110 162 67 69 46 53 6 67 159
14 67 91 177 100000 79 100000 100000 115 147 100000 100000 179 65 125
15 30 34 2 6 46 100000 2 100000 46 42 24 41 45 61
16 106 100000 100000 100000 147 299 280 194 87 100000 217 242 100000 100000
17 32 43 100000 93 41 23 81 88 100000 78 62 26 70 100000
18 62 75 100000 81 166 55 105 51 100000 66 106 112 36 94
19 56 106 100000 39 166 100000 161 79 143 128 43 14 61 153
20 67 5 79 165 139 177 181 153 179 167 23 100000 57 119
21 86 189 24 76 100000 191 70 100000 207 50 100000 250 60 124
22 37 100000 88 70 9 100000 67 97 100000 100000 60 8 49 57
23 41 100000 38 2 100000 100000 13 100000 45 14 50 100000 63 100000
24 72 197 66 199 81 40 136 192 100000 14 117 66 100 175
25 86 232 100000 101 104 258 104 27 100000 204 65 227 227 183
26 16 30 47 100000 12 26 41 40 27 19 20 34 6 36
27 51 89 22 83 100000 100000 130 60 19 7 42 74 100000 10
28 66 54 25 48 151 23 103 100000 40 100000 100000 40 117 100000
29 41 100000 84 68 32 41 97 100000 100000 100000 8 51 91 95
30 72 100000 113 132 44 76 184 74 124 42 20 169 177 100000
31 51 148 103 147 48 100 24 7 100 41 151 142 135 130
32 16 100000 35 15 100000 47 15 25 47 100000 38 24 29 18
33 15 6 33 38 36 37 100000 36 5 100000 11 4 29 34
34 15 26 5 100000 28 35 18 11 38 30 41 42 100000 19
35 85 80 77 39 100000 242 100000 189 194 133 26 133 75 49
36 59 154 177 121 87 20 3 80 68 170 52 73 103 19
37 23 34 49 15 100000 100000 57 25 29 54 100000 59 18 100000
38 13 34 20 24 10 36 100000 100000 2 34 29 36 11 100000
39 19 36 56 100000 21 52 100000 33 34 9 17 37 15 100000
40 108 100000 308 243 100000 224 292 185 20 69 282 253 100000 227
41 214 100000 623 495 100000 100000 398 539 257 392 604 616 546 148
42 80 100000 223 80 37 100000 199 118 100000 142 121 39 216 75
43 37 100000 81 100000 25 70 16 80 25 20 109 27 57 109
44 84 100000 14 86 222 56 69 244 244 100000 9 49 189 137
45 18 46 28 18 6 100000 12 38 46 49 42 40 5 14
46 12 18 17 5 16 17 8 8 15 28 33 7 10 29
47 29 100000 59 45 50 86 76 23 73 61 76 100000 100000 25
48 37 100000 55 67 10 100000 87 100000 100 63 58 82 11 59
49 13 25 3 33 6 33 2 7 21 100000 100000 32 26 7
50 70 100000 16 45 16 62 7 139 100000 151 100000 100000 20 93
51 217 534 508 100000 508 157 554 151 326 385 196 100000 100000 339
52 72 164 27 16 35 38 113 201 100000 164 70 145 100000 87
53 85 100000 82 57 192 222 19 247 100000 72 47 100000 252 202
54 43 43 100000 10 15 10 105 100000 100000 75 100000 53 34 100000
55 97 291 100000 16 155 158 100000 59 47 65 88 47 100000 100000
56 37 3 90 11 29 104 100000 100000 75 91 42 108 91 60
57 13 28 37 19 12 11 37 18 100000 23 18 28 39 11
58 35 100000 23 61 45 100000 100000 100000 37 81 100000 97 105 100000
59 217 274 100000 606 100000 100000 53 100000 449 534 183 404 100000 235
60 72 132 93 167 104 173 102 33 136 100000 83 205 18 141
61 85 125 179 24 128 199 100000 72 123 100000 240 37 212 65
62 25 100000 27 68 26 8 43 40 25 100000 100000 100000 46 49
63 37 100000 48 95 86 59 66 100000 109 56 82 40 63 18
64 37 35 65 8 100000 100000 66 27 25 3 54 91 100000 13
65 103 4 75 100 100000 130 306 100000 100000 118 278 263 4 100000
66 140 55 173 366 319 110 148 135 278 328 223 198 14 148
67 49 78 74 38 103 11 7 124 21 30 100 100000 109 80
68 35 89 72 19 100000 100000 70 13 10 42 19 26 26 28
69 51 101 120 45 86 112 59 100000 18 100000 48 27 83 12
70 88 101 69 117 56 219 143 211 140 100000 83 100000 143 33
71 53 100000 100000 78 52 69 74 112 100000 113 96 153 129 56
72 144 182 273 130 191 100000 100000 100000 363 316 385 268 74 165
73 337 789 100000 849 355 557 122 708 100000 62 92 100000 100000 597
74 107 87 228 196 87 270 193 241 260 52 91 142 311 100000
75 371 157 501 290 1102 100000 100000 968 100000 513 446 690 779 146
76 97 166 288 143 36 201 100000 27 239 230 24 100000 224 100000
77 166 354 220 349 36 71 423 21 81 100000 145 100000 100000 230
78 92 218 119 218 246 130 62 73 84 51 89 180 133 150
79 92 172 133 139 100000 100000 40 169 155 144 155 254 51 100000
80 106 49 102 100000 23 55 100000 185 83 299 100000 100000 229 201
81 49 100000 100000 100000 45 100000 127 86 42 2 93 100000 49 100000
82 92 141 155 100000 183 273 119 128 29 238 100000 172 31 40
83 371 146 813 1080 100000 268 757 100000 1046 879 146 246 100000 100000
84 87 121 97 40 256 123 32 43 97 100000 165 201 24 63
85 162 137 248 100000 408 122 224 447 98 103 341 263 147 100000
86 96 78 113 100000 76 170 100000 251 100000 182 113 30 205 27
87 79 202 43 62 74 152 140 173 72 79 86 197 100000 136
88 96 21 58 84 7 100000 199 73 44 228 93 176 242 124
89 42 84 100 100000 37 32 37 100000 35 22 124 116 117 34
90 88 143 175 100000 46 51 22 38 119 180 106 100000 230 100000
91 90 170 66 101 168 195 92 57 146 82 240 6 181 100000
92 97 190 30 100 123 100000 100000 21 21 221 204 291 85 103
93 270 187 179 608 802 721 100000 100000 203 114 511 100000 219 100000
94 452 1356 1315 408 1099 977 787 353 584 489 1180 191 1071 100000
95 48 47 90 54 32 73 7 128 97 100000 115 133 17 100000
96 338 295 102 100000 100000 892 254 720 680 862 275 100000 100000 100000
97 34 73 76 86 43 100000 60 100000 100000 100000 61 100000 36 38
98 65 18 121 102 164 73 139 100 152 90 100000 183 100000 133
99 50 141 25 49 59 128 70 20 100000 16 16 137 100000 125
100 112 100000 21 100000 246 100000 242 333 100000 100000 91 102 152 303
101 48 18 100000 103 117 58 27 125 4 100000 24 114 105 24
102 117 292 96 320 100000 145 61 138 100000 100000 141 159 100000 166
103 50 29 140 38 76 22 146 100000 99 44 96 100000 34 13
104 68 103 200 48 48 178 196 192 100000 100000 100000 100000 200 192
105 232 100000 15 627 36 98 100000 112 126 105 668 460 300 342
106 122 8 8 337 315 337 100000 129 231 264 136 41 337 275
107 151 100000 354 100000 313 100 186 100000 100000 394 150 358 209 408
108 31 51 100000 100000 100000 28 3 35 17 100000 72 49 37 100000
109 97 279 271 16 100000 117 190 256 204 100000 268 256 146 100000
110 308 195 749 66 573 610 100000 786 100000 250 100000 296 204 472
111 116 348 70 136 57 161 100000 84 95 265 147 282 133 100000
112 312 310 908 740 66 469 100000 263 100000 48 310 216 730 188
113 34 27 60 100000 56 17 19 74 15 72 100000 100000 34 80
114 128 16 55 81 304 300 296 376 100000 116 100000 51 100000 100000
115 54 17 102 141 160 48 100000 61 9 96 73 36 56 100000
116 175 431 101 425 100000 158 100000 452 420 38 100000 509 331 100000
117 55 34 140 58 19 100000 129 3 163 116 94 75 144 52
118 306 100000 29 349 100000 432 386 450 725 386 762 368 100000 835
119 59 59 75 122 73 100000 100000 100000 145 96 12 100000 117 117
120 59 77 100000 50 114 66 161 100000 101 100000 77 100000 131 100000
121 66 31 82 153 190 119 178 100000 190 153 192 46 80 36
122 66 159 178 188 36 17 103 5 133 113 100000 44 25 172
123 23 100000 43 100000 100000 45 42 63 45 100000 25 27 27 24
124 244 206 74 100000 717 264 293 162 586 549 279 100000 388 250
125 54 100000 14 85 100000 61 100000 100000 54 28 73 102 69 14
126 294 100000 847 100000 697 521 292 424 882 820 406 741 100000 530
127 84 39 91 121 252 100000 96 104 169 247 4 127 119 34
128 61 63 100000 8 139 28 176 100000 97 158 145 174 163 117
129 57 4 60 78 137 120 129 156 100000 122 127 35 168 100000
130 38 112 55 52 77 42 35 33 112 100000 100000 25 100 28
131 944 2407 454 1162 100000 58 100000 2521 1898 1133 2068 1615 2379 100000
132 511 1058 277 430 100000 353 100000 1027 292 1181 1273 100000 93 553
133 625 1257 826 1538 1819 320 170 1763 1238 657 100000 170 170 1650
134 445 100000 100000 100000 161 1082 1215 1068 748 761 508 100000 1122 388
135 68 100000 29 159 100000 123 76 94 54 100000 100000 82 44 62
136 53 6 126 100000 67 157 100000 123 88 85 151 100000 100000 15
137 49 36 97 16 97 97 100000 32 102 71 8 27 97 100000
138 92 34 62 20 188 232 229 67 9 100000 210 273 169 73
139 236 298 708 114 468 22 65 432 128 687 135 446 58 100000
140 116 122 100000 310 296 348 195 348 100000 206 11 143 275 348
141 265 501 628 17 295 271 446 231 382 573 430 100000 549 660
142 149 100000 211 100000 340 398 282 144 367 206 100000 19 233 447
143 74 100000 100000 207 162 67 165 63 156 123 140 209 107 43
144 332 906 469 21 817 100000 100000 409 727 608 100000 11 847 737
145 324 797 100000 30 100000 100000 147 360 584 50 100000 419 943 943
146 104 100000 100000 100000 300 247 184 100000 138 129 175 100000 94 278
147 51 69 100000 118 100000 3 3 141 44 150 4 110 112 39
148 58 101 36 10 17 89 155 25 100000 18 115 8 84 84
149 67 100000 145 169 167 163 97 189 117 141 125 119 89 31
150 49 125 135 89 100000 100000 35 73 100000 56 96 20 93 97
151 107 23 292 212 135 215 254 260 206 142 257 292 68 65
152 38 4 100000 27 54 87 37 68 100000 100000 19 30 79 80
153 27 6 12 57 24 48 52 30 42 71 4 8 36 39
154 68 100000 111 100000 143 198 29 139 159 54 180 7 100000 7
155 207 305 478 460 57 38 100000 100000 472 416 261 156 100000 330
156 202 37 503 100000 100000 219 122 100000 334 322 570 527 388 467
157 83 239 100000 6 8 160 28 100000 75 26 18 100000 16 6
158 35 100000 65 100000 43 42 100000 45 77 89 70 100000 18 52
159 58 100000 27 100000 127 127 10 100000 164 86 100000 70 15 56
160 42 39 71 7 122 29 100000 54 119 100000 59 60 14 100000
161 68 159 100000 155 204 131 198 64 202 21 92 163 68 100000
162 68 100000 100000 186 196 100000 167 100000 131 100000 133 151 100000 125
163 68 113 100000 100000 100000 88 200 100000 44 180 100000 196 98 27
164 103 47 32 100000 164 214 309 121 235 140 121 63 266 167
165 103 53 13 210 81 158 210 133 16 81 266 257 100000 223
166 103 75 297 143 226 100000 100000 115 32 137 47 23 244 244
167 103 35 257 263 137 100000 241 161 84 19 93 226 100000 75
168 103 269 278 155 269 100000 100000 146 66 38 96 263 93 275
169 68 202 66 76 178 117 109 184 151 11 100000 100000 157 100000
170 103 100000 170 100000 186 266 133 100000 100000 130 278 100000 291 103
171 68 11 82 50 100000 137 100000 100000 72 100000 100000 44 192 44
172 103 103 100000 195 100000 143 96 7 207 100000 87 4 161 100000
173 103 192 173 297 69 300 309 100000 16 250 100000 115 118 180
174 68 33 163 190 23 100000 100000 133 100000 100 119 36 42 117
175 103 100000 226 100000 10 78 112 100000 177 69 75 263 189 214
176 103 109 272 100000 207 254 103 100000 210 100000 130 133 72 100000
177 10 17 8 7 9 100000 5 100000 9 100000 19 100000 100000 15
178 187 100000 387 438 270 46 100000 511 371 516 100000 100000 100000 432
179 134 100000 100000 117 334 298 100000 100000 100000 390 214 374 266 81
180 89 100000 28 9 147 100000 86 262 163 224 174 126 49 150
181 58 77 37 32 100000 155 94 10 48 60 127 22 100000 105
182 49 40 99 144 77 100000 26 116 131 121 119 146 100000 20
183 134 100000 177 326 101 266 21 93 121 398 77 270 366 100000
184 53 102 9 100000 93 110 134 22 17 126 26 20 50 48
185 334 441 842 722 902 251 882 622 512 261 982 852 912 21
186 24 6 48 11 40 2 66 100000 32 7 16 54 70 100000
187 76 100000 24 90 37 100000 51 3 128 201 100000 69 223 87
188 76 105 78 214 212 3 15 221 100000 67 12 203 100000 100000
189 192 358 415 100000 100000 100000 100000 100000 421 59 202 100000 455 542
190 98 109 71 71 139 265 48 100000 215 10 77 109 238 121
191 258 210 550 241 100000 94 148 71 100000 643 488 627 16 619
192 165 273 169 396 75 357 21 480 179 31 100000 184 100000 238
193 38 100000 100 85 52 64 100000 79 44 100000 24 102 67 80
194 115 228 87 331 84 100000 132 108 46 287 97 111 100000 100000
195 83 63 214 145 197 105 100000 118 100000 98 100000 28 78 100000
196 56 66 36 116 100 108 135 100000 71 31 16 100000 11 100000
197 29 100000 30 100000 100000 65 28 100000 46 16 12 57 100000 25
198 303 718 100000 500 410 110 19 382 100000 673 100000 673 83 174
199 18 3 43 40 8 100000 35 39 35 33 38 20 38 15
200 29 50 87 13 44 4 52 22 51 84 6 100000 100000 54
201 154 100000 342 379 181 162 370 208 425 47 305 338 15 100000
202 90 9 100000 100000 49 36 152 4 9 235 109 63 98 170
203 93 100000 134 45 20 48 237 73 134 100000 210 62 40 100000
204 94 161 100000 9 201 100000 231 60 260 15 240 198 100000 203
205 165 278 322 470 243 6 396 120 391 317 26 401 401 100000
<task directions>
1 E
2 E
3 R
4 L
5 E
6 E
7 R
8 R
9 R
10 R
11 R
12 R
13 L
14 L
15 L
16 L
17 L
18 L
19 E
20 E
21 E
22 E
23 E
24 E
25 R
26 L
27 R
28 R
29 R
30 R
31 R
32 R
33 R
34 L
35 E
36 E
37 L
38 L
39 L
40 E
41 E
42 E
43 L
44 L
45 L
46 L
47 L
48 L
49 L
50 L
51 L
52 L
53 L
54 R
55 R
56 R
57 R
58 R
59 R
60 R
61 R
62 E
63 E
64 E
65 E
66 E
67 E
68 E
69 E
70 E
71 E
72 E
73 E
74 E
75 E
76 E
77 E
78 L
79 R
80 E
81 E
82 E
83 E
84 E
85 E
86 E
87 E
88 E
89 E
90 R
91 R
92 R
93 R
94 E
95 R
96 E
97 E
98 E
99 E
100 E
101 E
102 E
103 E
104 R
105 L
106 L
107 E
108 L
109 E
110 R
111 L
112 R
113 E
114 L
115 E
116 R
117 E
118 E
119 E
120 E
121 E
122 E
123 E
124 E
125 E
126 R
127 E
128 E
129 E
130 R
131 E
132 R
133 R
134 R
135 L
136 L
137 E
138 E
139 E
140 L
141 L
142 L
143 L
144 E
145 E
146 L
147 L
148 R
149 R
150 R
151 E
152 L
153 L
154 E
155 E
156 E
157 E
158 R
159 R
160 E
161 R
162 R
163 R
164 R
165 R
166 R
167 R
168 R
169 L
170 L
171 L
172 L
173 L
174 L
175 L
176 L
177 E
178 E
179 L
180 L
181 L
182 L
183 L
184 L
185 E
186 R
187 R
188 L
189 E
190 E
191 R
192 E
193 R
194 E
195 L
196 R
197 R
198 R
199 R
200 R
201 L
202 L
203 L
204 E
205 E
<precedence relations>
1,36
2,3
2,4
3,5
4,5
5,7
5,13
6,36
7,8
8,9
9,10
10,11
11,12
12,36
13,14
14,15
15,16
16,17
17,18
18,36
19,36
20,22
21,22
22,23
23,24
23,34
24,26
24,27
24,28
25,28
26,35
27,35
28,29
29,30
29,33
30,31
30,32
31,35
32,35
33,35
34,35
35,36
36,37
36,40
36,41
36,42
36,62
36,69
36,72
36,75
36,83
36,110
36,111
36,112
37,38
38,39
39,45
40,43
40,54
41,92
42,43
42,54
43,44
44,45
45,46
45,48
45,51
45,53
46,47
47,92
48,49
49,50
50,92
51,52
52,92
53,92
54,55
55,56
55,59
55,61
56,57
57,58
58,92
59,60
60,92
61,92
62,63
63,64
64,65
64,68
65,66
66,67
67,80
68,80
69,70
70,71
71,73
72,73
73,74
74,76
75,92
76,77
76,78
76,79
77,80
77,82
78,80
79,80
80,81
81,84
82,92
83,92
84,85
85,86
85,88
85,90
86,87
87,92
88,89
89,92
90,91
91,92
92,93
92,94
92,95
92,96
92,97
92,98
92,99
93,135
94,135
95,113
96,113
97,100
98,100
99,100
100,101
100,103
100,105
100,109
100,130
100,131
100,134
101,102
102,113
103,104
104,113
105,106
105,107
106,108
107,108
108,113
109,113
110,113
111,113
112,113
113,114
113,115
113,116
113,117
113,118
113,119
113,120
113,121
113,122
113,123
113,124
113,161
113,162
113,163
113,169
113,171
113,174
113,203
113,204
113,205
114,160
115,160
116,160
117,160
118,126
119,126
120,126
121,126
122,126
123,126
124,125
125,126
126,127
126,128
126,129
127,135
128,135
129,135
130,136
131,132
132,133
133,189
134,189
135,136
135,137
135,138
135,139
135,140
135,141
135,142
135,144
135,145
135,147
135,148
135,149
135,150
135,151
135,152
135,153
135,158
136,189
137,160
138,160
139,160
140,143
141,143
142,143
143,160
144,160
145,146
146,160
147,160
148,160
149,160
150,160
151,160
152,160
153,154
154,155
155,156
156,157
157,189
158,159
159,189
160,164
160,170
160,178
160,179
160,184
161,167
162,165
163,164
164,165
165,166
166,167
167,168
168,177
169,170
170,172
171,172
172,173
173,175
174,175
175,176
176,177
177,185
177,186
177,187
177,188
177,194
177,195
178,180
179,180
180,181
180,183
181,182
185,189
186,189
187,189
188,189
189,190
189,191
189,193
191,192
194,197
195,196
196,197
197,198
197,199
197,201
199,200
201,202
<end>