<number of tasks>
205
<number of mated-station>
14
<number of workers>
28
<task times>
1 692 997 748 416 478 1557 1080 1267 100000 84 1806 395 1910 790 1537 1744 1620 748 105 22 499 478 1889 914 727 100000 1889 2076
2 42 41 104 16 100000 57 112 11 89 122 46 104 14 21 10 64 107 4 86 87 17 82 100000 100000 25 46 77 46
3 261 100000 525 525 736 100000 361 595 100000 283 100000 100000 71 720 165 142 501 79 681 259 376 100000 275 400 713 369 100000 298
4 261 290 634 674 267 470 173 275 40 439 32 736 100000 478 486 228 24 197 415 548 204 337 439 100000 744 572 306 126
5 157 354 405 137 330 231 20 391 321 72 10 100000 307 405 438 76 222 307 457 100000 245 175 109 86 39 208 250 466
6 90 170 189 179 149 14 216 12 100000 100000 246 47 100000 63 41 144 57 216 100000 74 84 179 9 109 55 248 20 9
7 54 114 154 32 88 43 100000 32 119 99 32 70 96 7 157 33 83 131 154 151 96 100000 100000 127 139 33 117 38
8 67 143 105 73 105 189 131 117 149 100000 97 87 27 183 123 41 59 39 155 109 185 189 53 129 185 191 100000 75
9 30 13 7 79 5 28 100000 11 38 9 3 16 56 70 9 19 72 36 13 59 78 21 78 90 71 68 45 46
10 106 318 188 137 11 274 172 172 109 169 182 49 137 71 118 194 248 100000 20 137 100000 112 20 267 144 169 11 210
11 32 78 20 96 68 56 35 94 28 35 70 25 88 49 75 52 100000 68 100000 27 69 90 30 87 41 23 51 68
12 62 121 12 57 166 173 112 110 100000 131 23 101 145 45 36 99 100000 168 84 147 173 97 8 77 97 164 186 125
13 54 151 100000 61 57 104 100000 130 135 61 148 54 83 114 85 46 115 107 139 114 56 115 100000 83 151 28 19 146
14 67 13 111 91 91 193 100000 99 3 100000 100000 100000 100000 201 135 167 197 73 121 75 47 179 175 63 179 99 25 113
15 30 43 35 75 62 34 78 51 80 100000 70 22 8 7 5 50 86 35 12 20 6 5 80 9 18 86 55 40
16 106 102 175 112 128 305 163 175 100000 147 198 100000 274 153 55 229 100000 213 198 283 96 163 308 261 93 20 201 305
17 32 45 16 20 19 100000 10 54 100000 15 86 26 80 54 100000 22 90 54 89 57 8 49 95 20 30 33 38 33
18 62 73 100000 179 100000 158 116 16 31 95 175 66 27 99 153 20 100000 121 40 16 77 68 45 71 119 55 18 182
19 56 100000 8 26 126 111 98 100000 26 136 78 121 95 141 26 103 126 43 6 78 155 79 100000 100000 120 51 105 73
20 67 29 141 143 27 173 15 159 189 127 67 95 57 175 145 100000 143 173 100000 79 31 141 19 107 191 49 169 115
21 86 181 204 176 86 204 22 225 199 29 122 225 100000 207 42 191 250 68 34 60 60 237 235 65 258 227 219 70
22 37 77 31 100000 108 48 25 38 67 10 5 18 53 63 52 10 93 31 27 43 14 84 25 24 97 100000 31 3
23 41 74 19 122 3 35 22 99 22 100000 44 101 108 17 100000 41 93 80 97 106 42 111 100000 100000 30 118 100000 5
24 72 100000 115 192 50 100000 207 48 188 12 207 141 139 38 74 100000 210 182 104 212 212 201 100000 35 100000 25 212 184
25 86 171 132 42 258 122 119 204 253 204 34 194 100000 14 58 65 191 76 212 235 52 150 160 63 186 191 112 189
26 16 20 2 6 2 28 48 48 3 36 21 19 13 27 28 42 33 26 22 36 25 36 11 29 25 32 23 28
27 51 13 45 60 69 100000 101 121 71 100000 54 120 44 9 148 88 77 44 18 100000 24 57 104 19 62 100000 145 100000
28 66 23 33 109 100000 165 182 111 25 46 192 60 31 100000 29 127 182 192 176 103 100000 86 145 96 31 113 137 96
29 41 35 12 13 111 112 100 100000 118 41 91 14 50 84 103 55 2 96 100000 49 102 60 100000 118 13 118 119 82
30 72 207 31 100000 210 109 162 57 100 143 55 12 44 199 18 100000 130 100000 124 113 149 85 188 164 106 66 188 100000
31 51 60 51 136 28 109 89 80 126 147 94 139 150 100000 88 100000 100000 79 147 139 18 113 74 115 115 100000 63 100000
32 16 41 44 32 29 40 40 100000 31 30 18 100000 48 11 13 28 26 8 14 100000 36 32 12 43 36 2 10 9
33 15 30 37 100000 23 7 14 8 32 31 40 33 38 44 26 30 42 18 21 21 31 41 100000 2 41 18 9 34
34 15 20 13 6 19 2 17 40 8 26 42 43 100000 42 100000 25 5 33 32 3 26 23 9 28 33 100000 41 15
35 85 21 49 98 77 57 151 204 192 37 153 85 181 120 37 179 59 115 235 21 44 100000 235 75 47 225 171 9
36 59 119 29 137 149 129 33 124 135 175 119 98 8 133 140 100000 52 135 152 49 64 133 43 29 107 147 144 145
37 23 63 28 37 100000 23 45 21 24 64 26 100000 52 57 6 66 17 27 25 39 47 100000 40 38 55 28 21 68
38 13 17 11 19 39 12 18 100000 27 26 31 5 100000 6 21 23 32 8 15 25 14 100000 30 29 32 7 24 22
39 19 3 3 36 2 36 42 56 17 100000 26 13 16 36 54 27 48 32 38 14 2 21 100000 35 30 5 42 100000
40 108 201 100000 91 37 137 285 146 88 137 100000 100000 72 169 292 288 224 195 230 62 311 14 82 53 237 243 227 308
41 214 424 296 110 450 155 347 277 148 450 100000 629 289 418 257 469 46 129 100000 52 136 84 514 552 100000 100000 405 245
42 80 175 235 137 20 144 185 130 39 235 100000 34 100000 77 85 197 199 156 101 125 46 235 100000 173 238 123 175 75
43 37 52 104 92 81 63 100000 16 79 42 84 30 78 16 52 98 98 20 26 31 52 76 100000 100000 93 55 35 100000
44 84 124 91 229 100000 199 44 214 184 100000 34 111 219 19 91 106 187 100000 177 100000 21 194 249 172 51 129 149 162
45 18 5 23 42 100000 3 19 44 49 16 3 42 33 5 26 24 100000 47 43 20 3 26 54 22 23 8 31 12
46 12 23 27 17 36 9 19 19 16 9 26 16 3 7 10 13 26 19 28 22 20 34 100000 19 23 5 20 27
47 29 75 29 56 81 25 54 44 27 100000 59 25 11 85 100000 27 10 30 70 81 72 30 47 75 75 25 75 100000
48 37 91 14 100 73 12 95 43 34 47 85 99 31 33 88 10 58 69 52 41 31 44 32 86 34 46 24 71
49 13 100000 33 31 100000 30 100000 100000 10 12 7 100000 26 100000 100000 4 14 6 37 36 18 30 35 100000 28 1 37 20
50 70 76 145 51 108 118 183 128 53 49 183 100000 7 68 202 20 116 43 55 55 95 172 187 97 139 191 78 116
51 217 534 151 170 100000 268 482 339 60 599 307 573 100000 463 100000 112 100000 216 66 177 100000 53 521 502 463 463 261 391
52 72 100000 16 61 44 124 212 156 10 171 100000 59 109 149 195 100000 205 154 89 44 38 100 100000 12 100000 147 147 38
53 85 235 252 100000 204 148 100000 90 80 100 247 52 214 92 237 247 37 87 202 110 92 100000 230 87 156 34 62 62
54 43 47 68 62 20 52 100000 89 121 47 20 100000 100000 30 14 73 106 121 52 111 100000 100000 105 4 36 84 19 110
55 97 100000 100000 100000 103 53 56 175 230 152 100000 88 227 271 195 100000 291 82 242 155 213 10 253 163 91 39 198 129
56 37 62 95 100000 100000 76 33 111 5 29 42 14 33 78 99 56 14 84 100000 82 59 97 73 29 97 100000 49 79
57 13 37 100000 11 6 38 8 26 25 23 20 8 6 3 37 38 6 20 2 9 38 6 28 33 10 17 100000 29
58 35 73 76 36 100000 105 60 41 70 24 93 94 90 38 64 77 65 3 94 83 83 15 4 17 11 57 73 61
59 217 651 100000 352 183 294 100000 443 53 339 73 333 593 60 463 508 443 371 60 320 209 547 261 112 541 248 112 489
60 72 190 27 182 5 128 44 149 100000 83 35 126 16 207 100000 124 106 44 162 201 132 205 139 179 3 100000 136 7
61 85 207 87 57 184 100000 181 252 186 57 214 100000 70 37 39 9 75 87 115 179 6 174 128 98 186 192 174 235
62 25 64 18 60 7 20 63 36 34 35 69 62 11 45 68 29 51 100000 48 31 19 11 18 71 39 71 45 54
63 37 81 100000 3 18 84 65 59 67 101 30 31 46 47 63 58 81 109 84 12 100000 107 63 43 100 63 93 77
64 37 31 70 57 24 52 111 58 36 101 78 38 47 74 100000 12 14 100000 103 16 100000 35 100000 30 87 100 9 74
65 103 303 121 266 281 63 210 84 291 192 7 146 100000 100000 7 278 100000 303 235 13 195 72 164 294 100000 214 244 50
66 140 294 231 139 366 420 100000 215 206 391 378 156 39 72 30 324 269 340 353 18 35 177 14 412 194 315 81 386
67 49 4 64 147 42 52 89 8 119 55 21 48 59 86 71 20 71 100000 70 90 99 35 46 27 99 137 100000 134
68 35 69 21 60 100000 100000 5 71 16 94 53 100000 100000 49 41 103 41 55 20 75 34 64 8 18 33 103 100 55
69 51 148 82 100000 88 72 86 79 100000 36 24 7 124 118 110 53 56 120 79 91 100000 45 144 89 121 136 15 94
70 88 85 61 177 204 182 88 98 146 259 222 117 48 256 111 101 211 143 106 69 130 88 100000 219 230 27 119 180
71 53 45 83 80 26 55 64 50 89 121 36 143 67 29 3 66 64 78 93 100000 148 53 29 89 39 100000 115 50
72 144 148 204 191 320 298 225 100000 152 53 83 27 255 31 337 74 298 100000 229 113 341 156 367 380 432 27 109 398
73 337 122 122 546 880 142 910 355 415 274 880 294 496 334 173 223 1011 950 193 708 961 274 100000 31 1011 789 435 100000
74 107 257 100 199 286 49 23 279 219 209 87 161 171 171 167 302 145 100000 100000 97 283 142 257 100000 71 158 299 100000
75 371 546 1013 446 1057 624 223 713 924 991 100000 1024 23 1069 568 100000 168 401 1069 490 268 157 424 601 991 401 813 501
76 97 53 4 88 7 224 129 172 7 91 100000 103 13 123 277 100000 100000 201 181 65 94 100000 117 88 100000 100000 221 204
77 166 205 443 344 71 100000 369 359 125 100000 235 115 324 130 254 11 46 478 254 210 130 498 404 329 284 11 389 175
78 92 229 155 111 158 100000 100000 64 144 53 100 224 166 155 150 97 210 37 95 103 246 276 111 251 133 34 218 95
79 92 23 100 150 262 150 191 199 100000 188 144 150 56 100000 20 56 166 224 97 174 45 4 147 97 202 100000 56 249
80 106 185 255 23 191 150 236 220 45 17 134 144 175 100000 185 185 36 232 175 131 251 74 58 49 270 100000 229 163
81 49 103 45 20 87 87 75 137 52 100000 56 100000 77 8 68 48 100000 26 135 8 48 39 138 102 8 65 100000 68
82 92 23 53 136 100000 100000 100000 169 18 180 100000 34 262 260 100000 227 262 130 191 202 100 40 191 191 174 141 4 210
83 371 168 524 346 112 312 535 157 980 34 123 857 568 501 1080 879 535 813 613 146 146 902 535 879 1035 1035 690 1080
84 87 188 66 105 209 27 251 201 82 118 110 183 232 201 248 61 238 157 76 100000 11 256 232 102 217 248 225 27
85 162 302 69 350 433 287 100000 442 379 282 100000 253 287 79 30 374 20 151 462 287 100000 40 229 6 210 384 117 117
86 96 167 145 78 277 277 90 153 170 182 285 90 159 116 53 228 259 176 61 76 150 205 262 96 107 133 196 27
87 79 185 173 58 53 195 27 180 29 136 136 124 100000 3 169 100000 100000 100000 209 218 121 173 29 69 100 157 185 25
88 96 47 233 190 100000 47 122 222 277 110 228 254 153 167 100000 21 127 100000 27 30 10 113 87 67 90 100000 122 100000
89 42 11 11 25 7 11 114 55 62 100000 57 5 52 76 24 17 54 51 31 57 104 87 70 86 59 26 111 100000
90 88 196 54 182 248 17 154 90 100000 238 72 100000 96 100000 100000 100000 264 46 67 9 54 185 100000 100000 196 98 83 240
91 90 23 162 232 98 44 238 170 20 192 79 189 200 146 133 100000 71 9 49 251 251 227 25 28 33 20 146 160
92 97 132 277 195 279 149 100000 227 27 134 91 18 47 100000 195 50 100000 195 45 100000 285 18 62 50 230 50 79 100
93 270 640 802 721 721 100000 535 300 9 729 592 672 106 122 333 519 100000 349 503 41 786 219 100000 308 381 317 122 211
94 452 177 353 313 435 1315 489 1356 96 100000 814 100000 15 96 353 1166 855 100000 1017 435 1099 1180 100000 100000 408 1166 100000 611
95 48 65 65 95 94 105 100000 90 38 131 111 131 94 25 144 8 41 47 125 54 11 32 31 25 83 100000 10 98
96 338 275 447 690 781 508 781 740 882 518 72 862 578 994 923 771 92 325 305 609 100000 740 295 42 183 254 882 204
97 34 26 92 94 18 70 84 100000 59 96 89 2 100000 72 9 11 7 37 73 40 52 9 92 100000 83 100000 72 14
98 65 11 34 108 176 38 104 100000 24 69 65 106 125 59 100000 79 44 53 100000 42 189 150 160 195 100000 158 5 7
99 50 100000 59 128 107 46 100000 68 13 40 50 92 98 150 143 31 89 100000 95 78 11 83 47 144 49 150 131 100000
100 112 272 71 269 326 152 88 35 202 95 336 158 35 18 162 169 229 105 100000 309 232 41 326 329 309 165 195 122
101 48 85 2 37 68 70 100 87 105 110 117 73 37 83 30 98 2 100000 143 141 138 78 100000 100000 100000 57 4 5
102 117 61 96 309 187 145 117 29 183 100000 242 110 215 334 288 253 229 260 348 113 15 15 12 96 113 71 85 106
103 50 105 43 17 105 113 83 122 73 100000 100000 67 76 7 5 84 35 25 110 117 8 143 100000 100000 38 64 100000 125
104 68 3 105 123 78 194 92 188 100000 178 190 151 40 84 192 172 165 9 153 113 5 56 27 133 90 15 15 184
105 232 223 640 100000 627 29 501 8 105 425 446 536 328 404 36 633 328 564 147 418 362 36 244 100000 675 216 571 501
106 122 151 151 311 293 242 322 5 100000 147 100000 19 136 169 19 205 235 74 121 359 286 100000 282 74 8 340 165 74
107 151 100000 412 155 412 46 403 100000 399 349 159 340 100000 290 308 109 146 218 421 421 87 286 60 322 412 381 390 100000
108 31 43 51 72 38 28 10 63 4 44 5 80 59 30 40 7 41 83 6 27 58 78 90 27 23 41 11 44
109 97 123 71 88 62 288 10 10 268 18 120 100 100000 198 85 13 105 129 166 262 74 271 146 39 285 39 161 204
110 308 100000 453 564 546 112 195 804 536 832 712 490 841 582 343 100000 841 546 232 121 795 130 906 638 758 472 343 167
111 116 164 143 100000 223 39 4 95 105 105 100000 77 22 133 164 32 25 188 195 129 100000 102 327 84 306 289 345 206
112 312 487 100000 786 852 506 100000 244 412 151 590 347 403 824 188 609 646 29 478 100000 403 459 100000 104 244 100000 805 525
113 34 60 16 37 100000 45 75 100000 100000 68 35 88 100000 67 22 28 6 52 77 33 91 21 71 62 100000 90 5 86
114 128 62 204 143 100000 319 100000 227 150 116 292 158 319 78 116 55 334 28 100000 350 51 223 353 100000 223 361 284 330
115 54 100000 110 35 25 82 65 77 73 41 75 22 106 100000 159 114 93 131 119 100000 128 119 48 69 96 36 144 56
116 175 100000 473 515 488 106 352 394 17 85 43 100000 90 106 59 53 499 478 174 100000 53 200 499 294 232 38 142 273
117 55 147 11 14 8 135 150 9 93 165 73 144 106 108 49 119 81 108 42 35 63 129 8 21 129 100000 52 155
118 306 735 487 524 395 212 487 826 84 93 100000 570 698 652 93 65 349 100000 239 496 29 368 505 368 74 753 799 478
119 59 168 63 137 144 158 105 33 52 100000 152 3 84 165 100000 49 112 100000 159 166 12 170 45 107 145 147 41 175
120 59 6 100000 31 59 165 147 101 129 158 34 24 63 166 175 64 91 91 15 137 70 40 15 82 52 114 145 73
121 66 88 101 141 147 74 184 56 9 46 94 115 23 3 100000 21 178 76 52 19 25 178 96 48 64 25 66 100000
122 66 48 13 133 80 145 149 198 151 145 62 70 25 109 34 88 72 131 98 121 90 100000 46 168 100000 135 176 100000
123 23 15 31 11 100000 46 47 36 59 14 100000 39 60 10 25 51 23 54 38 46 53 66 100000 34 64 100000 42 62
124 244 271 220 184 535 557 286 345 491 271 220 250 184 571 96 403 279 403 100000 725 118 337 644 710 564 352 564 271
125 54 127 114 125 72 144 27 83 78 12 130 109 148 106 102 82 100000 122 141 59 141 54 143 154 102 12 43 88
126 294 151 856 89 433 706 100000 644 274 389 301 662 45 644 450 100000 873 318 116 803 380 204 442 265 265 100000 265 10
127 84 79 100000 247 237 49 222 214 244 21 100000 199 252 167 159 100000 212 31 174 149 139 202 234 11 192 100000 127 167
128 61 6 117 127 105 152 28 100000 17 48 36 148 28 45 172 143 172 145 117 125 79 167 114 150 10 167 34 32
129 57 106 123 106 23 6 88 76 35 37 37 140 101 52 100000 89 157 81 144 106 100000 100 101 55 71 64 101 64
130 38 108 93 12 34 86 77 28 45 72 62 80 29 3 70 26 69 29 90 3 73 18 64 112 22 91 100000 96
131 944 426 2577 426 2068 1558 369 1813 1813 1869 1077 992 100000 1501 709 1728 1417 2379 2549 2011 1247 341 1671 1417 2153 709 100000 1388
132 511 507 292 100000 200 215 246 920 47 583 100000 1334 706 675 78 100000 277 920 491 100000 1058 1181 100000 170 798 1456 369 522
133 625 1706 1819 1725 1725 769 226 207 132 1594 1800 1219 732 488 100000 1631 100000 1650 1088 1219 132 488 76 1013 1013 432 1781 1350
134 445 1055 335 388 415 428 81 481 895 1188 1295 1108 100000 100000 375 100000 100000 1335 100000 628 100000 1108 681 921 1055 841 1242 601
135 68 7 194 76 54 159 42 48 66 27 100000 54 100000 72 60 100000 145 36 27 11 27 115 204 135 119 161 100000 172
136 53 118 120 94 39 29 143 67 3 89 15 153 15 134 61 100000 41 82 96 132 18 146 140 100000 100000 82 96 3
137 49 19 2 100000 59 19 132 51 38 89 42 100000 42 4 97 83 132 61 93 70 112 100000 100000 30 52 146 30 100000
138 92 213 81 238 152 268 155 100000 114 106 106 221 139 144 128 100000 229 75 29 53 207 144 103 271 45 172 150 136
139 236 142 128 171 397 347 171 164 355 58 50 149 333 100000 213 100000 206 326 199 468 517 468 298 404 369 86 100000 503
140 116 36 299 102 100000 32 18 289 195 100000 46 188 100000 143 4 25 136 237 154 100000 254 140 8 209 147 175 60 268
141 265 636 454 382 96 787 239 263 533 215 612 390 49 716 65 80 17 763 604 327 533 462 327 136 533 398 100000 136
142 149 344 104 90 362 19 367 68 100000 309 215 77 184 139 77 175 246 166 416 100000 260 162 420 318 380 349 313 385
143 74 100000 118 39 21 76 3 100000 204 218 202 41 23 114 114 158 127 173 98 131 54 76 103 215 54 41 16 32
144 332 747 727 707 120 996 230 379 717 61 100000 797 100000 81 250 867 100000 379 508 717 180 300 389 717 389 926 41 290
145 324 292 244 341 341 739 953 100000 215 100000 360 593 690 205 652 20 244 690 370 244 788 943 923 360 351 603 885 108
146 104 63 69 209 100000 293 100000 237 290 135 82 38 129 38 17 100000 100000 100000 69 32 178 32 107 147 17 7 268 265
147 51 63 98 136 100000 100000 144 136 100000 100 117 135 27 97 132 115 9 37 100000 47 63 16 120 80 16 3 72 27
148 58 146 105 30 62 100000 120 77 48 100000 167 98 25 126 139 164 49 41 20 34 86 88 110 129 100000 72 65 100000
149 67 17 101 111 21 191 125 103 195 37 77 100000 195 121 99 85 119 169 100000 105 101 3 103 43 119 97 83 125
150 49 2 131 147 103 100000 140 94 97 54 51 62 13 54 141 100000 56 51 124 100 100000 131 27 138 128 17 115 129
151 107 267 103 100 110 43 164 225 247 270 75 100000 238 295 241 164 299 215 55 273 215 55 177 219 27 59 251 196
152 38 45 100000 111 69 76 100000 17 39 99 7 76 67 100000 100000 11 21 35 56 58 81 18 4 15 42 53 82 112
153 27 49 59 59 79 47 54 61 47 24 48 54 75 10 39 9 10 100000 41 3 37 59 67 53 35 48 52 57
154 68 17 56 21 94 88 137 66 19 68 172 100 40 159 33 111 36 151 100000 133 98 165 100000 117 13 54 100000 56
155 207 330 571 237 156 491 342 162 100000 373 280 447 175 125 100000 243 367 237 137 361 218 553 175 20 478 199 330 32
156 202 515 110 539 231 352 388 68 539 425 412 110 100000 49 201 207 100000 152 539 100000 346 164 388 328 533 37 213 100000
157 83 142 80 187 152 182 56 18 110 53 234 227 132 120 95 229 41 180 100000 145 125 43 177 147 239 113 180 194
158 35 35 97 39 100000 32 7 43 13 2 58 49 62 53 100000 100 52 33 51 100000 53 25 74 94 20 104 94 3
159 58 169 55 72 22 108 34 72 139 49 22 164 100000 124 13 94 94 77 25 22 100000 146 58 96 141 15 174 27
160 42 97 9 80 97 122 30 21 37 119 39 27 116 17 45 55 100000 102 5 79 100000 49 31 122 21 87 100 87
161 68 190 165 165 204 60 62 139 204 182 186 198 107 172 27 163 137 180 100000 169 74 151 54 182 188 151 105 198
162 68 204 100000 190 94 100000 92 105 192 86 100000 76 123 54 176 80 46 176 100000 3 19 9 167 135 194 11 137 100000
163 68 135 100000 133 169 194 17 56 188 11 66 127 100000 161 125 133 174 66 100 178 186 141 11 21 107 19 48 17
164 103 81 291 232 4 186 100000 192 186 164 56 100000 66 7 118 149 72 100000 244 100000 189 260 198 38 207 75 260 140
165 103 23 257 63 207 146 100000 223 47 155 158 10 41 23 124 109 81 66 103 250 69 278 177 220 127 7 146 4
166 103 235 44 90 241 90 300 109 100000 118 146 195 10 192 100000 100 272 66 100000 266 161 263 100000 257 75 100000 100000 137
167 103 244 10 96 112 96 146 161 297 100000 189 201 81 100000 266 198 306 81 247 100000 161 7 238 60 50 100000 303 133
168 103 100000 303 229 266 60 90 109 173 235 247 257 7 183 100000 93 100 121 100000 19 100000 63 235 100000 244 100 167 29
169 68 86 115 103 143 192 147 70 86 151 66 157 13 111 165 145 117 68 119 100000 141 165 56 40 194 100000 202 188
170 103 137 269 235 291 127 164 201 35 241 106 100000 143 260 4 81 100000 84 130 115 29 284 235 50 201 195 226 143
171 68 182 200 129 141 72 100000 194 40 54 182 180 100000 84 13 68 50 145 161 161 115 9 9 82 125 100000 64 100000
172 103 263 16 183 23 238 297 257 100000 149 183 84 189 247 220 118 284 38 241 96 100 69 115 192 100000 112 155 247
173 103 272 81 207 146 109 210 186 115 118 100000 100 140 294 229 226 294 44 69 275 50 263 38 7 263 7 26 180
174 68 98 88 76 46 68 66 70 86 100000 172 64 25 178 27 129 100000 155 131 9 62 60 123 135 151 17 153 68
175 103 32 23 232 137 66 238 29 158 214 140 16 186 50 158 158 204 195 7 223 106 41 146 133 272 100000 257 35
176 103 284 100000 152 7 47 19 53 257 229 284 306 149 35 260 96 100000 158 53 167 84 214 173 281 78 217 275 66
177 10 3 16 12 26 5 21 18 20 11 29 7 23 17 25 7 22 2 22 7 30 11 24 22 26 18 100000 27
178 187 331 63 275 264 7 100000 96 100000 242 100000 544 415 449 354 555 91 471 264 561 225 264 100000 432 432 477 527 421
179 134 294 177 185 378 302 206 141 173 100000 100000 161 109 354 350 326 117 173 81 294 378 17 354 77 302 117 97 100000
180 89 142 155 131 158 129 123 107 203 134 251 118 20 137 190 38 17 70 94 235 187 238 70 36 208 206 153 75
181 58 29 136 100000 165 41 152 157 75 93 100000 4 108 96 108 20 103 113 13 29 138 100000 82 29 155 91 58 37
182 49 111 23 39 39 68 8 124 109 99 144 94 23 141 100000 111 97 143 99 39 147 86 86 129 122 19 73 100000
183 134 181 77 386 100000 310 242 100000 121 113 121 57 100000 157 210 100000 45 73 197 210 113 218 100000 153 161 100000 218 133
184 53 53 55 100000 37 121 9 100000 3 112 153 91 33 44 59 100000 64 121 137 100000 104 150 100000 89 45 137 39 78
185 334 542 91 732 471 100000 532 151 361 522 652 912 742 211 782 121 341 992 100000 942 471 391 401 1002 191 942 181 461
186 24 35 62 100000 24 5 100000 14 39 50 33 100000 10 56 22 100000 12 71 50 27 41 100000 70 70 26 46 41 54
187 76 167 33 10 37 37 217 153 6 153 74 158 71 178 203 221 90 10 176 19 105 96 71 205 3 167 221 40
188 76 187 71 100000 100000 155 167 194 76 115 51 99 24 130 105 100000 37 210 112 196 153 19 100000 185 67 55 162 176
189 192 179 507 369 185 398 151 289 237 145 363 202 346 455 185 467 100000 133 421 139 100000 122 13 398 536 312 266 427
190 98 45 104 4 174 244 253 191 36 77 60 177 288 92 4 80 232 203 130 142 259 282 100000 224 191 215 238 98
191 258 573 704 372 604 426 511 488 326 573 40 295 341 100000 388 187 612 550 449 643 100000 457 372 248 550 272 720 759
192 165 431 100000 228 159 288 421 100000 307 411 60 367 263 125 431 460 154 100000 401 436 421 233 208 288 362 406 426 65
193 38 53 99 100000 100000 73 100000 67 56 15 77 100000 70 50 26 70 3 11 29 73 24 52 100000 109 94 100000 58 65
194 115 100000 142 53 100000 100000 176 204 104 8 118 11 100000 283 18 156 201 256 25 100000 29 321 18 245 211 100000 231 287
195 83 202 115 103 222 46 68 26 73 103 103 100000 41 123 155 217 61 100000 28 58 202 229 187 170 187 100000 132 26
196 56 100000 113 31 100000 78 23 161 148 91 100000 146 91 78 71 166 26 23 54 100000 143 168 100000 161 153 101 24 100000
197 29 41 9 55 80 83 67 74 2 82 27 59 33 6 21 100000 72 75 59 9 100000 20 42 10 39 59 3 100000
198 303 736 219 119 301 873 836 519 391 718 537 246 164 100000 100000 355 401 509 800 818 419 491 473 736 618 100000 428 764
199 18 14 20 44 28 100000 17 28 3 100000 32 33 22 52 50 100000 32 31 11 54 10 48 100000 37 29 50 39 16
200 29 48 72 35 41 60 37 11 100000 11 48 15 52 27 42 81 13 85 10 65 14 18 12 22 86 100000 8 30
201 154 139 333 153 102 310 130 218 236 227 347 190 125 333 172 75 98 407 158 462 100000 52 250 158 416 167 425 107
202 90 101 267 100000 68 63 76 39 224 262 25 90 101 205 219 138 79 119 119 20 127 71 176 25 20 211 243 211
203 93 134 165 32 37 273 68 146 210 43 268 271 100000 34 18 276 29 32 84 34 196 100000 32 162 57 68 12 18
204 94 85 119 181 229 97 100000 35 105 18 52 122 260 91 82 240 43 74 195 161 150 91 127 100000 52 57 57 217
205 165 455 480 455 495 41 65 470 100000 470 144 95 100000 120 480 357 218 327 391 386 204 115 322 6 233 327 312 302
<task directions>
1 E
2 E
3 R
4 L
5 E
6 E
7 R
8 R
9 R
10 R
11 R
12 R
13 L
14 L
15 L
16 L
17 L
18 L
19 E
20 E
21 E
22 E
23 E
24 E
25 R
26 L
27 R
28 R
29 R
30 R
31 R
32 R
33 R
34 L
35 E
36 E
37 L
38 L
39 L
40 E
41 E
42 E
43 L
44 L
45 L
46 L
47 L
48 L
49 L
50 L
51 L
52 L
53 L
54 R
55 R
56 R
57 R
58 R
59 R
60 R
61 R
62 E
63 E
64 E
65 E
66 E
67 E
68 E
69 E
70 E
71 E
72 E
73 E
74 E
75 E
76 E
77 E
78 L
79 R
80 E
81 E
82 E
83 E
84 E
85 E
86 E
87 E
88 E
89 E
90 R
91 R
92 R
93 R
94 E
95 R
96 E
97 E
98 E
99 E
100 E
101 E
102 E
103 E
104 R
105 L
106 L
107 E
108 L
109 E
110 R
111 L
112 R
113 E
114 L
115 E
116 R
117 E
118 E
119 E
120 E
121 E
122 E
123 E
124 E
125 E
126 R
127 E
128 E
129 E
130 R
131 E
132 R
133 R
134 R
135 L
136 L
137 E
138 E
139 E
140 L
141 L
142 L
143 L
144 E
145 E
146 L
147 L
148 R
149 R
150 R
151 E
152 L
153 L
154 E
155 E
156 E
157 E
158 R
159 R
160 E
161 R
162 R
163 R
164 R
165 R
166 R
167 R
168 R
169 L
170 L
171 L
172 L
173 L
174 L
175 L
176 L
177 E
178 E
179 L
180 L
181 L
182 L
183 L
184 L
185 E
186 R
187 R
188 L
189 E
190 E
191 R
192 E
193 R
194 E
195 L
196 R
197 R
198 R
199 R
200 R
201 L
202 L
203 L
204 E
205 E
<precedence relations>
1,36
2,3
2,4
3,5
4,5
5,7
5,13
6,36
7,8
8,9
9,10
10,11
11,12
12,36
13,14
14,15
15,16
16,17
17,18
18,36
19,36
20,22
21,22
22,23
23,24
23,34
24,26
24,27
24,28
25,28
26,35
27,35
28,29
29,30
29,33
30,31
30,32
31,35
32,35
33,35
34,35
35,36
36,37
36,40
36,41
36,42
36,62
36,69
36,72
36,75
36,83
36,110
36,111
36,112
37,38
38,39
39,45
40,43
40,54
41,92
42,43
42,54
43,44
44,45
45,46
45,48
45,51
45,53
46,47
47,92
48,49
49,50
50,92
51,52
52,92
53,92
54,55
55,56
55,59
55,61
56,57
57,58
58,92
59,60
60,92
61,92
62,63
63,64
64,65
64,68
65,66
66,67
67,80
68,80
69,70
70,71
71,73
72,73
73,74
74,76
75,92
76,77
76,78
76,79
77,80
77,82
78,80
79,80
80,81
81,84
82,92
83,92
84,85
85,86
85,88
85,90
86,87
87,92
88,89
89,92
90,91
91,92
92,93
92,94
92,95
92,96
92,97
92,98
92,99
93,135
94,135
95,113
96,113
97,100
98,100
99,100
100,101
100,103
100,105
100,109
100,130
100,131
100,134
101,102
102,113
103,104
104,113
105,106
105,107
106,108
107,108
108,113
109,113
110,113
111,113
112,113
113,114
113,115
113,116
113,117
113,118
113,119
113,120
113,121
113,122
113,123
113,124
113,161
113,162
113,163
113,169
113,171
113,174
113,203
113,204
113,205
114,160
115,160
116,160
117,160
118,126
119,126
120,126
121,126
122,126
123,126
124,125
125,126
126,127
126,128
126,129
127,135
128,135
129,135
130,136
131,132
132,133
133,189
134,189
135,136
135,137
135,138
135,139
135,140
135,141
135,142
135,144
135,145
135,147
135,148
135,149
135,150
135,151
135,152
135,153
135,158
136,189
137,160
138,160
139,160
140,143
141,143
142,143
143,160
144,160
145,146
146,160
147,160
148,160
149,160
150,160
151,160
152,160
153,154
154,155
155,156
156,157
157,189
158,159
159,189
160,164
160,170
160,178
160,179
160,184
161,167
162,165
163,164
164,165
165,166
166,167
167,168
168,177
169,170
170,172
171,172
172,173
173,175
174,175
175,176
176,177
177,185
177,186
177,187
177,188
177,194
177,195
178,180
179,180
180,181
180,183
181,182
185,189
186,189
187,189
188,189
189,190
189,191
189,193
191,192
194,197
195,196
196,197
197,198
197,199
197,201
199,200
201,202
<end>