<number of tasks>
205
<number of mated-station>
9
<number of workers>
18
<task times>
1 692 271 100000 100000 1827 100000 1225 437 437 1391 375 395 100000 893 1454 1163 1869 209
2 42 9 17 110 100000 57 100000 10 62 49 89 54 39 95 111 44 16 89
3 261 9 431 126 100000 87 486 423 100000 455 100000 150 369 100000 173 95 259 744
4 261 100000 556 681 100000 100000 100000 408 100000 100000 674 71 775 228 173 415 439 306
5 157 100000 100000 100000 401 222 457 119 349 363 264 100000 100000 222 100000 448 57 39
6 90 138 227 205 74 100000 100000 176 100000 100000 100000 100000 100000 248 216 146 95 100000
7 54 148 128 24 100000 19 100000 14 135 112 48 61 25 102 100000 43 43 120
8 67 197 109 197 49 29 111 37 117 99 100000 105 49 100000 45 197 121 201
9 30 48 56 33 27 6 100000 53 76 72 100000 84 65 8 79 29 89 3
10 106 100000 100000 100000 312 137 36 194 293 286 39 239 23 274 175 100000 213 226
11 32 88 20 20 32 6 21 100000 60 34 50 100000 100000 72 31 82 51 4
12 62 100000 158 100000 162 5 8 32 60 92 134 66 12 8 31 100000 100000 140
13 54 83 100000 112 102 149 100000 57 100000 41 33 143 123 28 61 35 100000 57
14 67 91 100000 49 153 175 81 67 100000 100000 69 100000 121 63 29 100000 75 87
15 30 100000 41 83 100000 71 56 100000 42 100000 87 78 70 83 100000 100000 5 67
16 106 100000 299 239 100000 99 229 147 100000 160 100000 100000 20 283 100000 100000 280 100000
17 32 88 62 100000 94 100000 57 100000 37 13 63 100000 72 58 16 40 78 46
18 62 44 58 68 45 182 66 100000 38 114 149 186 156 44 114 66 82 158
19 56 38 125 143 100000 113 18 91 110 79 4 28 6 143 23 116 48 36
20 67 59 35 101 127 100000 25 100000 100000 115 100000 81 67 100000 121 100000 27 100000
21 86 91 219 258 100000 158 142 24 100000 32 235 250 100000 6 14 248 27 100000
22 37 89 75 52 54 106 100000 100000 14 100000 110 41 53 41 57 82 18 29
23 41 100000 53 100000 67 40 28 6 90 63 100000 80 100000 114 13 84 39 122
24 72 160 48 119 175 201 87 12 124 126 216 76 12 203 25 100000 100000 156
25 86 32 214 9 100000 142 14 204 214 100000 168 86 22 42 100000 86 250 245
26 16 25 29 26 100000 100000 32 36 100000 100000 1 10 46 39 5 1 9 100000
27 51 100000 63 59 72 100000 123 109 33 118 135 101 97 88 153 95 110 145
28 66 174 58 149 100000 180 159 31 107 119 100000 76 100000 11 186 133 151 157
29 41 100000 68 57 122 100000 52 100000 52 100000 24 100000 100000 94 100 58 8 14
30 72 81 33 96 100000 40 184 25 158 216 136 141 55 156 100000 85 78 44
31 51 100000 16 110 39 139 100 112 124 100000 25 6 82 36 75 72 100000 89
32 16 100000 100000 100000 15 27 100000 25 100000 100000 100000 37 23 5 100000 25 9 100000
33 15 20 21 100000 34 100000 15 27 100000 6 12 37 6 30 14 11 41 22
34 15 100000 26 22 100000 100000 9 100000 9 100000 27 37 34 100000 26 100000 36 100000
35 85 194 125 202 184 100000 26 235 230 70 100000 108 237 153 115 59 9 151
36 59 47 126 80 13 129 142 124 100000 161 100000 26 149 140 6 100000 87 110
37 23 46 26 51 10 50 42 32 20 30 40 38 68 16 48 100000 44 21
38 13 14 26 14 10 6 33 32 100000 17 24 6 100000 2 35 100000 100000 20
39 19 7 3 2 40 26 17 19 2 100000 54 44 5 100000 22 100000 100000 23
40 108 100000 72 33 137 100000 285 100000 100000 100000 100000 146 124 4 285 88 108 256
41 214 418 100000 193 578 341 193 65 100000 616 100000 100000 328 623 219 100000 20 366
42 80 125 132 15 175 118 44 100000 121 154 100000 125 85 128 92 100000 192 25
43 37 100000 106 110 46 3 4 57 49 100000 76 32 60 80 27 103 111 8
44 84 66 119 111 71 51 36 100000 194 84 219 100000 11 202 139 247 91 61
45 18 15 39 31 16 54 44 52 40 14 9 8 43 5 12 46 100000 4
46 12 23 26 35 18 6 19 100000 22 33 26 36 20 100000 21 8 100000 100000
47 29 66 59 100000 20 16 65 100000 32 80 100000 44 47 43 46 100000 100000 100000
48 37 100000 100000 100000 45 100000 75 38 48 76 34 100000 37 100000 2 90 36 100000
49 13 1 20 25 11 4 18 100000 32 1 33 2 37 12 24 39 11 100000
50 70 100000 204 187 100000 100000 100000 74 143 24 100000 76 116 68 74 72 47 124
51 217 112 586 599 100000 60 645 100000 320 593 313 645 437 404 261 593 567 352
52 72 53 132 188 44 201 141 102 201 205 50 100000 100000 81 205 3 167 81
53 85 207 222 14 192 225 179 169 169 100000 202 217 156 158 85 80 136 100000
54 43 61 105 70 100000 110 36 100000 20 100000 23 71 88 100000 69 114 42 100000
55 97 250 13 39 100000 134 253 172 100000 161 227 190 56 219 114 166 146 85
56 37 106 81 102 89 100000 65 82 99 70 15 102 100000 52 100000 100000 60 43
57 13 3 13 18 8 14 100000 23 7 18 32 3 100000 23 20 17 5 100000
58 35 77 17 83 20 45 88 65 5 64 61 72 100000 100000 55 20 80 76
59 217 417 100000 294 66 287 255 242 547 100000 92 100000 125 112 449 248 417 599
60 72 100000 201 201 100000 25 156 104 70 195 100000 20 115 7 111 91 179 100000
61 85 65 169 6 176 100000 67 24 166 252 100000 24 49 100000 62 100000 19 164
62 25 11 16 100000 100000 100000 61 9 100000 29 3 16 4 70 45 3 100000 23
63 37 67 56 87 69 104 68 4 74 96 21 67 100000 54 87 25 18 74
64 37 64 41 26 100 62 15 98 22 81 101 11 37 87 41 5 16 37
65 103 189 306 164 207 306 124 100000 164 96 100000 309 100000 247 93 294 100000 100000
66 140 81 118 100000 100000 324 100000 100000 156 324 328 257 100000 332 177 100000 353 100000
67 49 70 62 56 96 46 141 43 67 86 135 24 100000 100000 2 128 124 147
68 35 49 12 100000 46 20 99 26 100000 102 4 99 74 32 63 50 38 26
69 51 100000 100000 79 3 150 24 12 37 62 100000 129 18 153 83 100000 18 100000
70 88 69 98 90 100000 164 161 85 9 111 100000 177 100000 122 100000 35 172 175
71 53 100000 99 83 121 63 153 108 100000 45 86 78 37 100000 150 37 6 138
72 144 165 100000 229 234 74 320 354 27 96 410 406 393 212 419 303 96 217
73 337 102 112 748 950 526 100000 981 304 183 991 82 100000 274 405 213 425 100000
74 107 315 103 164 100000 318 318 94 33 206 164 260 100000 199 276 148 251 100000
75 371 980 601 134 879 868 401 557 1113 1035 746 779 379 100000 1080 257 100000 702
76 97 134 187 245 140 100000 210 120 85 216 123 192 158 100000 18 166 33 158
77 166 304 110 220 26 344 264 66 294 344 100000 473 100000 61 76 423 319 369
78 92 86 100000 221 100000 97 97 100000 67 249 136 92 262 15 56 62 31 119
79 92 100000 100000 48 273 136 81 224 78 100 144 183 92 155 97 100000 100000 20
80 106 100000 55 286 64 71 283 289 20 286 100000 100000 134 68 33 312 251 100000
81 49 100000 112 137 132 39 122 46 11 100000 58 40 45 77 140 100000 58 84
82 92 97 180 100000 163 249 235 100000 62 213 166 202 100000 155 232 78 139 42
83 371 335 846 100000 100000 335 646 357 368 100000 45 935 868 991 657 68 1057 100000
84 87 113 141 261 100000 154 45 27 162 100000 126 152 82 230 76 14 63 123
85 162 413 35 433 161 98 214 253 244 35 195 374 360 100000 100000 74 100000 205
86 96 90 124 136 96 259 100000 90 53 139 288 113 100000 182 251 61 70 142
87 79 223 65 95 235 150 218 100000 88 147 183 195 74 77 195 223 235 15
88 96 56 159 127 50 100000 41 256 142 211 4 274 193 100000 7 70 18 104
89 42 74 2 97 64 26 100000 107 122 100000 55 110 111 45 100000 42 47 102
90 88 159 264 17 100000 227 235 100000 77 177 214 96 100000 17 88 135 100000 64
91 90 106 63 100000 100000 133 100000 87 100000 165 100000 100000 100000 232 227 238 160 57
92 97 221 224 18 137 166 253 100000 132 143 120 100000 221 100000 100000 100000 4 4
93 270 100000 50 33 236 737 592 786 163 100000 268 100000 211 244 114 770 100000 681
94 452 936 1356 949 489 1288 597 1302 408 100000 204 28 272 353 367 963 733 150
95 48 32 54 32 100000 130 127 138 104 87 85 15 133 52 113 31 100000 83
96 338 143 100000 100000 31 487 437 214 100000 852 670 100000 558 589 335 100000 31 163
97 34 100000 100000 40 79 53 59 42 94 49 99 45 100000 38 84 102 66 73
98 65 160 59 13 100000 143 59 100000 100000 100000 34 34 170 100000 98 145 141 100000
99 50 52 113 13 70 102 46 49 4 71 120 73 126 56 74 100000 100000 71
100 112 148 289 292 122 35 100000 112 4 100000 202 239 95 152 155 100000 108 212
101 48 55 71 107 100000 140 100000 97 8 45 124 58 58 67 100000 81 11 100000
102 117 100000 239 131 348 183 200 100000 110 50 100000 260 29 218 288 271 204 75
103 50 110 59 100000 86 125 17 76 141 132 100000 25 100000 100000 77 4 38 73
104 68 100000 7 165 100000 96 200 192 84 167 100000 143 176 31 100000 143 167 25
105 232 696 100000 182 112 161 84 404 620 536 640 321 100000 439 100000 439 689 362
106 122 132 286 231 132 344 348 297 70 89 165 81 330 114 304 5 96 96
107 151 100000 100000 340 105 100000 123 200 37 100000 78 42 51 91 259 354 100000 100000
108 31 74 43 52 54 58 100000 23 72 58 100000 61 24 56 16 38 60 82
109 97 161 42 45 213 100 10 100000 163 126 271 100000 259 100000 250 224 204 195
110 308 223 103 546 582 666 100000 100000 712 739 878 38 887 398 232 896 213 564
111 116 258 57 11 100000 91 84 171 100000 100000 251 265 126 102 202 100000 74 100000
112 312 188 684 702 113 805 366 132 712 188 29 833 113 936 100000 889 100000 132
113 34 86 40 19 71 36 95 100000 53 19 41 100000 23 100 100000 100000 70 33
114 128 100000 189 32 246 189 112 20 135 12 357 215 208 162 47 32 346 100000
115 54 100000 100000 146 154 101 94 83 67 100000 7 69 15 156 56 40 141 135
116 175 462 321 462 100000 420 100000 452 100000 509 100000 305 352 342 32 467 6 100000
117 55 100000 116 76 103 4 39 111 163 11 40 100000 90 116 17 108 100000 100000
118 306 249 100000 817 854 469 469 890 579 139 515 322 579 349 212 881 542 47
119 59 128 126 100000 34 45 166 15 40 122 22 34 100000 126 100000 100000 34 22
120 59 163 145 152 128 89 47 166 128 112 3 131 108 50 5 133 77 165
121 66 127 170 15 137 23 100000 155 33 155 92 100000 196 111 194 155 113 34
122 66 125 100000 151 94 74 100000 36 58 36 100000 190 44 100000 21 188 94 100000
123 23 64 62 63 7 6 3 8 22 20 59 36 42 40 54 58 17 35
124 244 257 257 100000 578 447 469 100000 659 235 681 732 100000 520 96 732 23 418
125 54 40 107 59 151 100000 100000 35 14 22 99 14 4 40 59 44 100000 139
126 294 100000 100000 100000 63 36 221 100000 715 468 100000 856 27 204 847 19 100000 776
127 84 56 182 162 26 96 189 194 100000 16 252 224 100000 100000 100000 34 242 179
128 61 165 183 100000 34 103 77 134 34 83 100000 68 94 130 183 176 100000 100000
129 57 125 100000 100000 100000 100000 100000 100000 100000 100000 100000 67 52 8 81 149 18 149
130 38 114 100000 58 77 60 20 93 99 21 26 100000 32 51 45 100000 100000 100000
131 944 100000 1417 1445 2153 1813 1700 100000 2209 737 2747 2436 596 256 964 2209 680 1700
132 511 170 100000 920 1058 1426 100000 32 100000 100000 100000 100000 721 1227 1395 1334 1073 100000
133 625 1163 100000 100000 994 263 1388 20 100000 1182 657 975 100000 1538 788 1819 1838 1257
134 445 1215 1135 868 668 495 121 100000 100000 681 94 468 428 428 100000 535 134 495
135 68 198 7 137 159 161 100000 149 100000 109 92 174 180 72 100000 100000 68 190
136 53 22 28 64 86 82 22 12 115 41 25 100000 36 39 67 115 100000 115
137 49 67 135 2 75 100000 122 93 68 36 108 89 77 2 58 100000 131 16
138 92 100000 232 260 224 9 254 100000 100000 144 133 29 271 161 4 12 100000 34
139 236 673 227 468 107 100000 630 192 340 107 319 142 36 531 135 453 369 100000
140 116 100000 334 247 29 268 345 126 140 192 100000 195 206 100000 175 202 57 100000
141 265 100000 215 100000 739 374 207 557 319 303 96 33 684 525 239 100000 215 549
142 149 211 100000 362 184 447 86 220 100000 41 100000 100000 295 100000 55 273 100000 393
143 74 222 100000 184 200 100000 213 200 153 169 125 173 100000 209 220 218 81 204
144 332 100000 100000 41 150 638 568 966 100000 926 727 100000 100000 170 260 100000 538 867
145 324 836 797 321 69 710 302 632 205 593 652 700 885 176 100000 496 100000 321
146 104 100000 23 100000 51 222 51 278 91 129 101 206 94 23 100000 100000 38 100000
147 51 56 145 138 124 132 150 133 34 13 150 75 25 101 15 100000 103 27
148 58 36 60 174 49 100000 37 100000 136 49 55 117 29 160 89 167 103 100000
149 67 67 169 51 45 27 59 45 39 100000 9 100000 31 100000 153 5 183 17
150 49 90 17 14 51 121 121 116 10 35 16 90 105 29 100000 100000 100000 108
151 107 219 215 14 215 212 148 251 315 129 311 148 171 62 100000 286 135 30
152 38 100000 15 100000 100000 82 100000 100000 71 33 39 41 60 100 8 100000 104 78
153 27 70 18 100000 51 40 26 17 100000 100000 20 12 5 51 48 79 23 38
154 68 121 100000 3 107 137 33 68 46 198 133 11 42 143 100000 100000 76 100000
155 207 268 522 63 509 596 249 20 423 51 429 460 367 100000 317 460 621 280
156 202 521 116 449 7 25 546 189 170 570 100000 100000 100000 261 237 68 31 594
157 83 21 224 232 115 100000 157 68 78 242 61 88 65 135 88 18 100000 83
158 35 84 28 64 46 23 50 87 7 28 91 103 100000 100000 29 100000 59 51
159 58 120 58 98 152 157 63 100000 15 127 94 157 132 100000 13 75 171 155
160 42 45 44 2 85 114 95 92 22 76 102 4 11 70 57 87 9 50
161 68 196 60 153 23 33 100000 172 100000 76 100000 7 117 107 13 70 100000 190
162 68 58 70 172 100000 139 33 46 163 74 11 137 100000 182 143 172 192 33
163 68 105 117 46 172 72 46 123 135 131 94 182 129 100000 157 178 125 186
164 103 96 100000 155 56 284 100000 112 100000 241 121 177 137 53 220 81 133 100000
165 103 87 210 100000 223 186 41 81 100000 103 210 56 287 100000 260 50 100 109
166 103 93 204 100000 124 287 112 56 81 100000 115 100000 137 100000 100000 100000 204 133
167 103 50 100000 100000 235 309 164 250 291 127 100000 100000 16 13 38 118 100000 81
168 103 143 100000 291 217 75 143 50 204 269 127 291 100000 300 63 137 272 189
169 68 100000 40 11 107 100000 40 58 17 40 98 186 135 131 5 100000 78 100000
170 103 100000 100000 217 100000 186 180 297 263 137 303 220 26 137 100000 146 100000 137
171 68 52 109 92 42 100000 200 80 100000 7 33 100000 88 23 196 100000 25 64
172 103 26 309 100000 56 146 177 103 112 189 306 247 38 247 257 281 195 173
173 103 47 192 192 260 281 146 201 81 241 84 66 164 100000 4 100000 53 204
174 68 202 196 3 159 188 100000 48 141 15 119 38 94 72 46 145 143 31
175 103 38 100000 207 78 272 183 254 158 100000 269 180 170 7 29 93 204 241
176 103 198 100000 300 100000 100000 100000 100000 173 29 100000 63 143 161 303 303 100000 173
177 10 17 100000 100000 2 27 18 29 3 15 100000 18 12 4 7 20 2 24
178 187 387 348 516 320 488 100000 100000 100000 208 186 35 550 100000 432 270 100000 281
179 134 100000 69 57 330 81 310 25 246 234 100000 113 181 117 314 157 141 129
180 89 68 86 65 100000 100000 83 100000 169 147 174 235 6 86 118 139 107 57
181 58 169 81 100000 157 103 29 60 6 51 84 72 65 46 100000 100000 8 100000
182 49 80 100000 40 55 11 116 42 87 30 78 52 144 113 55 100000 71 87
183 134 290 338 374 33 185 117 302 177 354 306 234 100000 100000 246 85 234 53
184 53 118 123 14 100000 110 42 14 50 100000 100000 69 157 124 71 53 100000 100000
185 334 872 251 481 502 421 100000 321 762 201 241 592 602 391 71 221 451 952
186 24 25 37 15 100000 59 32 100000 100000 19 25 49 39 100000 100000 17 13 100000
187 76 100000 90 100000 51 100000 135 221 3 121 3 137 185 196 99 221 44 100000
188 76 126 160 83 100000 24 117 228 17 76 183 100000 103 3 105 100000 100000 80
189 192 100000 47 260 496 59 323 490 421 381 59 329 553 100000 100000 191 100000 100000
190 98 285 100000 100000 139 133 100000 10 100000 186 100000 45 92 33 100000 100000 100000 200
191 258 534 697 248 100000 100000 233 100000 542 47 488 179 171 395 496 100000 395 473
192 165 337 100000 31 184 213 100000 204 495 421 100000 223 31 199 451 179 120 120
193 38 26 20 3 27 100000 100000 100000 88 100000 100000 11 86 34 13 100000 100000 35
194 115 100000 101 139 100000 231 201 100000 183 66 77 35 49 242 145 87 87 190
195 83 38 244 242 68 160 58 145 100000 123 83 192 100000 204 100000 93 219 177
196 56 100000 165 100000 100000 168 153 116 138 43 95 36 100000 148 148 100000 100000 156
197 29 6 3 3 17 100000 67 82 100000 24 100000 38 82 59 18 71 100000 23
198 303 873 845 83 646 100000 401 37 391 646 873 373 473 292 664 92 328 736
199 18 100000 6 18 28 41 100000 16 15 44 6 6 100000 13 49 41 9 44
200 29 100000 86 100000 16 100000 100000 100000 41 10 72 2 7 100000 21 46 35 55
201 154 333 93 181 100000 291 448 310 208 462 100000 6 365 93 255 416 70 56
202 90 160 100000 197 100000 100000 100000 109 100000 66 103 100000 100000 100000 109 270 144 103
203 93 107 121 104 100000 100000 121 265 37 187 96 193 12 23 232 215 100000 40
204 94 206 203 100000 43 133 136 268 38 206 15 100000 158 21 220 100000 99 12
205 165 238 31 100000 41 307 465 16 50 213 115 465 367 100000 100000 100000 475 149
<task directions>
1 E
2 E
3 R
4 L
5 E
6 E
7 R
8 R
9 R
10 R
11 R
12 R
13 L
14 L
15 L
16 L
17 L
18 L
19 E
20 E
21 E
22 E
23 E
24 E
25 R
26 L
27 R
28 R
29 R
30 R
31 R
32 R
33 R
34 L
35 E
36 E
37 L
38 L
39 L
40 E
41 E
42 E
43 L
44 L
45 L
46 L
47 L
48 L
49 L
50 L
51 L
52 L
53 L
54 R
55 R
56 R
57 R
58 R
59 R
60 R
61 R
62 E
63 E
64 E
65 E
66 E
67 E
68 E
69 E
70 E
71 E
72 E
73 E
74 E
75 E
76 E
77 E
78 L
79 R
80 E
81 E
82 E
83 E
84 E
85 E
86 E
87 E
88 E
89 E
90 R
91 R
92 R
93 R
94 E
95 R
96 E
97 E
98 E
99 E
100 E
101 E
102 E
103 E
104 R
105 L
106 L
107 E
108 L
109 E
110 R
111 L
112 R
113 E
114 L
115 E
116 R
117 E
118 E
119 E
120 E
121 E
122 E
123 E
124 E
125 E
126 R
127 E
128 E
129 E
130 R
131 E
132 R
133 R
134 R
135 L
136 L
137 E
138 E
139 E
140 L
141 L
142 L
143 L
144 E
145 E
146 L
147 L
148 R
149 R
150 R
151 E
152 L
153 L
154 E
155 E
156 E
157 E
158 R
159 R
160 E
161 R
162 R
163 R
164 R
165 R
166 R
167 R
168 R
169 L
170 L
171 L
172 L
173 L
174 L
175 L
176 L
177 E
178 E
179 L
180 L
181 L
182 L
183 L
184 L
185 E
186 R
187 R
188 L
189 E
190 E
191 R
192 E
193 R
194 E
195 L
196 R
197 R
198 R
199 R
200 R
201 L
202 L
203 L
204 E
205 E
<precedence relations>
1,36
2,3
2,4
3,5
4,5
5,7
5,13
6,36
7,8
8,9
9,10
10,11
11,12
12,36
13,14
14,15
15,16
16,17
17,18
18,36
19,36
20,22
21,22
22,23
23,24
23,34
24,26
24,27
24,28
25,28
26,35
27,35
28,29
29,30
29,33
30,31
30,32
31,35
32,35
33,35
34,35
35,36
36,37
36,40
36,41
36,42
36,62
36,69
36,72
36,75
36,83
36,110
36,111
36,112
37,38
38,39
39,45
40,43
40,54
41,92
42,43
42,54
43,44
44,45
45,46
45,48
45,51
45,53
46,47
47,92
48,49
49,50
50,92
51,52
52,92
53,92
54,55
55,56
55,59
55,61
56,57
57,58
58,92
59,60
60,92
61,92
62,63
63,64
64,65
64,68
65,66
66,67
67,80
68,80
69,70
70,71
71,73
72,73
73,74
74,76
75,92
76,77
76,78
76,79
77,80
77,82
78,80
79,80
80,81
81,84
82,92
83,92
84,85
85,86
85,88
85,90
86,87
87,92
88,89
89,92
90,91
91,92
92,93
92,94
92,95
92,96
92,97
92,98
92,99
93,135
94,135
95,113
96,113
97,100
98,100
99,100
100,101
100,103
100,105
100,109
100,130
100,131
100,134
101,102
102,113
103,104
104,113
105,106
105,107
106,108
107,108
108,113
109,113
110,113
111,113
112,113
113,114
113,115
113,116
113,117
113,118
113,119
113,120
113,121
113,122
113,123
113,124
113,161
113,162
113,163
113,169
113,171
113,174
113,203
113,204
113,205
114,160
115,160
116,160
117,160
118,126
119,126
120,126
121,126
122,126
123,126
124,125
125,126
126,127
126,128
126,129
127,135
128,135
129,135
130,136
131,132
132,133
133,189
134,189
135,136
135,137
135,138
135,139
135,140
135,141
135,142
135,144
135,145
135,147
135,148
135,149
135,150
135,151
135,152
135,153
135,158
136,189
137,160
138,160
139,160
140,143
141,143
142,143
143,160
144,160
145,146
146,160
147,160
148,160
149,160
150,160
151,160
152,160
153,154
154,155
155,156
156,157
157,189
158,159
159,189
160,164
160,170
160,178
160,179
160,184
161,167
162,165
163,164
164,165
165,166
166,167
167,168
168,177
169,170
170,172
171,172
172,173
173,175
174,175
175,176
176,177
177,185
177,186
177,187
177,188
177,194
177,195
178,180
179,180
180,181
180,183
181,182
185,189
186,189
187,189
188,189
189,190
189,191
189,193
191,192
194,197
195,196
196,197
197,198
197,199
197,201
199,200
201,202
<end>