<number of tasks>
205
<number of mated-station>
14
<number of workers>
28
<task times>
1 692 201 568 100000 100000 347 505 492 519 112 112 284 100000 457 100000 436 100000 381 478 105 312 471 188 360 8 125 84 100000
2 42 34 40 41 24 22 15 100000 26 11 28 4 100000 10 28 9 11 31 28 12 24 41 35 100000 22 8 4 17
3 261 100000 113 95 105 92 123 214 204 100000 37 238 100000 206 115 4 63 136 100000 11 100000 134 11 37 100000 9 32 253
4 261 180 193 162 50 141 238 9 219 196 100000 100000 100000 245 232 100000 9 100000 121 61 123 100000 50 63 128 61 66 53
5 157 100000 123 88 100000 100000 138 28 12 59 130 127 51 100000 100000 102 13 130 57 100000 24 106 107 100000 67 42 13 31
6 90 74 14 47 83 70 100000 22 29 100000 81 29 87 78 53 19 5 54 56 53 8 71 100000 18 49 27 100000 13
7 54 22 100000 100000 21 12 44 24 22 30 12 18 28 50 20 14 100000 33 41 13 21 16 29 7 23 2 18 100000
8 67 36 100000 45 100000 47 21 5 42 44 100000 27 32 36 45 38 66 13 100000 60 40 52 42 58 23 19 100000 37
9 30 8 10 19 100000 28 11 23 7 3 14 16 29 8 11 9 16 19 11 7 100000 26 29 24 100000 5 100000 100000
10 106 21 10 8 83 102 105 79 100000 92 83 93 100000 28 100000 56 72 100000 100000 102 100000 102 19 3 100000 100000 100000 100000
11 32 100000 14 100000 15 100000 20 100000 24 21 100000 2 13 32 18 26 14 100000 100000 100000 30 25 31 7 14 17 16 100000
12 62 26 100000 61 48 100000 56 100000 38 46 59 13 39 58 28 100000 3 100000 100000 29 4 46 7 100000 32 100000 8 47
13 54 26 38 52 100000 2 2 17 100000 25 38 100000 53 39 100000 100000 4 100000 100000 9 30 27 34 32 100000 8 7 50
14 67 58 48 27 4 100000 100000 42 61 46 63 100000 50 28 100000 100000 51 61 23 35 100000 100000 51 62 32 100000 100000 15
15 30 24 12 12 100000 14 7 10 13 24 18 23 100000 11 16 7 20 24 100000 26 20 16 3 9 18 100000 100000 23
16 106 18 55 9 48 84 90 84 37 100000 100000 35 99 81 72 68 15 81 15 3 27 22 78 16 100000 85 97 73
17 32 27 29 22 12 17 27 6 14 28 14 25 17 100000 8 18 29 19 100000 12 32 16 22 19 100000 13 100000 12
18 62 27 33 100000 47 26 43 36 62 100000 61 13 6 100000 55 100000 28 52 30 17 46 24 39 42 100000 32 10 34
19 56 38 12 100000 3 44 48 7 10 15 100000 100000 54 5 41 100000 21 46 29 19 22 46 2 56 46 47 19 45
20 67 37 66 64 46 100000 3 43 34 14 29 100000 100000 64 100000 100000 64 100000 16 16 43 56 2 26 100000 7 25 58
21 86 27 59 100000 100000 18 84 25 100000 49 43 13 42 100000 24 41 84 23 19 78 100000 60 100000 100000 42 100000 64 15
22 37 29 10 5 100000 100000 10 8 19 100000 9 6 12 16 22 6 4 29 25 100000 24 14 25 20 9 100000 100000 6
23 41 33 23 100000 4 100000 36 8 28 35 11 100000 7 38 11 3 100000 12 100000 36 14 36 6 40 100000 100000 100000 17
24 72 59 46 15 100000 40 100000 59 14 100000 17 100000 49 54 100000 12 47 71 16 100000 70 14 59 66 20 69 5 100000
25 86 3 51 10 72 100000 100000 36 81 36 100000 100000 100000 18 32 63 9 35 100000 44 38 25 100000 72 49 44 100000 2
26 16 5 10 15 4 13 1 100000 7 2 15 5 13 5 15 100000 16 7 100000 100000 11 5 100000 10 11 8 13 8
27 51 15 48 100000 100000 38 100000 30 100000 8 100000 8 41 51 100000 31 32 46 100000 19 8 47 10 39 13 19 51 17
28 66 50 52 2 100000 45 5 6 57 8 44 33 35 34 100000 19 100000 55 45 100000 25 50 65 32 35 45 45 22
29 41 7 100000 19 32 11 34 100000 31 31 28 100000 4 100000 40 12 27 35 100000 39 29 12 31 25 41 6 100000 11
30 72 22 11 47 59 100000 49 48 100000 50 100000 47 14 5 32 26 66 100000 41 46 30 47 100000 14 59 11 27 100000
31 51 29 100000 15 27 17 100000 31 4 11 27 22 100000 49 100000 100000 100000 23 3 15 8 37 29 12 100000 4 19 3
32 16 15 11 9 16 12 16 100000 8 15 12 13 3 15 13 9 8 8 6 4 8 10 3 7 5 5 13 15
33 15 13 5 6 13 13 100000 9 5 10 100000 11 9 6 100000 100000 9 100000 100000 7 15 9 4 10 1 11 15 11
34 15 100000 100000 100000 15 100000 100000 7 15 12 5 2 13 7 100000 15 5 100000 6 8 9 100000 10 10 11 4 14 100000
35 85 48 56 100000 40 69 100000 67 70 17 51 37 100000 79 39 62 34 64 19 100000 100000 79 27 100000 41 5 53 100000
36 59 46 25 58 39 100000 6 22 21 42 49 35 15 7 100000 100000 27 40 44 17 25 22 54 34 3 47 27 6
37 23 100000 7 7 20 19 6 8 100000 9 12 100000 3 5 7 18 6 20 100000 19 100000 18 17 3 100000 100000 14 3
38 13 100000 9 12 1 100000 2 13 7 5 100000 100000 100000 6 100000 9 8 10 8 8 100000 7 13 10 6 12 8 2
39 19 6 5 15 13 100000 13 4 6 4 2 18 15 14 19 6 13 9 13 2 6 12 9 6 15 9 4 2
40 108 33 101 53 5 84 99 35 7 95 99 99 81 47 81 29 100000 52 84 51 11 106 100000 100000 36 100000 62 69
41 214 100000 100000 212 5 186 20 101 100000 148 122 33 86 214 10 127 99 50 88 127 100000 52 90 163 100000 100000 93 131
42 80 12 37 16 74 73 100000 59 75 69 3 51 61 21 67 77 76 17 24 100000 7 25 66 57 42 100000 51 51
43 37 36 9 9 100000 16 31 29 27 32 29 22 34 15 10 21 15 5 11 100000 15 18 32 16 22 100000 23 15
44 84 100000 63 100000 47 100000 7 3 100000 100000 80 44 75 58 47 37 17 68 100000 14 30 49 13 100000 83 32 35 72
45 18 5 8 4 6 100000 5 100000 3 12 9 4 100000 100000 11 100000 4 2 8 1 8 15 7 17 100000 12 2 16
46 12 5 8 100000 100000 100000 4 3 100000 10 11 8 9 100000 5 3 7 6 9 11 10 5 100000 7 6 6 12 6
47 29 21 5 100000 14 6 8 29 13 5 3 1 28 100000 12 16 20 100000 8 2 5 7 19 20 25 26 2 11
48 37 35 10 12 6 9 100000 24 36 100000 14 20 30 19 11 100000 100000 3 23 25 22 5 31 19 24 25 100000 1
49 13 13 100000 2 4 2 11 100000 6 10 5 5 2 4 100000 6 1 100000 100000 8 4 10 11 100000 9 100000 3 10
50 70 40 32 63 50 18 32 64 22 100000 44 31 52 29 100000 24 51 2 39 100000 100000 2 100000 100000 24 11 41 27
51 217 100000 167 100000 83 20 12 100000 163 100000 131 100 161 161 66 148 154 133 139 150 66 133 118 100000 61 100000 96 111
52 72 28 100000 100000 64 100000 22 6 100000 24 100000 34 14 16 57 12 9 38 68 28 71 100000 63 32 100000 32 10 100000
53 85 12 100000 37 8 40 66 19 71 4 28 7 50 5 63 34 73 35 100000 61 9 4 8 61 75 82 82 12
54 43 39 100000 27 7 21 11 12 4 35 35 100000 24 38 100000 22 7 17 41 25 30 100000 4 100000 37 100000 13 12
55 97 16 6 79 4 68 91 61 95 81 100000 9 88 20 61 100000 100000 26 30 72 70 64 44 88 11 100000 100000 86
56 37 100000 13 6 100000 5 2 10 22 100000 27 24 10 25 2 4 11 8 100000 2 14 19 100000 13 2 11 24 100000
57 13 8 2 7 4 100000 8 7 8 3 8 7 100000 8 5 11 9 100000 5 10 6 11 13 8 1 3 12 1
58 35 34 13 34 30 32 10 7 5 30 20 22 100000 16 100000 3 15 19 16 17 19 33 6 14 31 100000 28 6
59 217 49 103 107 167 204 100000 122 100000 157 29 191 61 64 5 105 10 66 133 44 167 159 189 144 100000 92 10 137
60 72 100000 100000 100000 100000 24 30 45 28 18 16 100000 51 100000 6 2 16 58 11 24 63 15 23 100000 61 15 22 27
61 85 35 19 20 100000 82 30 42 21 100000 100000 100000 100000 44 62 100000 100000 61 7 25 9 40 40 56 100000 56 18 26
62 25 100000 1 10 100000 22 16 11 24 100000 8 15 10 13 7 23 23 100000 100000 18 23 100000 20 6 14 17 11 15
63 37 100000 16 100000 15 5 28 22 11 31 3 100000 4 11 25 24 30 6 13 34 27 10 25 33 33 9 100000 36
64 37 30 31 33 24 27 11 3 100000 4 36 8 7 20 100000 36 20 10 20 27 29 2 100000 100000 20 100000 100000 34
65 103 87 30 57 84 100000 100000 99 29 54 100000 33 100000 3 100 43 62 100000 89 101 74 100000 39 102 100000 102 11 59
66 140 47 41 83 76 104 108 50 7 36 73 19 100000 39 129 76 100000 136 30 100000 83 34 93 100000 112 97 140 2
67 49 26 40 24 18 35 35 100000 44 25 18 19 2 100000 29 26 100000 100000 22 22 6 100000 46 13 4 5 18 23
68 35 33 35 32 32 29 100000 15 17 9 100000 7 5 15 24 2 13 16 19 8 3 20 100000 100000 10 35 7 22
69 51 7 50 40 42 18 100000 7 11 100000 22 19 45 37 4 100000 19 100000 100000 11 37 50 18 27 40 37 10 9
70 88 73 15 60 35 67 100000 66 67 82 100000 88 38 72 23 29 100000 34 70 85 100000 58 100000 100000 85 4 26 41
71 53 38 100000 50 38 40 21 47 47 100000 52 38 11 53 50 100000 12 100000 19 38 100000 31 31 22 9 100000 100000 41
72 144 40 137 100000 41 57 93 83 12 93 74 90 100000 75 118 100000 58 127 37 100000 114 61 100000 32 104 42 103 48
73 337 317 55 293 240 100000 100000 109 159 100000 152 92 100000 100000 100000 182 48 317 11 223 61 327 233 149 142 100000 65 11
74 107 39 100000 3 5 61 103 57 67 101 66 72 11 100000 85 23 82 105 68 77 4 41 24 85 100000 100000 97 100000
75 371 356 23 304 75 286 168 49 100000 327 349 90 100000 179 260 253 127 312 75 100000 190 123 100000 100000 308 168 205 367
76 97 7 43 21 35 94 100000 9 18 40 36 45 64 35 5 16 40 14 3 23 100000 75 73 39 29 6 80 54
77 166 158 84 107 120 131 100000 37 166 67 37 34 100000 100000 70 103 80 55 14 26 44 26 100 146 100000 136 100000 107
78 92 6 69 100000 100000 3 71 89 53 56 80 25 100000 16 56 4 82 100000 81 100000 66 41 12 100000 14 21 33 73
79 92 100000 23 47 100000 89 77 100000 51 100000 22 47 92 55 30 49 24 4 36 79 10 64 100000 71 100000 41 4 84
80 106 102 25 100000 43 75 100000 105 71 22 100000 100000 100000 100000 66 100000 50 84 22 100000 52 100000 100000 98 30 38 77 6
81 49 100000 100000 100000 44 45 24 38 18 37 14 32 7 26 1 33 47 21 40 23 100000 35 100000 40 30 100000 100000 48
82 92 67 16 100000 73 19 100000 52 57 20 100000 68 81 20 47 23 30 64 57 92 67 70 36 61 79 26 18 44
83 371 100000 205 27 90 367 171 86 100000 327 94 75 100000 308 312 341 367 260 153 49 100000 223 267 108 82 112 360 100000
84 87 20 43 100000 10 39 100000 100000 45 19 70 85 50 100000 50 3 16 70 59 81 66 32 11 52 53 48 53 16
85 162 90 152 100000 14 27 131 35 7 100000 131 131 94 6 48 94 127 100000 135 35 100000 152 7 100000 100000 9 162 77
86 96 19 32 36 100000 68 100000 3 85 87 23 100000 74 56 28 58 100000 100000 100000 61 100000 37 26 84 93 37 100000 45
87 79 46 49 38 33 60 49 35 47 33 100000 49 13 63 38 100000 77 19 63 100000 100000 3 39 14 100000 100000 21 22
88 96 100000 38 24 62 9 59 29 68 44 14 42 100000 100000 60 13 100000 17 49 68 22 100000 100000 100000 69 100000 53 31
89 42 100000 100000 33 20 9 12 100000 20 16 16 6 35 34 27 9 41 10 13 35 19 100000 30 12 6 19 100000 28
90 88 21 30 12 100000 100000 100000 81 85 100000 100000 18 51 26 9 85 100000 24 4 18 4 45 64 34 24 33 81 100000
91 90 75 58 100000 100000 100000 63 23 100000 68 100000 62 11 10 52 79 21 28 18 100000 14 100000 100000 8 9 78 79 6
92 97 13 22 93 2 40 100000 26 80 86 40 37 100000 49 23 56 40 72 73 94 75 37 100000 37 29 22 32 74
93 270 100000 17 63 4 82 106 109 111 31 68 144 170 55 100000 179 259 100000 136 187 100000 28 267 219 100000 100000 100000 222
94 452 100000 100000 389 362 123 105 213 208 55 100000 281 100000 69 100000 429 281 452 411 100000 37 199 411 127 452 384 100000 348
95 48 28 47 1 100000 13 32 40 100000 25 4 36 36 100000 8 10 41 100000 35 37 40 25 31 25 15 30 24 42
96 338 294 163 244 129 196 294 28 254 304 207 100000 335 89 159 100000 48 183 41 284 82 4 274 139 102 170 186 298
97 34 22 25 25 27 7 20 20 27 9 2 20 18 100000 31 16 13 100000 30 13 11 16 7 9 32 5 18 34
98 65 52 41 34 45 100000 61 100000 13 21 50 48 2 100000 100000 58 44 62 32 46 58 4 100000 42 57 20 54 43
99 50 100000 3 10 13 100000 37 100000 50 100000 100000 31 35 100000 40 8 41 22 100000 100000 25 100000 100000 100000 43 43 100000 6
100 112 88 3 100000 28 100000 100000 110 48 103 60 89 32 74 83 100000 100000 37 100000 2 55 100000 100000 100000 20 100000 5 41
101 48 27 27 20 39 100000 24 100000 35 12 34 100000 38 23 6 12 39 46 16 100000 100000 9 7 8 28 20 20 100000
102 117 100000 78 117 22 100000 4 9 100000 100000 100000 71 100000 22 28 61 49 89 45 7 47 44 64 4 60 3 89 112
103 50 25 45 100000 48 30 34 4 100000 29 37 18 48 2 30 45 31 50 100000 100000 41 42 28 3 31 36 7 35
104 68 37 22 100000 64 26 100000 100000 61 37 45 36 19 67 18 10 24 8 100000 12 100000 59 27 100000 32 16 57 24
105 232 100000 100000 36 128 100000 112 100000 100000 172 100000 181 156 26 100000 47 186 158 100000 59 70 77 100000 105 142 24 114 93
106 122 107 32 41 62 17 53 66 75 100000 100000 109 92 68 98 18 100000 100000 77 26 54 13 100 87 100000 100000 100000 18
107 151 79 45 46 21 30 61 7 85 100000 121 151 34 84 57 144 81 22 135 120 67 66 88 121 142 103 54 94
108 31 18 10 3 25 10 16 3 1 21 9 100000 14 15 100000 27 7 14 30 20 14 13 1 13 27 12 28 8
109 97 45 39 13 39 52 53 100000 69 85 61 38 100000 4 100000 100000 100000 3 73 41 37 13 100000 25 100000 85 73 95
110 308 56 100000 100000 179 100000 151 148 100000 78 100000 100000 244 280 99 32 56 207 100000 287 194 41 100000 296 176 262 164 59
111 116 30 55 69 116 108 113 27 86 83 83 18 110 49 100000 54 115 79 100000 100000 93 22 100000 108 72 55 70 13
112 312 85 138 206 13 100000 100000 138 244 7 104 228 110 234 57 265 100000 169 293 175 54 66 247 256 272 17 110 17
113 34 11 15 10 27 15 30 3 100000 12 17 18 6 27 100000 11 13 100000 100000 26 100000 20 30 21 2 30 22 29
114 128 119 100000 53 100000 99 43 100000 59 100000 77 100000 5 37 28 123 84 53 51 91 106 34 26 95 80 81 33 42
115 54 100000 100000 17 2 23 45 16 100000 100000 34 18 100000 100000 100000 40 54 4 26 14 41 100000 17 100000 23 100000 18 9
116 175 100000 170 116 104 41 93 48 130 85 138 100000 166 100000 100000 102 62 172 31 20 166 100000 126 137 83 50 138 114
117 55 31 100000 38 23 24 24 54 31 20 100000 100000 32 100000 33 20 100000 100000 50 16 11 25 16 100000 20 49 100000 100000
118 306 13 279 105 306 56 100000 294 100000 100000 257 248 169 96 276 25 236 100000 279 144 233 184 100000 100000 272 193 257 80
119 59 100000 39 100000 42 35 5 43 47 18 25 12 55 19 42 100000 56 25 100000 14 41 45 100000 25 20 18 13 29
120 59 33 15 3 100000 100000 42 48 44 100000 46 9 100000 100000 100000 36 30 100000 28 100000 100000 7 14 10 27 57 43 52
121 66 100000 100000 100000 43 9 37 47 31 45 52 32 6 13 8 41 10 26 4 11 64 100000 13 10 50 54 29 100000
122 66 3 61 3 23 43 100000 45 46 28 4 17 100000 37 100000 56 58 66 100000 46 63 38 100000 47 35 100000 56 26
123 23 20 23 22 100000 6 22 4 100000 100000 100000 100000 19 10 100000 7 100000 23 100000 7 3 100000 23 14 100000 15 5 100000
124 244 132 174 6 8 96 96 198 130 132 25 100000 67 239 225 16 30 212 237 195 135 200 239 212 100000 100000 76 242
125 54 10 38 22 48 46 100000 2 36 43 9 13 10 50 100000 100000 100000 100000 100000 51 22 50 100000 38 37 42 24 12
126 294 273 209 194 100000 253 92 265 121 13 285 100000 285 100000 268 197 150 162 203 63 279 276 45 171 183 51 65 100000
127 84 84 5 28 100000 67 47 42 6 31 53 84 72 81 100000 80 100000 100000 5 13 58 100000 31 10 100000 81 78 70
128 61 61 36 100000 100000 54 36 45 17 21 24 31 100000 29 100000 22 35 33 38 38 54 100000 100000 100000 23 21 50 16
129 57 18 41 20 54 7 23 8 56 9 36 23 45 21 100000 100000 26 36 4 25 41 40 46 3 100000 33 9 42
130 38 17 100000 100000 9 32 25 6 5 100000 13 31 20 100000 13 6 15 22 100000 2 27 100000 33 32 14 27 100000 100000
131 944 100000 850 105 100000 859 774 190 586 774 105 925 576 114 359 227 501 100000 925 100000 944 100000 100000 350 539 369 869 265
132 511 100000 100000 440 67 72 100000 100000 52 460 100000 215 134 174 399 190 429 210 241 100000 424 282 241 11 348 149 378 333
133 625 219 350 100000 182 100000 194 506 563 101 63 188 100000 475 57 219 51 100000 276 88 432 550 26 100000 375 513 500 594
134 445 312 100000 100000 294 68 294 303 352 100000 130 281 445 281 378 63 103 139 100000 205 263 245 432 303 227 267 272 72
135 68 100000 59 9 100000 27 32 20 17 54 8 17 16 65 35 100000 30 49 37 4 100000 100000 29 36 41 52 100000 100000
136 53 21 50 10 49 100000 13 41 13 34 17 30 39 100000 100000 100000 25 11 100000 100000 37 100000 37 3 31 100000 20 37
137 49 45 37 29 100000 17 9 100000 49 29 100000 3 39 8 32 25 100000 47 22 45 31 46 33 7 35 3 100000 41
138 92 50 19 49 100000 86 71 14 74 37 100000 36 54 100000 4 64 100000 13 100000 8 67 91 100000 23 12 77 57 59
139 236 88 154 177 210 234 17 144 100000 161 222 194 224 137 184 189 198 161 104 100000 76 170 13 236 107 100000 227 109
140 116 109 14 8 101 99 110 93 25 16 114 78 95 107 82 27 100000 100000 10 19 29 99 100000 26 9 100 78 115
141 265 236 19 159 59 170 83 115 91 144 49 72 100000 217 178 149 217 96 14 188 204 100000 241 141 196 78 183 186
142 149 94 11 100 119 100000 2 100000 7 34 113 50 78 84 146 84 139 119 13 142 130 74 100000 44 139 5 100000 125
143 74 4 60 56 100000 18 62 100000 49 100000 38 57 100000 52 56 8 17 100000 100000 37 66 28 57 46 56 51 15 13
144 332 41 100000 100000 71 54 67 236 193 186 246 8 41 64 100000 71 100000 243 296 100000 100 315 31 223 27 100000 97 186
145 324 150 100000 14 43 62 100000 100000 53 7 298 37 204 146 146 17 221 311 11 298 117 85 27 195 11 305 140 82
146 104 20 100000 100000 100000 23 100000 100000 11 100000 76 85 23 100000 100000 92 13 100000 19 100000 27 93 7 31 37 75 7 41
147 51 35 35 45 38 28 33 17 29 35 100000 35 36 100000 7 20 3 37 48 7 29 32 37 18 37 33 35 48
148 58 100000 100000 55 14 30 24 26 100000 51 35 23 26 14 12 57 11 8 100000 16 100000 30 43 13 47 32 100000 19
149 67 38 18 100000 56 41 9 100000 3 18 100000 29 4 64 51 100000 47 12 11 8 3 100000 25 58 49 8 19 10
150 49 100000 10 35 25 14 100000 18 36 8 9 24 100000 30 26 15 13 20 10 20 8 100000 100000 10 45 35 100000 12
151 107 73 92 49 104 91 64 100000 42 100000 56 92 100000 73 100000 36 100000 42 26 24 105 100000 93 101 47 12 100000 100000
152 38 18 3 18 100000 7 16 24 1 6 27 30 1 23 2 35 33 7 35 26 27 19 22 100000 3 100000 3 10
153 27 100000 19 24 13 100000 18 17 100000 6 17 100000 2 10 100000 15 5 20 13 8 23 24 5 23 7 25 10 26
154 68 100000 51 26 34 59 49 100000 37 12 12 11 10 46 100000 58 57 19 8 8 20 37 65 39 15 100000 44 100000
155 207 104 112 98 174 81 46 44 57 9 141 26 199 153 100000 100000 75 100000 164 48 26 3 118 26 100000 100000 100000 40
156 202 170 67 73 95 37 118 69 100000 100000 100000 67 168 59 100000 100000 156 150 182 95 182 71 100000 116 172 164 91 144
157 83 29 100000 43 8 2 45 100000 9 44 55 72 100000 100000 5 70 48 19 64 100000 100000 71 51 67 100000 55 75 45
158 35 15 100000 3 5 12 4 100000 13 27 100000 6 5 30 27 27 100000 12 2 11 12 13 100000 21 100000 14 25 8
159 58 100000 43 16 31 100000 100000 44 25 57 3 51 100000 14 100000 19 49 50 35 39 100000 54 12 100000 31 54 100000 31
160 42 9 24 100000 100000 20 37 4 24 29 17 5 35 29 42 11 100000 32 100000 6 30 15 39 39 24 40 10 17
161 68 39 55 39 68 24 48 9 57 50 43 34 100000 11 48 9 30 8 59 13 24 9 47 21 8 48 100000 33
162 68 67 20 34 4 51 24 45 21 53 100000 29 17 23 46 100000 26 100000 59 100000 29 24 58 3 25 21 15 7
163 68 18 54 51 37 63 49 100000 37 6 39 100000 32 44 100000 8 54 38 43 13 100000 66 100000 46 39 29 16 40
164 103 49 100000 100000 103 51 91 39 52 41 81 86 80 96 22 4 100000 58 100000 57 12 100000 79 79 18 55 72 45
165 103 99 16 56 5 28 7 71 53 60 45 100000 21 8 99 99 98 68 100000 103 7 90 51 19 31 8 16 84
166 103 100000 80 100000 66 24 100000 28 19 41 89 103 87 56 63 84 84 13 50 79 19 47 100000 100000 75 14 8 87
167 103 82 103 80 100000 72 23 21 100 100 47 100000 54 17 100000 95 92 10 100 100000 45 94 5 30 22 34 100 38
168 103 100000 58 56 79 31 35 4 22 100000 91 100000 101 40 59 94 3 101 14 9 25 83 100000 44 76 29 51 84
169 68 57 8 18 13 37 34 100000 33 10 13 43 21 100000 41 29 65 14 24 100000 22 12 36 44 10 5 66 31
170 103 35 93 59 100000 60 74 28 42 28 99 2 100000 68 71 84 37 81 99 95 61 24 55 34 18 100000 79 97
171 68 100000 10 30 23 23 44 51 23 49 100000 100000 100000 53 18 100000 9 46 23 32 100000 62 68 100000 100000 61 24 34
172 103 92 88 25 100000 91 73 100000 99 24 16 81 72 100000 100000 79 22 43 100000 22 100000 15 79 100000 54 100000 100000 25
173 103 100000 100000 57 90 16 42 98 95 100000 41 41 25 100000 80 100000 10 30 14 85 100000 69 50 100000 91 93 47 58
174 68 35 59 65 34 63 51 29 9 49 27 60 63 65 26 100000 63 100000 100000 2 100000 67 7 40 40 47 66 100000
175 103 88 100000 11 71 100000 59 100000 53 100000 6 102 43 87 3 100000 87 58 87 100000 67 7 88 60 9 88 51 83
176 103 52 20 69 82 92 66 19 100000 89 56 46 100000 72 71 53 91 39 2 33 101 36 67 63 32 45 46 99
177 10 100000 7 4 6 9 100000 9 8 9 3 5 6 100000 9 4 100000 1 5 2 6 9 6 7 2 7 4 4
178 187 100000 109 129 64 142 74 148 150 100000 100000 122 44 100000 181 150 170 100000 124 100 88 49 90 100000 40 170 103 100000
179 134 97 42 70 100000 20 10 36 78 26 69 131 70 87 21 111 114 110 22 17 18 17 52 100000 82 37 86 100000
180 89 64 50 63 25 100000 88 63 100000 100000 6 8 83 63 10 100000 100000 88 100000 39 100000 40 100000 51 12 61 26 58
181 58 43 100000 39 3 16 53 29 100000 7 3 10 57 44 100000 17 10 27 33 32 40 11 45 40 28 50 11 44
182 49 48 100000 100000 100000 26 14 19 4 28 32 100000 100000 44 31 7 43 21 100000 100000 100000 49 46 41 22 100000 39 100000
183 134 100000 42 48 131 16 20 29 117 29 12 100000 100000 91 106 93 28 100000 122 10 93 100000 100000 50 21 100000 34 32
184 53 13 46 100000 36 43 16 23 13 39 36 18 7 100000 9 23 34 5 45 26 29 8 2 42 46 38 100000 52
185 334 98 68 100000 100000 158 164 41 54 128 18 314 301 31 14 251 221 111 237 24 31 78 100000 207 251 100000 61 8
186 24 13 100000 24 12 100000 18 100000 13 6 17 100000 22 15 11 23 5 100000 5 14 21 100000 20 22 4 14 100000 15
187 76 74 49 2 60 8 100000 23 100000 100000 73 59 100000 64 21 53 13 65 33 21 63 9 100000 36 73 44 12 34
188 76 18 6 5 100000 100000 76 21 100000 100000 73 39 30 35 100000 18 71 50 26 53 100000 100000 32 47 42 42 24 30
189 192 49 100000 100000 16 169 156 165 54 47 100000 28 104 95 100000 192 125 100000 62 114 140 104 100000 41 12 118 139 127
190 98 8 84 62 100000 100000 34 49 38 95 94 100000 4 16 100000 65 68 100000 23 10 23 38 44 100000 31 72 15 80
191 258 222 100000 68 100000 100000 100000 237 114 255 100000 19 173 70 100000 114 225 194 88 122 212 248 100000 130 212 100000 173 109
192 165 58 100000 116 111 68 62 127 4 100000 124 17 100000 85 57 86 94 88 76 42 53 150 98 100000 158 22 67 32
193 38 30 28 20 14 16 36 2 7 6 100000 21 100000 24 14 100000 23 14 100000 100000 100000 1 4 8 19 32 100000 27
194 115 73 4 30 74 8 17 108 105 100000 55 59 102 100000 108 100000 37 112 100000 14 114 108 41 23 16 67 113 100000
195 83 63 3 54 100000 36 82 10 12 58 31 52 4 8 60 58 50 55 100000 83 15 18 12 100000 80 3 100000 100000
196 56 7 14 5 25 46 40 5 21 100000 54 100000 31 100000 100000 54 100000 16 17 27 22 15 14 36 25 100000 4 38
197 29 26 100000 9 100000 25 3 14 26 22 22 14 19 17 28 17 18 5 7 16 18 8 14 100000 26 23 26 18
198 303 237 100000 234 249 100000 158 113 4 188 116 170 146 100000 13 34 212 243 4 92 28 252 46 206 110 152 258 218
199 18 100000 16 100000 9 6 3 100000 17 18 13 4 10 17 10 8 10 7 4 100000 11 3 100000 2 4 4 16 12
200 29 100000 7 100000 22 21 21 22 14 28 100000 21 100000 1 22 26 3 21 8 8 20 100000 27 11 22 28 100000 19
201 154 114 79 151 123 16 100000 133 13 30 100000 100000 30 100000 140 13 47 100000 19 146 67 70 100000 15 82 90 62 123
202 90 12 64 37 3 16 30 100000 63 58 21 100000 77 20 42 22 100000 29 100000 42 88 75 68 54 18 100000 37 18
203 93 17 76 34 49 100000 16 100000 100000 10 46 36 100000 83 19 89 90 93 87 36 100000 49 50 28 52 37 100000 23
204 94 70 49 100000 17 74 81 6 93 56 55 55 100000 22 78 100000 23 89 69 5 72 100000 24 100000 19 69 74 43
205 165 100000 100000 21 35 12 32 162 86 85 8 100000 100000 126 100000 50 122 162 149 154 154 91 100000 132 145 86 8 113
<task directions>
1 E
2 E
3 R
4 L
5 E
6 E
7 R
8 R
9 R
10 R
11 R
12 R
13 L
14 L
15 L
16 L
17 L
18 L
19 E
20 E
21 E
22 E
23 E
24 E
25 R
26 L
27 R
28 R
29 R
30 R
31 R
32 R
33 R
34 L
35 E
36 E
37 L
38 L
39 L
40 E
41 E
42 E
43 L
44 L
45 L
46 L
47 L
48 L
49 L
50 L
51 L
52 L
53 L
54 R
55 R
56 R
57 R
58 R
59 R
60 R
61 R
62 E
63 E
64 E
65 E
66 E
67 E
68 E
69 E
70 E
71 E
72 E
73 E
74 E
75 E
76 E
77 E
78 L
79 R
80 E
81 E
82 E
83 E
84 E
85 E
86 E
87 E
88 E
89 E
90 R
91 R
92 R
93 R
94 E
95 R
96 E
97 E
98 E
99 E
100 E
101 E
102 E
103 E
104 R
105 L
106 L
107 E
108 L
109 E
110 R
111 L
112 R
113 E
114 L
115 E
116 R
117 E
118 E
119 E
120 E
121 E
122 E
123 E
124 E
125 E
126 R
127 E
128 E
129 E
130 R
131 E
132 R
133 R
134 R
135 L
136 L
137 E
138 E
139 E
140 L
141 L
142 L
143 L
144 E
145 E
146 L
147 L
148 R
149 R
150 R
151 E
152 L
153 L
154 E
155 E
156 E
157 E
158 R
159 R
160 E
161 R
162 R
163 R
164 R
165 R
166 R
167 R
168 R
169 L
170 L
171 L
172 L
173 L
174 L
175 L
176 L
177 E
178 E
179 L
180 L
181 L
182 L
183 L
184 L
185 E
186 R
187 R
188 L
189 E
190 E
191 R
192 E
193 R
194 E
195 L
196 R
197 R
198 R
199 R
200 R
201 L
202 L
203 L
204 E
205 E
<precedence relations>
1,36
2,3
2,4
3,5
4,5
5,7
5,13
6,36
7,8
8,9
9,10
10,11
11,12
12,36
13,14
14,15
15,16
16,17
17,18
18,36
19,36
20,22
21,22
22,23
23,24
23,34
24,26
24,27
24,28
25,28
26,35
27,35
28,29
29,30
29,33
30,31
30,32
31,35
32,35
33,35
34,35
35,36
36,37
36,40
36,41
36,42
36,62
36,69
36,72
36,75
36,83
36,110
36,111
36,112
37,38
38,39
39,45
40,43
40,54
41,92
42,43
42,54
43,44
44,45
45,46
45,48
45,51
45,53
46,47
47,92
48,49
49,50
50,92
51,52
52,92
53,92
54,55
55,56
55,59
55,61
56,57
57,58
58,92
59,60
60,92
61,92
62,63
63,64
64,65
64,68
65,66
66,67
67,80
68,80
69,70
70,71
71,73
72,73
73,74
74,76
75,92
76,77
76,78
76,79
77,80
77,82
78,80
79,80
80,81
81,84
82,92
83,92
84,85
85,86
85,88
85,90
86,87
87,92
88,89
89,92
90,91
91,92
92,93
92,94
92,95
92,96
92,97
92,98
92,99
93,135
94,135
95,113
96,113
97,100
98,100
99,100
100,101
100,103
100,105
100,109
100,130
100,131
100,134
101,102
102,113
103,104
104,113
105,106
105,107
106,108
107,108
108,113
109,113
110,113
111,113
112,113
113,114
113,115
113,116
113,117
113,118
113,119
113,120
113,121
113,122
113,123
113,124
113,161
113,162
113,163
113,169
113,171
113,174
113,203
113,204
113,205
114,160
115,160
116,160
117,160
118,126
119,126
120,126
121,126
122,126
123,126
124,125
125,126
126,127
126,128
126,129
127,135
128,135
129,135
130,136
131,132
132,133
133,189
134,189
135,136
135,137
135,138
135,139
135,140
135,141
135,142
135,144
135,145
135,147
135,148
135,149
135,150
135,151
135,152
135,153
135,158
136,189
137,160
138,160
139,160
140,143
141,143
142,143
143,160
144,160
145,146
146,160
147,160
148,160
149,160
150,160
151,160
152,160
153,154
154,155
155,156
156,157
157,189
158,159
159,189
160,164
160,170
160,178
160,179
160,184
161,167
162,165
163,164
164,165
165,166
166,167
167,168
168,177
169,170
170,172
171,172
172,173
173,175
174,175
175,176
176,177
177,185
177,186
177,187
177,188
177,194
177,195
178,180
179,180
180,181
180,183
181,182
185,189
186,189
187,189
188,189
189,190
189,191
189,193
191,192
194,197
195,196
196,197
197,198
197,199
197,201
199,200
201,202
<end>