<number of tasks>
205
<number of mated-station>
7
<number of workers>
14
<task times>
1 692 100000 423 77 471 360 139 100000 512 91 208 77 505 100000
2 42 16 23 30 3 100000 40 17 3 100000 34 28 17 7
3 261 178 139 6 37 61 167 128 136 258 209 74 100000 113
4 261 100000 84 74 100 243 56 232 100000 209 79 9 82 100
5 157 24 100000 28 52 100000 56 7 18 121 35 100000 17 135
6 90 69 32 20 24 26 28 18 78 74 25 3 70 40
7 54 24 43 49 100000 5 17 38 43 100000 11 44 17 27
8 67 18 62 15 100000 25 46 29 100000 37 58 39 42 2
9 30 12 27 16 2 3 11 15 13 27 100000 100000 21 100000
10 106 43 5 94 85 100000 50 100000 100000 101 100000 78 77 24
11 32 22 19 6 100000 21 9 100000 100000 27 7 10 12 100000
12 62 35 19 58 100000 60 2 6 30 17 22 26 37 11
13 54 46 12 100000 43 49 30 4 41 40 3 3 37 39
14 67 67 3 9 49 39 100000 8 62 5 24 32 17 51
15 30 23 100000 2 5 100000 100000 25 8 21 12 30 9 16
16 106 27 4 63 13 67 37 12 36 46 99 39 8 39
17 32 6 11 28 3 22 9 100000 100000 12 11 27 31 29
18 62 100000 44 6 38 32 30 44 59 47 33 24 37 100000
19 56 27 49 11 25 100000 38 42 10 51 100000 52 100000 100000
20 67 36 3 100000 16 100000 100000 40 54 15 17 25 100000 40
21 86 74 17 57 100000 84 51 100000 48 55 67 15 2 26
22 37 31 31 17 23 11 34 100000 23 12 37 100000 17 100000
23 41 40 37 25 10 29 11 17 100000 17 40 38 5 100000
24 72 100000 21 27 5 70 24 62 51 58 100000 22 39 57
25 86 4 27 35 38 38 71 100000 100000 100000 18 69 100000 42
26 16 9 14 2 13 7 7 100000 14 10 11 3 100000 4
27 51 11 8 50 20 100000 15 48 100000 100000 100000 21 36 35
28 66 63 30 54 17 66 100000 63 100000 100000 9 100000 40 63
29 41 10 31 29 7 15 100000 14 100000 35 21 100000 1 3
30 72 55 35 39 2 9 35 56 69 27 34 19 46 100000
31 51 2 31 43 6 17 20 8 39 32 4 100000 37 19
32 16 13 15 10 100000 9 4 100000 9 5 1 5 7 100000
33 15 13 7 100000 11 5 13 100000 2 14 100000 11 10 6
34 15 4 12 2 14 15 14 14 100000 100000 4 5 2 2
35 85 73 61 56 67 65 4 38 26 60 62 100000 100000 27
36 59 27 16 33 29 43 3 15 54 2 53 45 45 6
37 23 2 5 10 9 22 100000 23 8 4 100000 15 16 2
38 13 12 3 11 3 9 10 12 9 10 100000 4 2 9
39 19 100000 16 9 7 8 9 5 3 100000 16 16 17 6
40 108 98 100000 49 44 67 38 67 107 76 48 11 100000 47
41 214 201 203 12 100000 159 10 169 180 100000 100000 100000 88 201
42 80 100000 56 10 17 14 42 49 100000 41 4 75 46 43
43 37 100000 24 22 21 33 100000 19 100000 22 4 3 31 100000
44 84 100000 29 100000 82 69 18 100000 15 27 63 52 20 3
45 18 17 11 100000 11 100000 12 7 9 100000 100000 100000 6 15
46 12 1 6 4 8 9 4 7 11 11 100000 7 4 2
47 29 18 26 15 23 23 4 4 23 100000 27 23 14 24
48 37 31 17 100000 31 100000 12 100000 25 22 10 100000 100000 36
49 13 10 9 12 7 8 9 9 100000 8 2 10 9 8
50 70 47 70 5 27 62 47 100000 21 100000 100000 100000 100000 4
51 217 100000 68 70 44 100000 195 81 27 38 152 215 16 131
52 72 19 65 10 71 72 37 18 100000 7 63 55 100000 37
53 85 44 35 66 53 67 49 100000 9 74 100000 25 13 38
54 43 2 12 38 27 34 100000 100000 40 15 100000 3 27 22
55 97 20 92 13 48 100000 100000 85 92 40 36 8 31 61
56 37 15 34 100000 100000 5 100000 35 1 100000 7 23 1 32
57 13 12 6 1 10 4 100000 7 13 100000 9 2 9 100000
58 35 12 14 6 100000 30 29 28 6 27 24 7 19 100000
59 217 100000 25 100000 55 100000 109 118 107 189 148 163 33 53
60 72 49 51 62 32 37 100000 5 100000 100000 68 100000 7 46
61 85 28 31 100000 42 62 34 72 100000 25 100000 34 100000 66
62 25 100000 100000 16 21 16 12 8 20 19 15 14 17 100000
63 37 5 16 34 32 27 4 100000 9 100000 100000 32 2 20
64 37 5 9 100000 21 26 32 15 9 9 100000 12 100000 11
65 103 3 100000 24 11 100000 100000 80 98 90 75 63 101 98
66 140 111 22 123 8 132 137 71 114 75 7 91 100000 107
67 49 19 1 10 10 47 1 15 100000 100000 37 28 33 17
68 35 100000 7 24 16 33 17 9 100000 100000 27 26 30 17
69 51 100000 30 3 26 11 100000 2 18 46 42 5 17 24
70 88 17 100000 76 76 2 100000 63 100000 58 70 14 66 15
71 53 19 45 8 28 100000 51 22 51 100000 100000 39 23 100000
72 144 15 100000 143 62 100000 100000 40 65 14 110 100000 100000 110
73 337 219 28 38 186 324 100000 256 324 135 100000 14 240 139
74 107 82 85 77 105 100000 43 42 48 107 60 32 85 33
75 371 371 367 23 97 216 57 100000 100000 297 253 312 245 301
76 97 66 60 37 34 100000 30 2 6 52 30 100000 100000 15
77 166 100000 116 100000 103 14 100 145 75 27 49 140 69 163
78 92 74 69 35 67 100000 100000 100000 100000 9 27 100000 52 68
79 92 40 19 100000 100000 13 68 100000 18 21 100000 92 84 70
80 106 100000 77 38 12 68 90 100 36 68 92 100000 56 100000
81 49 100000 21 16 49 22 27 100000 42 32 100000 45 20 100000
82 92 87 8 51 100000 100000 62 75 100000 100000 11 47 41 80
83 371 153 256 105 275 90 353 60 79 100000 364 316 34 100000
84 87 29 74 66 40 100000 73 49 100000 100000 100000 5 59 57
85 162 114 67 25 12 69 72 43 93 75 14 151 100000 11
86 96 78 20 49 42 72 36 48 100000 78 48 100000 7 93
87 79 100000 45 79 31 52 24 38 100000 52 8 11 51 41
88 96 100000 59 23 100000 7 93 63 43 72 70 56 100000 63
89 42 40 21 8 34 100000 6 10 37 41 28 17 40 19
90 88 85 12 36 57 37 35 45 67 47 83 12 18 9
91 90 22 46 70 26 100000 83 11 4 21 21 23 90 100000
92 97 64 30 100000 93 28 100000 100000 89 63 74 87 71 95
93 270 36 109 122 52 100000 130 100000 125 243 173 187 100000 41
94 452 227 100000 384 303 353 100000 195 100 96 100000 272 73 254
95 48 23 18 2 32 21 24 45 35 19 2 43 44 100000
96 338 180 119 267 100000 100000 244 72 100000 100000 105 173 311 100000
97 34 100000 26 100000 100000 22 19 100000 21 28 18 17 30 11
98 65 62 49 46 64 29 12 65 7 100000 21 100000 41 41
99 50 13 9 16 26 48 35 25 39 100000 25 15 12 28
100 112 39 89 100000 106 54 73 58 44 62 19 14 57 100000
101 48 23 34 100000 14 43 41 100000 46 28 41 20 29 100000
102 117 82 21 100000 101 115 68 110 100000 42 105 15 95 81
103 50 100000 13 22 22 100000 26 6 100000 100000 46 46 29 100000
104 68 7 6 9 17 16 31 12 56 100000 2 43 40 52
105 232 230 73 218 133 223 40 107 190 100000 121 126 172 56
106 122 100000 48 99 2 45 104 100 76 52 65 99 116 8
107 151 10 100000 73 81 123 22 81 117 100000 15 96 124 27
108 31 100000 21 100000 24 6 6 14 12 12 25 100000 18 100000
109 97 31 22 95 71 24 84 23 40 100000 100000 13 73 8
110 308 112 305 16 56 90 265 222 100000 100000 22 136 158 62
111 116 96 84 88 100000 38 100000 100000 100000 80 26 80 39 105
112 312 69 141 100000 100000 100000 203 41 100000 200 231 191 107 122
113 34 100000 100000 4 100000 7 13 16 23 20 25 22 32 8
114 128 72 40 20 39 100000 114 100000 40 100000 110 87 91 16
115 54 4 28 100000 100000 8 9 8 7 12 35 22 3 100000
116 175 137 135 97 6 67 27 27 100000 100000 100000 100000 86 90
117 55 100000 100000 31 49 36 100000 54 23 50 7 20 3 100000
118 306 154 175 80 100000 19 144 251 178 306 120 269 242 199
119 59 100000 51 100000 5 45 21 36 10 40 50 6 9 100000
120 59 11 55 18 4 51 53 100000 45 49 31 43 23 23
121 66 17 15 4 100000 66 43 100000 55 47 35 100000 23 100000
122 66 100000 24 100000 100000 100000 65 52 54 6 9 36 40 100000
123 23 18 100000 11 21 100000 11 18 7 5 9 14 11 7
124 244 30 100000 208 54 71 200 20 225 100000 18 100000 186 127
125 54 43 43 100000 43 32 10 7 4 100000 23 24 13 44
126 294 139 145 145 177 124 133 100000 118 74 100000 101 197 291
127 84 48 100000 55 11 24 100000 13 9 37 67 100000 15 18
128 61 8 56 26 55 51 38 6 50 34 51 22 26 21
129 57 44 100000 50 100000 100000 22 100000 28 46 100000 100000 13 37
130 38 100000 8 7 25 7 10 4 36 33 28 2 100000 7
131 944 100000 708 642 557 501 869 369 100000 171 501 633 463 199
132 511 42 429 100000 100000 67 475 67 100000 220 424 210 399 429
133 625 525 207 338 294 369 100000 475 619 438 70 494 163 232
134 445 161 100000 285 37 432 28 245 100000 290 100000 23 378 312
135 68 9 39 60 14 59 37 100000 18 43 58 20 100000 41
136 53 17 100000 9 49 51 12 19 13 100000 29 31 100000 100000
137 49 43 100000 8 100000 100000 5 32 9 100000 4 42 27 25
138 92 40 48 22 86 69 80 100000 100000 100000 64 89 74 87
139 236 100000 205 32 76 86 208 15 20 100000 43 128 29 36
140 116 46 100000 94 100000 55 73 64 87 15 105 39 100000 18
141 265 38 100000 136 173 196 231 51 104 100000 85 159 100000 202
142 149 100000 102 74 76 62 146 130 139 79 97 2 100000 56
143 74 4 100000 100000 26 100000 100000 9 44 62 7 63 21 41
144 332 163 147 322 282 147 236 289 236 87 276 282 170 243
145 324 30 263 40 100000 211 282 100000 108 182 17 211 124 266
146 104 100000 24 95 68 100000 92 100000 24 46 53 6 59 56
147 51 100000 32 45 100000 45 100000 11 9 3 11 22 100000 7
148 58 32 56 17 38 47 47 53 4 28 56 7 15 45
149 67 100000 31 21 23 27 49 35 47 100000 36 6 22 31
150 49 20 10 23 33 10 100000 5 41 39 31 13 47 25
151 107 52 95 83 55 94 12 37 100000 20 65 89 58 100000
152 38 3 100000 33 13 36 100000 9 12 11 32 36 100000 5
153 27 21 100000 26 18 100000 3 3 2 23 100000 17 10 19
154 68 100000 100000 100000 33 62 52 47 49 35 29 26 51 26
155 207 197 153 15 77 7 75 147 63 168 20 100000 77 176
156 202 182 100000 85 100000 29 128 174 37 73 100000 100000 178 69
157 83 47 100000 100000 72 100000 31 2 74 63 62 57 7 100000
158 35 17 22 28 100000 30 14 5 7 33 100000 13 17 5
159 58 20 58 100000 52 100000 100000 18 47 29 51 31 46 100000
160 42 35 100000 35 40 28 15 33 8 16 4 35 16 35
161 68 100000 59 60 60 37 8 57 8 12 100000 2 16 59
162 68 30 6 20 100000 26 41 66 10 33 9 53 63 66
163 68 18 14 18 100000 17 46 61 23 20 26 63 100000 100000
164 103 56 81 50 100000 7 5 100000 15 75 8 36 3 86
165 103 100000 100000 96 100000 7 100 100000 100000 56 84 65 100000 20
166 103 28 49 52 3 43 42 78 37 13 44 33 85 18
167 103 72 34 100000 92 100000 48 10 49 94 84 50 50 47
168 103 90 100000 18 19 54 93 100000 60 96 55 53 2 99
169 68 47 100000 55 27 100000 100000 41 47 57 67 100000 28 8
170 103 13 63 60 100000 29 83 100000 100000 42 93 23 100 100000
171 68 65 27 59 100000 19 100000 29 19 28 23 64 47 61
172 103 98 42 100000 69 96 58 100000 100000 3 94 100000 93 103
173 103 100000 39 98 3 34 64 50 81 23 100000 60 89 100000
174 68 63 100000 100000 67 30 48 100000 14 7 41 27 100000 30
175 103 58 98 100000 34 40 5 68 52 37 90 92 47 100000
176 103 47 100000 103 32 43 100000 79 50 11 100000 8 30 48
177 10 6 2 9 2 6 6 100000 9 5 7 3 3 6
178 187 33 100000 5 14 181 44 57 20 163 3 187 159 161
179 134 57 37 94 4 58 100000 4 40 69 66 100000 28 119
180 89 100000 75 34 17 35 64 8 19 16 17 39 37 6
181 58 2 24 100000 7 35 2 4 52 35 43 20 25 100000
182 49 18 100000 6 100000 100000 40 100000 30 35 37 13 3 6
183 134 58 42 36 98 18 71 100000 100000 10 100000 105 8 113
184 53 5 100000 29 4 100000 3 100000 47 31 34 3 10 43
185 334 294 267 197 197 234 204 177 211 144 174 100000 224 100000
186 24 12 14 19 11 13 8 3 12 22 9 4 18 13
187 76 39 42 33 45 67 14 57 69 14 18 76 59 100000
188 76 100000 36 100000 66 37 35 14 100000 25 100000 15 11 68
189 192 121 37 53 100000 121 135 142 7 177 30 95 142 98
190 98 23 100000 56 100000 97 100000 35 39 8 15 32 46 100000
191 258 45 100000 14 55 100000 227 237 158 100000 16 4 42 119
192 165 94 157 72 63 68 100000 83 101 8 35 106 139 100000
193 38 32 8 13 26 31 12 14 35 31 7 100000 23 6
194 115 100000 90 14 100000 51 52 31 56 18 17 83 37 35
195 83 76 83 63 58 100000 79 65 53 100000 100000 100000 63 100000
196 56 40 2 26 100000 19 32 11 21 54 41 19 8 38
197 29 20 100000 16 100000 8 9 100000 15 8 4 11 100000 4
198 303 249 264 100000 100000 282 261 100000 77 158 146 37 4 100000
199 18 13 16 100000 6 9 6 17 5 100000 18 6 4 11
200 29 100000 1 100000 28 5 24 8 100000 100000 14 14 5 12
201 154 143 133 50 108 113 30 151 16 7 100000 145 114 78
202 90 27 21 65 100000 59 3 50 53 38 75 100000 63 75
203 93 59 100000 38 37 85 19 55 53 76 18 100000 45 64
204 94 9 13 63 100000 91 91 60 100000 32 45 100000 100000 28
205 165 49 149 67 19 100000 16 100000 140 75 9 154 11 142
<task directions>
1 E
2 E
3 R
4 L
5 E
6 E
7 R
8 R
9 R
10 R
11 R
12 R
13 L
14 L
15 L
16 L
17 L
18 L
19 E
20 E
21 E
22 E
23 E
24 E
25 R
26 L
27 R
28 R
29 R
30 R
31 R
32 R
33 R
34 L
35 E
36 E
37 L
38 L
39 L
40 E
41 E
42 E
43 L
44 L
45 L
46 L
47 L
48 L
49 L
50 L
51 L
52 L
53 L
54 R
55 R
56 R
57 R
58 R
59 R
60 R
61 R
62 E
63 E
64 E
65 E
66 E
67 E
68 E
69 E
70 E
71 E
72 E
73 E
74 E
75 E
76 E
77 E
78 L
79 R
80 E
81 E
82 E
83 E
84 E
85 E
86 E
87 E
88 E
89 E
90 R
91 R
92 R
93 R
94 E
95 R
96 E
97 E
98 E
99 E
100 E
101 E
102 E
103 E
104 R
105 L
106 L
107 E
108 L
109 E
110 R
111 L
112 R
113 E
114 L
115 E
116 R
117 E
118 E
119 E
120 E
121 E
122 E
123 E
124 E
125 E
126 R
127 E
128 E
129 E
130 R
131 E
132 R
133 R
134 R
135 L
136 L
137 E
138 E
139 E
140 L
141 L
142 L
143 L
144 E
145 E
146 L
147 L
148 R
149 R
150 R
151 E
152 L
153 L
154 E
155 E
156 E
157 E
158 R
159 R
160 E
161 R
162 R
163 R
164 R
165 R
166 R
167 R
168 R
169 L
170 L
171 L
172 L
173 L
174 L
175 L
176 L
177 E
178 E
179 L
180 L
181 L
182 L
183 L
184 L
185 E
186 R
187 R
188 L
189 E
190 E
191 R
192 E
193 R
194 E
195 L
196 R
197 R
198 R
199 R
200 R
201 L
202 L
203 L
204 E
205 E
<precedence relations>
1,36
2,3
2,4
3,5
4,5
5,7
5,13
6,36
7,8
8,9
9,10
10,11
11,12
12,36
13,14
14,15
15,16
16,17
17,18
18,36
19,36
20,22
21,22
22,23
23,24
23,34
24,26
24,27
24,28
25,28
26,35
27,35
28,29
29,30
29,33
30,31
30,32
31,35
32,35
33,35
34,35
35,36
36,37
36,40
36,41
36,42
36,62
36,69
36,72
36,75
36,83
36,110
36,111
36,112
37,38
38,39
39,45
40,43
40,54
41,92
42,43
42,54
43,44
44,45
45,46
45,48
45,51
45,53
46,47
47,92
48,49
49,50
50,92
51,52
52,92
53,92
54,55
55,56
55,59
55,61
56,57
57,58
58,92
59,60
60,92
61,92
62,63
63,64
64,65
64,68
65,66
66,67
67,80
68,80
69,70
70,71
71,73
72,73
73,74
74,76
75,92
76,77
76,78
76,79
77,80
77,82
78,80
79,80
80,81
81,84
82,92
83,92
84,85
85,86
85,88
85,90
86,87
87,92
88,89
89,92
90,91
91,92
92,93
92,94
92,95
92,96
92,97
92,98
92,99
93,135
94,135
95,113
96,113
97,100
98,100
99,100
100,101
100,103
100,105
100,109
100,130
100,131
100,134
101,102
102,113
103,104
104,113
105,106
105,107
106,108
107,108
108,113
109,113
110,113
111,113
112,113
113,114
113,115
113,116
113,117
113,118
113,119
113,120
113,121
113,122
113,123
113,124
113,161
113,162
113,163
113,169
113,171
113,174
113,203
113,204
113,205
114,160
115,160
116,160
117,160
118,126
119,126
120,126
121,126
122,126
123,126
124,125
125,126
126,127
126,128
126,129
127,135
128,135
129,135
130,136
131,132
132,133
133,189
134,189
135,136
135,137
135,138
135,139
135,140
135,141
135,142
135,144
135,145
135,147
135,148
135,149
135,150
135,151
135,152
135,153
135,158
136,189
137,160
138,160
139,160
140,143
141,143
142,143
143,160
144,160
145,146
146,160
147,160
148,160
149,160
150,160
151,160
152,160
153,154
154,155
155,156
156,157
157,189
158,159
159,189
160,164
160,170
160,178
160,179
160,184
161,167
162,165
163,164
164,165
165,166
166,167
167,168
168,177
169,170
170,172
171,172
172,173
173,175
174,175
175,176
176,177
177,185
177,186
177,187
177,188
177,194
177,195
178,180
179,180
180,181
180,183
181,182
185,189
186,189
187,189
188,189
189,190
189,191
189,193
191,192
194,197
195,196
196,197
197,198
197,199
197,201
199,200
201,202
<end>