<number of tasks>
205
<number of mated-station>
10
<number of workers>
20
<task times>
1 692 126 790 100000 707 2035 100000 1142 624 873 100000 1039 1371 437 1640 976 375 100000 292 100000
2 42 109 69 36 12 6 17 12 92 65 22 25 100000 19 115 122 100000 51 74 44
3 261 100000 689 100000 478 100000 79 87 100000 548 283 259 40 100000 580 619 478 415 100000 100000
4 261 100000 525 556 713 603 251 275 189 455 713 79 100000 243 306 556 337 423 87 64
5 157 100000 457 166 180 100000 151 260 147 100000 156 6 377 292 133 90 325 391 100000 119
6 90 25 100000 4 114 160 100000 232 100000 125 100000 63 195 230 238 265 55 44 154 184
7 54 138 100000 43 119 106 6 99 64 130 100000 100000 36 94 25 100000 38 100000 90 102
8 67 100000 167 100000 103 93 100000 37 169 27 17 100000 145 100000 143 151 100000 77 177 100000
9 30 89 100000 28 37 6 14 8 18 100000 21 48 73 14 65 74 15 34 83 16
10 106 169 77 100000 293 55 153 147 74 100000 277 100000 100000 100000 4 74 106 61 64 71
11 32 100000 41 29 17 17 100000 15 68 19 55 100000 36 71 10 88 49 83 75 100000
12 62 94 105 182 88 100000 23 100000 100000 100000 27 100000 88 100000 79 100000 100000 97 51 27
13 54 46 28 143 100000 54 83 128 35 104 67 149 57 30 38 49 38 100000 77 41
14 67 93 81 141 85 13 100000 107 141 97 147 63 133 105 121 155 145 73 119 183
15 30 86 44 63 23 70 100000 4 51 17 46 29 100000 100000 4 29 2 100000 100000 7
16 106 100000 90 74 248 121 169 156 87 100000 100000 305 93 39 49 96 134 210 293 207
17 32 3 40 100000 70 100000 100000 46 49 87 42 100000 3 12 68 25 88 100000 50 100000
18 62 138 66 173 81 101 95 103 64 97 182 100000 182 86 100000 169 77 110 88 100000
19 56 100000 61 126 19 83 161 111 49 64 78 8 145 76 155 100000 100000 121 100000 100000
20 67 201 177 59 27 23 189 100000 161 67 99 3 9 161 175 100000 53 145 100000 100000
21 86 145 227 181 24 100000 142 245 52 140 189 150 6 63 52 65 6 127 158 100000
22 37 32 79 15 100000 103 51 32 69 16 71 100000 7 100000 97 100000 15 47 100000 100000
23 41 100000 95 45 2 27 100000 83 119 107 63 58 23 79 105 112 17 122 100 5
24 72 210 156 100000 156 126 5 145 115 134 111 66 100000 134 207 207 162 190 100000 100000
25 86 100000 163 100000 168 100000 127 214 100000 100000 212 196 186 114 248 91 201 100000 153 4
26 16 45 24 35 45 48 7 2 31 100000 100000 19 36 13 25 48 100000 17 15 39
27 51 53 151 7 92 54 77 4 16 126 100000 100000 36 89 82 77 112 71 145 100000
28 66 50 58 186 84 100000 80 100000 58 174 94 100000 94 44 19 166 38 100000 178 74
29 41 100000 100000 67 2 77 100000 89 57 32 101 8 62 30 110 100000 25 105 66 113
30 72 25 216 188 154 89 216 83 89 100000 136 16 12 3 132 117 173 100000 100000 50
31 51 100000 124 100000 57 41 109 37 104 33 92 100000 106 100000 142 117 57 15 117 65
32 16 23 12 3 42 3 41 31 40 13 6 20 20 28 100000 26 100000 21 13 38
33 15 40 20 100000 100000 36 45 15 36 100000 43 100000 100000 10 100000 24 2 25 19 27
34 15 33 100000 100000 100000 30 41 17 27 38 3 33 10 12 33 5 100000 100000 43 37
35 85 171 95 212 100000 9 100000 214 136 100000 100000 115 151 37 179 98 80 169 227 14
36 59 34 166 22 98 110 89 40 100000 156 110 100000 110 177 22 71 103 137 147 100000
37 23 32 6 54 6 50 34 69 49 53 4 100000 57 24 64 57 27 51 63 40
38 13 20 22 100000 100000 13 34 36 12 34 12 23 34 100000 38 100000 24 14 16 19
39 19 54 100000 11 54 21 25 100000 56 35 45 100000 50 24 30 31 32 34 55 26
40 108 133 100000 100000 146 318 100000 234 100000 285 100000 179 130 37 95 269 217 256 100000 75
41 214 366 559 302 315 257 142 100000 46 110 482 104 100000 322 180 136 469 72 72 100000
42 80 132 87 130 218 235 187 130 18 100000 30 100000 46 235 216 42 13 240 100000 190
43 37 97 100000 100000 86 108 90 46 100000 20 100000 10 84 97 30 19 99 100000 100000 20
44 84 100000 114 174 100000 204 119 64 169 54 100000 109 81 172 100000 154 224 54 16 89
45 18 40 28 37 21 29 100000 31 100000 100000 44 100000 7 100000 27 42 39 17 100000 10
46 12 31 3 8 32 19 24 19 10 9 100000 24 25 20 25 32 22 100000 100000 9
47 29 59 81 100000 46 11 2 38 43 29 56 100000 41 76 100000 37 76 71 29 67
48 37 106 100000 100000 100000 92 74 100000 35 60 100000 18 110 91 89 100000 104 20 100000 49
49 13 38 16 100000 4 100000 36 100000 6 4 25 15 19 35 14 15 12 19 2 100000
50 70 100000 100000 37 208 179 103 100000 122 108 11 139 41 100000 60 149 14 133 87 204
51 217 580 66 92 495 502 371 47 248 573 177 534 100000 560 100000 632 339 164 100000 100000
52 72 164 158 100000 100000 100 100000 59 85 102 100000 3 100000 147 100000 100000 100000 61 16 81
53 85 219 100 113 80 100000 100000 26 100000 54 95 100000 158 26 227 100000 100000 42 100000 136
54 43 100000 59 126 37 100000 98 52 100000 128 13 117 105 116 100 79 4 52 34 18
55 97 71 198 271 140 108 282 172 71 100000 7 233 248 204 279 288 100000 227 10 230
56 37 29 81 8 100000 100000 42 100000 22 21 96 100000 32 55 107 60 100000 5 79 25
57 13 17 100000 4 24 11 100000 30 8 17 30 33 12 10 36 19 100000 100000 2 28
58 35 72 80 24 70 18 71 6 100000 45 12 55 52 21 103 90 82 51 79 100000
59 217 437 424 398 99 417 449 216 333 489 216 100000 339 385 294 346 391 274 417 554
60 72 201 100000 207 50 154 61 12 106 12 27 100000 201 57 164 173 14 162 192 7
61 85 100000 131 242 82 219 77 85 189 138 113 87 100000 87 70 219 138 100000 100000 37
62 25 35 54 65 57 100000 5 45 22 100000 100000 50 22 30 41 14 100000 7 5 28
63 37 58 25 11 9 100000 42 100000 25 74 100 55 100000 100000 49 110 68 78 74 100000
64 37 59 89 100000 47 106 100000 63 10 108 100000 15 3 27 14 100000 100000 98 70 44
65 103 214 269 241 198 100000 275 75 53 100000 269 100000 47 90 155 143 229 10 100000 278
66 140 286 248 110 100000 286 156 278 139 97 139 399 64 14 93 100000 261 100000 100000 100000
67 49 17 100000 23 77 83 36 121 100000 121 30 29 8 100000 131 93 78 46 100000 115
68 35 76 84 22 100000 52 100000 89 46 62 100000 52 39 74 23 100000 100000 50 72 100000
69 51 147 141 42 77 100000 123 94 12 15 41 28 97 13 69 86 100000 98 144 25
70 88 248 72 188 100000 83 48 111 204 72 19 96 38 12 100000 35 54 48 253 196
71 53 96 143 39 100000 100000 55 105 127 100000 126 107 22 100000 100000 131 132 64 100000 28
72 144 100000 130 333 100000 208 432 428 130 100000 238 156 70 402 148 100000 100000 113 290 18
73 337 82 526 526 21 223 304 213 738 173 132 31 1011 193 607 213 223 971 870 688
74 107 206 292 215 295 283 100000 155 100000 7 148 196 286 43 100000 180 100000 183 171 100000
75 371 757 891 100000 879 101 100000 100000 879 857 590 657 768 179 401 346 412 768 457 779
76 97 100000 100000 126 100000 100000 219 100000 100000 82 268 85 100000 76 259 18 227 4 10 100000
77 166 210 100000 41 85 433 61 180 120 100000 100000 56 443 488 61 100000 100 458 319 100000
78 92 100000 265 100000 150 185 100000 45 34 196 100000 199 106 95 260 257 262 144 100000 40
79 92 34 172 169 227 111 210 180 144 139 100000 100000 144 125 273 97 207 100000 268 100000
80 106 74 261 286 100000 36 160 100000 245 83 163 39 20 280 100000 137 100000 100000 74 102
81 49 111 100000 7 100000 97 102 59 92 124 26 29 124 128 103 128 78 35 54 146
82 92 73 100000 56 18 4 213 100000 246 100000 56 100000 100000 251 117 224 128 12 100000 150
83 371 1069 45 100000 201 613 1069 268 1035 613 100000 100000 1013 1113 490 79 535 535 768 346
84 87 50 209 45 89 71 100000 147 89 115 79 196 30 206 261 79 56 196 61 186
85 162 248 200 200 253 258 210 413 6 103 83 59 166 195 399 467 156 100000 100000 64
86 96 202 41 90 41 61 110 100000 225 228 277 56 190 100000 150 196 100000 196 282 107
87 79 190 147 180 223 121 235 211 131 98 126 230 213 152 100000 145 206 220 136 228
88 96 219 81 47 44 179 61 100000 76 27 239 100000 233 153 73 100000 101 21 93 44
89 42 94 120 119 100000 95 32 100000 4 72 16 79 126 100000 110 122 89 106 67 119
90 88 196 135 51 114 67 22 22 14 109 140 25 48 72 159 143 122 35 64 100000
91 90 100000 100000 152 176 192 106 195 246 165 100000 100000 192 100000 14 100000 208 100000 41 262
92 97 248 100000 207 62 100000 126 100000 62 192 100000 230 132 91 100000 56 100000 100000 100 230
93 270 260 349 656 100000 519 139 100000 187 608 737 503 486 41 139 100000 543 519 171 33
94 452 489 100000 692 1207 855 28 692 1085 1099 1315 100000 828 164 977 299 760 1248 828 719
95 48 78 44 14 80 47 100000 115 25 62 12 101 121 100000 103 71 81 110 107 141
96 338 345 396 670 275 457 42 100000 275 508 548 100000 953 315 100000 173 100000 295 100000 153
97 34 88 100000 100000 33 81 100000 72 98 100000 100000 100000 71 22 100000 61 67 28 2 89
98 65 100000 55 48 79 127 82 73 26 73 162 127 147 100000 100000 18 84 48 26 98
99 50 52 89 104 52 108 100000 90 31 17 13 122 149 81 7 144 98 111 86 87
100 112 75 100000 100000 262 98 100000 252 266 115 296 118 138 125 81 31 132 165 158 95
101 48 91 71 4 55 131 100000 54 95 127 100000 123 20 57 101 12 14 11 141 8
102 117 169 100000 236 100000 200 242 100000 145 120 218 257 100000 100000 166 145 100000 285 327 123
103 50 99 40 100000 144 100000 78 111 32 100000 144 19 100000 104 53 25 134 138 70 84
104 68 54 129 100000 94 21 100000 186 38 100000 70 54 100000 29 196 115 121 100000 100000 163
105 232 536 529 272 515 529 100000 355 446 50 57 543 599 100000 696 467 100000 599 100000 564
106 122 191 100 78 198 100000 107 92 38 235 264 118 100000 297 300 151 362 100 23 100000
107 151 137 100000 100000 227 308 195 15 394 304 69 367 439 100000 313 268 421 100000 100000 421
108 31 20 89 69 81 24 15 86 74 13 100000 13 65 80 54 57 100000 48 8 66
109 97 114 137 56 274 178 10 13 216 100000 100000 250 123 33 100000 195 184 123 100000 30
110 308 19 555 527 10 536 878 29 100000 100000 315 287 481 629 675 287 878 195 250 103
111 116 100000 254 100000 341 112 265 109 227 334 100000 140 91 100000 143 70 60 81 272 195
112 312 100000 100000 100000 534 553 100000 197 100000 646 338 880 85 100000 100000 562 100000 300 562 899
113 34 15 44 100000 68 18 37 59 100000 72 22 5 56 100000 88 42 88 46 96 77
114 128 43 327 20 311 135 39 78 120 265 47 181 227 100000 330 185 135 70 250 24
115 54 70 24 100000 94 131 49 83 94 139 157 86 135 115 86 100000 130 162 100000 78
116 175 90 253 132 100000 132 111 253 169 294 431 17 100000 200 132 48 237 279 378 384
117 55 114 155 122 34 100000 52 100000 47 6 100000 100000 165 37 100000 98 126 113 127 100000
118 306 414 100000 100000 359 450 854 74 496 230 100000 47 111 762 139 404 100000 322 725 100000
119 59 41 108 100000 144 100000 163 96 59 142 135 82 100000 145 105 77 47 100000 45 80
120 59 10 100000 100000 6 100000 142 133 34 93 105 122 147 172 85 119 78 24 93 110
121 66 100000 161 92 147 100000 159 127 50 50 92 174 149 153 100000 100000 117 96 38 123
122 66 100000 80 168 198 11 46 145 23 153 15 98 31 52 17 58 100000 90 155 100000
123 23 27 34 53 21 49 8 41 39 65 20 66 47 100000 58 59 100000 40 8 58
124 244 100000 155 45 652 52 100000 564 133 100000 652 315 447 615 100000 100000 257 410 652 659
125 54 85 53 100000 28 106 70 59 33 151 151 65 100000 69 144 78 128 32 136 17
126 294 450 124 265 723 864 812 679 10 477 100000 741 100000 186 100000 212 230 80 186 100000
127 84 144 31 16 51 229 116 199 100000 144 149 100000 249 44 11 237 41 69 214 100000
128 61 168 54 97 138 172 132 34 54 94 170 74 100000 114 81 96 114 67 37 158
129 57 106 100000 123 142 49 4 149 21 166 171 8 32 64 100000 100000 10 84 140 156
130 38 70 22 56 74 93 100000 13 8 100000 100000 100000 100000 10 42 53 89 68 68 95
131 944 100000 1615 100000 100000 935 2153 1388 652 2521 992 369 2832 2577 2690 2719 2747 765 100000 596
132 511 100000 767 1058 997 369 721 920 100000 476 1364 1119 890 644 920 1487 966 966 1211 1487
133 625 207 676 1219 1125 100000 601 100000 807 95 100000 657 1725 100000 57 844 1875 100000 100000 20
134 445 748 1148 535 388 1188 895 1268 100000 254 828 1295 1135 294 100000 214 321 268 988 174
135 68 74 147 56 100000 100000 15 186 100000 52 100000 31 100000 100000 23 123 137 54 113 74
136 53 100000 36 101 10 116 4 75 100000 72 47 7 36 100000 100000 26 100000 22 82 99
137 49 100000 100000 21 75 13 33 62 10 141 74 92 106 100000 143 55 70 32 4 100000
138 92 100000 100000 125 265 273 133 139 194 111 37 207 210 53 185 42 133 251 117 9
139 236 418 100000 362 107 178 687 383 319 100000 199 185 574 362 432 72 369 100000 482 192
140 116 320 178 306 279 216 237 220 95 100000 43 143 100000 324 233 57 116 306 244 15
141 265 684 247 604 438 787 100000 477 755 597 176 49 581 366 287 271 100000 573 430 708
142 149 367 100000 37 104 157 130 411 121 211 362 389 117 344 100000 100000 100000 166 100000 344
143 74 182 211 100000 103 158 100000 96 100000 61 100000 21 149 195 56 107 100000 169 36 65
144 332 180 100000 449 678 469 817 329 817 100000 190 21 598 847 906 598 260 727 31 170
145 324 79 127 100000 321 554 836 788 457 321 100000 875 768 100000 690 108 331 487 185 195
146 104 256 60 281 203 166 97 172 209 100000 144 144 253 35 69 73 125 23 38 250
147 51 100000 30 74 130 63 100000 100000 123 25 100 133 4 142 139 88 59 51 27 117
148 58 113 51 126 100000 30 72 160 53 94 122 100000 115 51 96 146 153 72 11 25
149 67 87 21 100000 100000 161 100000 100000 141 17 19 11 100000 77 201 15 173 100000 127 100000
150 49 132 127 38 100000 128 100000 140 40 56 27 92 100000 71 100000 100000 70 43 19 96
151 107 78 100000 36 238 43 174 100000 107 30 158 103 270 225 212 273 203 129 276 164
152 38 100000 95 47 76 100000 12 95 112 50 34 50 2 91 63 102 106 100000 69 76
153 27 100000 40 53 100000 52 81 28 49 49 100000 25 3 24 100000 100000 67 100000 64 56
154 68 100000 159 100000 100000 135 157 72 139 145 100000 100000 196 19 100000 38 7 100000 113 100000
155 207 255 113 478 100000 435 119 69 113 292 199 144 354 100000 373 119 100000 100000 305 392
156 202 479 255 176 406 503 231 243 431 116 100000 43 552 100000 588 195 100000 128 37 100000
157 83 229 100 142 197 249 177 100000 26 150 212 53 100000 3 123 237 80 6 105 31
158 35 10 100000 100000 100000 91 41 38 46 7 81 35 100000 63 100000 81 73 38 35 82
159 58 96 100000 167 13 100 8 3 67 23 100000 146 56 56 100000 100000 86 148 3 145
160 42 100000 100000 97 80 100 71 36 45 100000 80 107 84 100000 100000 47 54 124 110 122
161 68 153 100000 100000 117 56 133 100000 129 100000 100000 141 21 72 178 125 56 62 96 5
162 68 176 103 100000 100000 48 60 100000 123 29 180 109 125 117 72 100000 176 188 125 98
163 68 153 145 194 3 135 151 121 105 96 15 194 38 100000 78 19 153 129 109 64
164 103 19 214 275 223 143 100000 210 170 69 19 103 53 78 109 238 103 4 53 41
165 103 100000 281 198 266 177 100000 100000 149 16 167 198 229 35 257 201 161 241 143 124
166 103 287 100000 177 173 192 100000 143 23 100000 38 75 140 35 223 100000 121 180 186 4
167 103 100000 254 195 103 161 63 23 121 254 238 223 53 137 260 244 250 96 100000 100000
168 103 100000 75 263 195 72 152 87 198 275 66 137 297 100000 244 241 192 100000 257 152
169 68 137 54 178 25 90 100000 78 56 196 133 100000 70 100000 86 19 3 100000 147 167
170 103 53 87 100000 201 238 100000 100000 103 10 100000 204 109 100000 124 96 217 100000 100000 146
171 68 100000 98 117 157 100000 119 141 200 155 84 15 123 131 100000 29 3 11 200 100000
172 103 100000 272 297 100000 297 238 149 100000 195 186 78 100000 130 303 303 241 217 272 106
173 103 100000 106 155 109 23 100000 263 23 100000 247 29 75 124 186 164 294 50 84 291
174 68 163 100000 178 17 11 131 200 198 169 68 42 7 119 100000 182 107 66 194 113
175 103 229 291 47 56 100000 300 167 275 207 257 300 100000 53 100 75 164 303 133 241
176 103 100000 127 100000 287 75 220 10 155 244 186 152 124 78 226 303 275 167 287 186
177 10 7 25 100000 22 16 12 12 22 29 13 100000 29 20 25 100000 4 24 21 17
178 187 147 186 191 443 100000 141 275 208 100000 399 404 208 135 432 242 555 7 100000 561
179 134 258 153 177 326 100000 354 402 314 100000 342 173 402 100000 294 326 346 100000 93 282
180 89 131 169 68 193 44 126 139 248 100000 118 91 142 17 100000 86 139 198 100000 208
181 58 148 13 100000 100000 100000 141 100000 124 100000 96 155 132 136 100000 120 46 172 18 157
182 49 141 14 74 100000 20 49 81 46 45 100000 143 100000 42 128 27 100000 124 54 65
183 134 378 133 100000 185 358 390 125 330 370 258 37 173 109 350 193 214 137 97 398
184 53 115 15 31 71 25 132 18 100000 100000 36 25 34 41 100000 120 52 142 39 75
185 334 21 782 100000 552 100000 992 461 100000 582 100000 702 171 461 100000 100000 842 100000 932 722
186 24 10 7 64 100000 50 46 44 100000 100000 100000 39 18 37 5 37 42 3 52 100000
187 76 49 8 80 110 71 51 21 160 189 100000 144 169 100000 108 26 78 135 101 60
188 76 169 133 100000 55 17 42 167 178 214 100000 53 221 71 100000 210 126 90 176 139
189 192 323 478 467 7 547 507 110 524 312 507 237 576 100000 100000 243 352 536 30 409
190 98 100000 63 98 74 100000 60 121 294 212 218 98 294 19 16 63 68 100000 230 256
191 258 248 612 465 302 488 364 100000 241 40 210 100000 635 465 148 100000 171 434 100000 473
192 165 258 85 263 100000 100000 337 218 451 100000 194 208 149 490 100000 317 238 105 60 391
193 38 41 100000 111 114 63 64 50 16 3 9 81 100000 37 43 11 41 80 15 58
194 115 100000 100000 39 297 314 201 100000 135 173 293 29 53 304 173 100000 283 111 156 100000
195 83 147 63 26 172 90 100000 100000 70 11 21 100 70 98 100000 70 95 157 157 132
196 56 146 100 168 123 86 121 54 53 88 100000 100000 146 126 125 100000 150 110 100000 51
197 29 70 70 3 70 81 51 33 46 78 53 79 35 73 21 87 41 16 100000 61
198 303 100000 337 100000 800 301 609 100000 65 100000 755 519 273 628 100000 210 818 174 509 100000
199 18 40 34 10 34 100000 47 30 54 100000 29 15 31 100000 100000 12 52 39 22 9
200 29 25 43 76 47 61 32 100000 19 72 84 37 55 68 27 18 9 54 100000 4
201 154 70 204 273 100000 181 144 100000 47 135 93 121 444 388 208 100000 100000 100000 195 310
202 90 14 205 101 216 265 235 136 25 240 181 52 125 76 267 101 119 47 9 52
203 93 184 101 107 262 162 100000 57 15 100000 123 246 184 132 121 123 229 101 148 15
204 94 113 100000 40 186 122 195 156 85 60 85 99 99 46 100000 100000 100000 100000 9 237
205 165 480 233 100 45 174 258 411 307 100000 283 268 100000 381 95 139 100000 278 45 441
<task directions>
1 E
2 E
3 R
4 L
5 E
6 E
7 R
8 R
9 R
10 R
11 R
12 R
13 L
14 L
15 L
16 L
17 L
18 L
19 E
20 E
21 E
22 E
23 E
24 E
25 R
26 L
27 R
28 R
29 R
30 R
31 R
32 R
33 R
34 L
35 E
36 E
37 L
38 L
39 L
40 E
41 E
42 E
43 L
44 L
45 L
46 L
47 L
48 L
49 L
50 L
51 L
52 L
53 L
54 R
55 R
56 R
57 R
58 R
59 R
60 R
61 R
62 E
63 E
64 E
65 E
66 E
67 E
68 E
69 E
70 E
71 E
72 E
73 E
74 E
75 E
76 E
77 E
78 L
79 R
80 E
81 E
82 E
83 E
84 E
85 E
86 E
87 E
88 E
89 E
90 R
91 R
92 R
93 R
94 E
95 R
96 E
97 E
98 E
99 E
100 E
101 E
102 E
103 E
104 R
105 L
106 L
107 E
108 L
109 E
110 R
111 L
112 R
113 E
114 L
115 E
116 R
117 E
118 E
119 E
120 E
121 E
122 E
123 E
124 E
125 E
126 R
127 E
128 E
129 E
130 R
131 E
132 R
133 R
134 R
135 L
136 L
137 E
138 E
139 E
140 L
141 L
142 L
143 L
144 E
145 E
146 L
147 L
148 R
149 R
150 R
151 E
152 L
153 L
154 E
155 E
156 E
157 E
158 R
159 R
160 E
161 R
162 R
163 R
164 R
165 R
166 R
167 R
168 R
169 L
170 L
171 L
172 L
173 L
174 L
175 L
176 L
177 E
178 E
179 L
180 L
181 L
182 L
183 L
184 L
185 E
186 R
187 R
188 L
189 E
190 E
191 R
192 E
193 R
194 E
195 L
196 R
197 R
198 R
199 R
200 R
201 L
202 L
203 L
204 E
205 E
<precedence relations>
1,36
2,3
2,4
3,5
4,5
5,7
5,13
6,36
7,8
8,9
9,10
10,11
11,12
12,36
13,14
14,15
15,16
16,17
17,18
18,36
19,36
20,22
21,22
22,23
23,24
23,34
24,26
24,27
24,28
25,28
26,35
27,35
28,29
29,30
29,33
30,31
30,32
31,35
32,35
33,35
34,35
35,36
36,37
36,40
36,41
36,42
36,62
36,69
36,72
36,75
36,83
36,110
36,111
36,112
37,38
38,39
39,45
40,43
40,54
41,92
42,43
42,54
43,44
44,45
45,46
45,48
45,51
45,53
46,47
47,92
48,49
49,50
50,92
51,52
52,92
53,92
54,55
55,56
55,59
55,61
56,57
57,58
58,92
59,60
60,92
61,92
62,63
63,64
64,65
64,68
65,66
66,67
67,80
68,80
69,70
70,71
71,73
72,73
73,74
74,76
75,92
76,77
76,78
76,79
77,80
77,82
78,80
79,80
80,81
81,84
82,92
83,92
84,85
85,86
85,88
85,90
86,87
87,92
88,89
89,92
90,91
91,92
92,93
92,94
92,95
92,96
92,97
92,98
92,99
93,135
94,135
95,113
96,113
97,100
98,100
99,100
100,101
100,103
100,105
100,109
100,130
100,131
100,134
101,102
102,113
103,104
104,113
105,106
105,107
106,108
107,108
108,113
109,113
110,113
111,113
112,113
113,114
113,115
113,116
113,117
113,118
113,119
113,120
113,121
113,122
113,123
113,124
113,161
113,162
113,163
113,169
113,171
113,174
113,203
113,204
113,205
114,160
115,160
116,160
117,160
118,126
119,126
120,126
121,126
122,126
123,126
124,125
125,126
126,127
126,128
126,129
127,135
128,135
129,135
130,136
131,132
132,133
133,189
134,189
135,136
135,137
135,138
135,139
135,140
135,141
135,142
135,144
135,145
135,147
135,148
135,149
135,150
135,151
135,152
135,153
135,158
136,189
137,160
138,160
139,160
140,143
141,143
142,143
143,160
144,160
145,146
146,160
147,160
148,160
149,160
150,160
151,160
152,160
153,154
154,155
155,156
156,157
157,189
158,159
159,189
160,164
160,170
160,178
160,179
160,184
161,167
162,165
163,164
164,165
165,166
166,167
167,168
168,177
169,170
170,172
171,172
172,173
173,175
174,175
175,176
176,177
177,185
177,186
177,187
177,188
177,194
177,195
178,180
179,180
180,181
180,183
181,182
185,189
186,189
187,189
188,189
189,190
189,191
189,193
191,192
194,197
195,196
196,197
197,198
197,199
197,201
199,200
201,202
<end>