<number of tasks>
205
<number of mated-station>
11
<number of workers>
22
<task times>
1 692 167 100000 520 43 100000 84 416 100000 873 769 250 100000 167 100000 100000 1371 852 458 2035 100000 1433
2 42 47 55 117 9 41 116 47 112 100000 41 61 12 81 31 109 100000 72 55 51 114 51
3 261 100000 775 556 736 588 322 71 71 564 470 767 243 767 24 329 462 760 455 17 243 439
4 261 189 462 150 189 548 220 736 197 181 322 650 345 697 48 126 228 509 100000 306 56 697
5 157 86 377 100000 410 189 123 410 231 236 217 264 20 53 401 405 217 241 189 335 119 53
6 90 197 246 114 25 149 119 68 14 66 230 270 103 4 222 211 82 25 141 265 133 23
7 54 100000 11 24 159 127 53 4 141 53 99 69 146 64 112 133 100000 125 27 109 43 154
8 67 129 81 61 171 100000 173 100000 61 49 61 77 97 81 195 105 197 187 7 161 127 17
9 30 48 100000 25 100000 73 75 54 62 15 33 100000 36 26 20 43 63 100000 100000 16 12 88
10 106 30 125 204 20 118 283 96 315 191 315 194 236 293 100000 33 118 229 188 245 248 160
11 32 59 100000 100000 83 41 13 45 19 56 50 62 2 47 50 85 49 52 65 83 34 82
12 62 131 175 100000 90 100000 186 129 18 94 105 25 29 162 14 55 156 84 27 106 106 97
13 54 24 69 152 101 160 151 141 85 49 123 36 6 53 125 143 135 15 100000 78 44 57
14 67 67 109 55 99 113 125 97 145 105 185 49 11 139 119 143 100000 83 100000 95 149 107
15 30 86 36 85 17 72 83 37 4 35 50 10 52 100000 13 43 72 28 68 18 28 70
16 106 166 156 45 283 100000 201 93 191 198 87 42 115 90 153 33 299 71 160 36 191 185
17 32 29 60 96 6 30 55 16 43 80 79 79 22 81 15 49 83 100000 90 80 37 82
18 62 105 138 129 82 106 184 168 79 5 149 147 149 69 86 155 100000 123 53 110 51 129
19 56 61 121 76 6 156 28 61 150 108 100000 68 54 33 74 100000 160 163 100000 148 86 79
20 67 55 129 145 79 125 187 100000 143 103 100000 13 35 169 99 107 19 67 7 195 100000 137
21 86 232 58 173 168 245 73 171 122 153 235 55 237 14 86 78 171 176 11 100000 100000 230
22 37 76 49 40 109 86 54 9 10 99 14 59 18 56 52 92 86 107 31 29 108 109
23 41 3 71 62 101 99 49 19 38 102 29 100000 84 34 5 78 49 74 68 100000 83 77
24 72 119 68 106 160 147 74 175 74 96 74 167 98 149 207 14 78 115 182 169 102 100000
25 86 155 207 258 171 100000 45 150 100000 225 186 78 37 100000 153 222 65 117 6 237 142 78
26 16 40 20 21 11 12 100000 20 47 100000 34 9 7 16 32 25 14 7 2 48 100000 33
27 51 50 100000 107 54 39 56 83 100000 56 44 69 95 36 45 120 95 65 97 75 139 62
28 66 92 100000 101 131 100000 100000 58 100000 84 25 19 52 100000 94 78 31 103 178 34 157 48
29 41 82 47 96 103 111 38 82 6 100000 51 117 100000 88 56 107 100000 86 84 61 67 108
30 72 115 160 59 27 68 44 98 100000 169 126 59 85 72 100000 5 100000 186 18 55 177 195
31 51 100000 100000 51 100000 3 57 129 126 53 37 13 21 115 124 34 45 100000 142 34 24 45
32 16 33 9 32 9 47 5 34 12 100000 16 13 37 45 100000 8 40 22 27 2 9 35
33 15 10 10 36 2 11 38 17 12 6 23 44 35 16 41 40 38 10 37 8 5 12
34 15 34 14 20 100000 100000 13 2 41 5 44 5 4 39 13 100000 42 5 18 100000 16 34
35 85 123 125 255 209 166 158 31 189 176 136 90 143 232 57 184 72 240 113 202 194 80
36 59 82 177 6 154 82 107 66 6 119 129 126 107 161 96 93 100 131 91 149 84 82
37 23 53 34 17 66 23 61 15 59 59 6 15 100000 68 38 6 100000 12 100000 44 44 16
38 13 26 100000 18 30 15 17 11 25 27 13 3 19 13 4 33 36 37 30 21 10 2
39 19 23 3 56 51 41 51 18 2 53 40 42 30 33 40 54 4 42 8 100000 16 25
40 108 253 305 7 243 182 234 133 159 100000 288 100000 185 163 163 62 295 292 4 100000 24 14
41 214 264 296 591 100000 116 283 578 629 283 328 604 100000 97 334 386 302 405 33 78 527 501
42 80 61 111 70 51 132 100000 207 218 204 113 13 156 37 121 228 118 46 156 140 171 100000
43 37 35 91 66 43 102 14 101 40 29 15 44 42 34 35 108 66 71 46 87 108 24
44 84 4 187 204 100000 61 222 127 44 134 100000 14 194 187 239 104 71 144 214 101 114 192
45 18 20 5 44 22 46 51 21 13 10 28 18 14 19 47 39 8 11 100000 43 100000 3
46 12 25 4 5 2 36 2 13 16 17 27 31 2 19 3 11 13 28 15 16 11 6
47 29 65 15 79 14 13 22 23 3 64 44 84 57 40 100000 83 80 54 29 69 23 33
48 37 95 90 51 100000 91 26 100000 106 82 24 109 32 55 93 70 90 78 100000 10 25 49
49 13 13 25 34 7 31 25 23 5 11 19 18 33 30 10 12 28 12 34 17 1 17
50 70 62 64 14 39 162 91 30 72 18 55 116 208 131 187 57 151 195 133 116 164 179
51 217 404 437 125 183 8 281 508 320 547 8 326 73 411 183 651 21 313 371 118 469 547
52 72 78 81 55 158 124 46 167 145 100000 29 46 85 199 38 216 186 57 68 5 167 124
53 85 133 100000 47 100000 166 189 214 146 217 136 209 148 252 26 105 37 87 31 113 100000 209
54 43 117 115 100000 100000 7 42 30 110 109 106 115 88 57 23 56 103 24 20 27 115 129
55 97 129 236 53 250 181 56 94 88 16 158 123 233 268 161 16 71 175 146 47 152 117
56 37 75 8 100000 100000 104 35 64 35 35 46 27 100000 51 53 27 71 108 15 46 33 111
57 13 34 25 26 16 17 5 6 20 12 12 21 13 7 14 9 3 16 26 27 25 7
58 35 100 21 27 36 100 100000 26 58 44 46 7 100000 102 31 18 103 39 41 80 29 81
59 217 248 287 100000 151 196 144 606 274 430 371 281 300 261 489 255 255 235 112 625 100000 339
60 72 93 23 98 117 141 141 130 216 201 50 96 126 100000 42 179 210 3 139 126 171 59
61 85 222 138 174 118 156 164 212 212 214 108 207 42 44 14 90 105 6 9 113 95 100000
62 25 37 2 38 100000 8 17 6 58 67 63 17 32 68 16 27 34 20 100000 48 27 63
63 37 110 71 19 55 92 20 108 100000 63 103 54 58 100000 100000 76 65 88 16 40 99 100000
64 37 19 13 15 21 19 26 98 69 78 47 24 4 80 40 29 86 108 25 100000 10 84
65 103 93 207 75 100000 69 112 263 127 60 100000 130 100000 118 177 167 100000 297 238 10 170 66
66 140 311 93 416 273 231 307 97 278 349 106 22 110 282 51 127 311 412 231 286 278 223
67 49 93 59 26 105 86 109 111 7 29 56 54 87 13 137 68 46 4 125 20 115 59
68 35 100000 13 59 47 43 44 100000 82 22 90 76 82 39 25 35 71 77 100 100000 83 62
69 51 18 153 83 45 127 145 109 72 92 100000 147 63 145 142 79 6 66 135 100000 63 66
70 88 90 138 138 109 151 151 211 125 90 40 238 248 38 133 6 43 100000 235 114 85 90
71 53 151 7 137 159 157 96 146 71 52 115 72 107 113 110 56 100000 154 100000 78 75 100000
72 144 199 285 303 251 10 354 260 100000 260 260 152 57 273 359 423 53 234 87 217 242 273
73 337 100000 536 637 466 526 647 324 344 890 344 163 607 11 82 100000 72 526 688 233 597 1011
74 107 94 196 23 100000 286 100000 100000 68 65 68 100000 135 231 167 145 231 100000 126 267 177 158
75 371 991 957 1057 100000 201 223 846 946 100000 168 1035 412 79 501 479 757 346 779 813 524 802
76 97 100000 76 100000 94 216 134 47 100 268 279 74 100000 56 155 259 291 68 100000 100000 114 91
77 166 81 71 299 259 145 463 423 100 423 31 483 16 433 95 230 483 130 165 155 319 130
78 92 133 147 177 106 122 89 37 100000 218 92 75 139 202 243 62 221 100000 262 177 31 100000
79 92 133 20 199 147 213 62 18 169 81 42 158 40 265 265 81 75 128 128 183 86 103
80 106 239 100000 144 106 274 100000 150 267 147 283 242 163 68 236 286 153 191 131 100000 245 232
81 49 100000 46 129 100 27 99 52 26 92 4 80 127 39 100000 137 77 59 81 42 106 112
82 92 100000 224 62 196 100000 188 130 40 62 174 166 213 180 246 100000 100000 185 183 169 221 221
83 371 179 980 100000 57 100000 857 646 100000 1069 112 235 401 290 913 857 90 757 646 34 100000 90
84 87 32 248 45 100000 61 165 191 89 186 53 131 100000 162 258 56 186 131 113 71 209 45
85 162 370 311 452 79 98 132 100000 297 74 50 399 452 307 100000 316 413 35 205 100000 147 331
86 96 15 162 67 100000 47 58 12 110 24 44 110 18 122 96 64 33 248 216 196 228 76
87 79 98 100000 65 199 27 169 121 154 213 199 48 211 173 25 225 211 220 117 190 131 79
88 96 190 188 4 44 38 288 156 7 100000 33 170 107 165 10 259 176 256 58 142 256 41
89 42 71 12 45 34 84 99 115 89 7 44 99 52 7 44 102 22 66 12 106 19 9
90 88 133 90 54 93 4 206 85 140 75 35 100000 101 100000 12 100000 19 25 225 122 117 130
91 90 68 117 41 216 100000 168 12 208 254 240 224 192 36 146 230 248 248 146 267 195 214
92 97 285 82 24 71 221 76 282 184 233 210 120 18 91 282 187 134 187 100000 146 242 140
93 270 503 187 268 276 163 600 648 100000 100000 98 341 729 147 414 33 648 41 100000 494 100000 486
94 452 868 611 977 557 977 1356 28 529 1058 706 882 299 313 1058 1126 800 1004 82 828 1004 299
95 48 57 108 100000 38 21 125 62 62 88 61 41 100000 90 85 75 91 78 48 134 138 110
96 338 100000 710 52 994 102 872 518 295 751 457 52 801 619 100000 356 133 690 72 102 100000 100000
97 34 100000 20 52 61 102 39 100000 100000 79 12 100000 47 100000 102 22 80 32 89 38 100000 59
98 65 187 141 135 189 79 44 32 125 98 79 176 88 3 100000 24 15 145 100000 100000 100000 183
99 50 55 37 62 7 20 68 137 100000 44 146 49 93 43 87 135 32 122 100000 147 120 2
100 112 215 145 175 155 108 246 202 85 229 11 303 100000 95 122 195 95 38 235 296 266 222
101 48 78 100000 124 95 135 10 85 28 110 100000 38 100000 24 40 100000 94 60 62 31 95 15
102 117 141 176 100000 82 239 141 96 106 271 100000 134 89 236 327 166 239 127 239 288 232 267
103 50 100000 49 70 43 44 134 41 58 68 100000 120 37 125 59 132 4 114 95 67 80 137
104 68 78 88 190 143 180 111 23 96 196 153 163 167 157 54 178 180 100000 9 192 103 31
105 232 203 279 100000 390 279 487 376 627 585 112 57 550 328 126 140 175 529 286 508 383 501
106 122 121 289 216 121 8 147 293 16 340 27 176 67 107 92 297 63 100000 38 16 362 355
107 151 28 412 367 100000 426 168 326 42 326 290 33 137 403 100000 24 277 19 150 227 412 277
108 31 53 37 28 66 21 74 38 87 40 64 39 100000 15 64 43 83 13 69 36 91 76
109 97 155 53 248 117 195 259 21 59 100000 36 103 161 277 282 233 21 198 224 201 242 10
110 308 100000 546 93 343 712 490 721 10 389 100000 241 702 426 93 100000 100000 592 259 416 370 869
111 116 209 43 227 317 272 15 272 240 324 136 100000 299 265 100000 32 36 192 209 77 237 15
112 312 100000 730 646 805 721 684 412 151 10 328 319 100000 693 693 899 104 207 216 721 553 740
113 34 49 100000 62 43 35 56 46 59 97 3 100000 74 19 78 79 27 55 18 72 86 73
114 128 365 101 55 100000 304 311 189 24 143 150 55 100000 158 281 338 28 196 70 39 204 204
115 54 7 49 91 24 15 62 162 104 139 54 69 33 72 83 56 46 53 100000 14 73 61
116 175 132 441 122 232 190 410 127 399 363 27 95 179 116 169 457 169 368 48 232 378 357
117 55 100000 67 47 26 122 142 131 129 100000 86 139 111 4 103 34 90 80 108 72 124 34
118 306 414 285 359 735 203 19 100000 909 771 570 725 817 212 340 29 395 102 100000 377 698 294
119 59 133 158 133 108 110 49 12 163 144 138 149 57 38 154 85 77 34 3 158 114 63
120 59 10 77 158 100000 172 133 52 73 119 34 59 43 100000 59 100000 100000 70 59 57 19 50
121 66 161 151 125 76 15 100000 115 54 182 78 100000 62 100000 194 141 125 117 33 15 133 5
122 66 159 145 194 96 5 159 62 96 3 119 172 184 31 147 82 100000 54 103 44 66 190
123 23 11 28 15 11 20 20 42 21 7 43 23 65 27 57 36 36 36 46 41 59 38
124 244 38 198 454 38 703 498 652 103 469 717 688 578 100000 38 242 155 100000 45 250 125 513
125 54 100000 30 51 109 151 139 65 152 59 90 22 115 100000 72 148 86 24 100000 15 160 100000
126 294 829 100000 371 160 212 345 177 100000 785 80 697 177 80 248 538 177 741 767 100000 856 856
127 84 179 46 100000 247 182 69 184 144 6 100000 167 154 154 104 172 214 247 162 104 116 100000
128 61 83 32 108 100000 10 174 16 47 170 100000 72 41 59 79 139 100000 130 77 125 108 150
129 57 27 159 127 142 115 42 64 152 100 100000 60 120 125 27 100000 76 69 142 32 146 35
130 38 104 29 27 85 88 62 103 83 68 48 77 53 55 71 104 32 30 24 114 113 73
131 944 2549 2068 1077 1700 964 2634 100000 100000 964 341 2719 341 709 100000 1162 1247 680 171 822 2124 2011
132 511 1518 1349 93 231 1364 93 1472 1211 905 629 598 1364 767 844 100000 936 1334 736 108 1518 100000
133 625 245 1069 1819 1294 526 1688 1763 245 451 282 619 1313 1838 1294 245 713 100000 619 100000 1275 1856
134 445 1108 1175 41 1135 1108 735 1215 508 1108 961 935 348 535 1162 188 668 481 641 100000 881 1215
135 68 72 7 159 180 188 50 100000 100000 129 5 188 103 119 98 13 100000 66 23 23 178 178
136 53 72 145 26 142 132 115 100000 69 121 118 116 100000 100000 72 100000 100000 72 100000 157 48 77
137 49 86 21 99 97 33 24 14 54 73 102 33 87 20 100000 100000 116 112 64 108 4 90
138 92 125 92 42 246 155 224 31 183 119 100000 100000 133 196 48 268 81 45 78 59 48 262
139 236 581 446 157 687 666 284 171 503 347 100000 468 404 206 524 538 468 206 206 121 687 517
140 116 237 296 275 50 50 247 168 100000 22 230 57 233 100000 18 100000 265 109 29 223 100000 296
141 265 207 747 342 676 716 509 100000 295 152 565 144 414 398 100000 787 684 192 168 223 462 295
142 149 438 100000 55 224 139 166 349 282 228 59 113 264 286 264 273 100000 376 371 362 264 224
143 74 8 19 218 65 8 207 16 189 72 100000 167 145 5 204 109 193 85 142 109 61 39
144 332 100000 817 100000 81 598 479 598 429 399 548 528 568 916 737 230 429 986 150 628 51 698
145 324 826 457 885 292 535 953 788 176 797 428 593 642 100000 584 768 836 100000 419 943 253 700
146 104 275 132 265 197 100000 17 82 13 88 91 41 97 244 100000 100000 45 125 153 240 163 91
147 51 54 47 21 24 121 15 109 75 101 74 69 63 3 100000 37 9 62 142 53 80 57
148 58 100000 43 165 36 8 167 15 81 43 172 127 81 120 10 100000 88 134 8 75 11 96
149 67 81 199 100000 55 51 100000 135 159 195 201 43 3 81 89 13 191 100000 145 103 189 75
150 49 94 13 113 116 81 93 38 140 143 80 39 137 46 100000 10 131 132 51 55 87 65
151 107 100000 215 113 183 190 286 132 228 183 225 100000 78 49 270 196 238 100 257 27 59 273
152 38 30 2 114 102 38 95 94 102 100000 109 100000 104 22 26 102 91 72 94 46 70 100000
153 27 63 49 39 18 70 49 6 63 11 79 30 47 43 57 61 100000 65 39 67 31 79
154 68 70 80 68 48 86 33 155 198 52 100000 174 153 178 157 159 105 88 186 94 184 103
155 207 590 274 330 131 168 224 435 187 268 336 100000 466 94 528 528 100000 249 119 212 416 51
156 202 558 140 158 92 285 213 606 539 558 158 382 80 376 346 116 431 43 527 285 100000 128
157 83 150 100000 219 172 175 83 234 13 16 108 8 157 150 100000 100000 227 75 132 247 160 100
158 35 53 100000 5 59 28 48 96 28 91 20 30 64 28 79 78 104 47 29 60 27 80
159 58 4 100000 100 126 100000 167 158 139 89 22 13 18 100000 136 127 100000 27 74 120 100000 53
160 42 85 125 32 94 100000 100000 9 90 94 124 100000 69 45 105 25 46 47 76 56 17 62
161 68 90 74 159 190 176 78 33 153 98 66 135 52 60 100000 196 13 204 153 31 100000 78
162 68 15 62 121 119 98 36 192 169 100000 186 196 100000 133 56 78 121 125 115 100000 151 100000
163 68 27 200 46 149 46 90 155 70 100000 33 7 202 84 100000 66 44 100000 161 94 86 46
164 103 38 50 152 100000 87 23 19 38 112 32 32 44 100000 78 284 173 306 238 78 103 100000
165 103 192 4 195 103 177 81 10 47 26 223 183 100 247 32 121 90 173 170 303 170 303
166 103 112 238 100000 170 266 204 155 100000 66 152 100000 291 100000 204 217 235 100000 306 183 84 29
167 103 152 180 186 100000 294 152 103 112 238 223 26 204 53 266 281 263 29 238 155 146 44
168 103 115 53 32 291 281 189 241 152 241 115 260 247 263 41 26 127 297 115 195 93 93
169 68 198 190 48 90 113 135 141 25 66 151 143 133 84 190 50 11 100000 117 202 184 176
170 103 87 106 287 223 189 257 214 100000 207 13 291 297 66 121 103 170 257 100000 235 204 100000
171 68 123 100 9 109 23 100000 38 100000 105 123 188 174 42 111 127 117 27 192 155 100000 145
172 103 241 78 210 53 300 241 210 100000 281 158 87 275 87 81 10 44 47 207 60 75 210
173 103 244 303 250 263 100000 100000 90 287 183 87 214 287 78 192 84 140 263 23 109 300 167
174 68 121 163 100000 84 165 9 184 180 133 66 129 62 105 163 180 182 100 23 137 131 100000
175 103 56 241 266 69 250 214 127 100000 244 294 29 137 100000 100000 29 284 189 254 235 306 44
176 103 170 287 217 167 66 309 287 100000 263 149 161 100000 161 155 100000 38 291 241 13 189 100000
177 10 27 29 9 9 4 100000 3 13 15 3 4 29 24 16 16 28 9 27 4 100000 2
178 187 348 511 539 74 96 348 320 253 494 158 292 102 544 18 270 186 100000 147 544 320 359
179 134 141 382 338 125 93 242 125 69 69 282 366 202 161 181 100000 129 189 100000 274 69 362
180 89 107 150 100000 219 256 68 100000 161 107 22 86 264 57 70 6 25 126 94 30 75 179
181 58 88 6 119 131 32 94 41 129 146 158 68 148 153 79 18 55 93 138 67 82 6
182 49 93 138 100000 111 14 124 65 118 17 109 97 115 118 100000 84 42 109 100000 8 10 75
183 134 9 137 382 193 298 100000 294 33 177 193 100000 298 45 234 218 266 378 100000 242 350 234
184 53 96 59 56 153 33 41 118 124 121 107 45 55 97 58 107 47 123 137 154 26 86
185 334 191 371 221 682 481 141 391 852 191 341 572 21 882 121 592 692 391 522 100000 942 481
186 24 70 56 40 68 42 3 34 25 37 100000 62 37 18 20 100000 59 100000 47 100000 100000 14
187 76 55 35 164 24 137 49 40 189 15 15 117 101 167 100000 212 183 46 121 21 105 189
188 76 62 65 128 80 17 3 189 133 65 217 162 171 203 194 37 100000 100000 115 201 112 100000
189 192 271 100000 145 530 208 484 237 162 565 415 100000 490 524 266 243 398 59 289 409 559 432
190 98 156 60 142 127 265 65 63 165 203 139 218 224 95 22 171 121 100000 86 36 250 92
191 258 333 225 766 248 565 380 71 264 674 658 40 743 395 272 666 264 63 364 100000 558 287
192 165 105 411 283 436 95 179 16 278 41 85 292 396 302 352 248 169 475 199 16 480 228
193 38 100000 73 100000 50 83 111 87 35 27 25 41 28 87 100 71 41 22 102 44 15 108
194 115 111 100000 63 125 100000 39 273 252 242 238 266 342 290 252 293 111 73 115 283 221 100000
195 83 26 100000 93 68 187 204 18 185 152 115 160 113 180 13 227 187 155 222 88 11 202
196 56 116 126 19 33 93 81 126 135 95 126 64 158 100000 88 34 163 74 29 3 100 36
197 29 61 71 76 23 43 16 28 82 63 54 78 61 61 72 31 14 41 78 46 75 38
198 303 446 809 246 564 328 573 855 110 100000 709 128 192 791 46 855 301 555 564 100000 100000 809
199 18 46 50 7 38 34 33 50 24 16 9 38 100000 14 100000 25 100000 30 100000 31 20 47
200 29 73 49 24 19 10 84 59 100000 26 28 73 80 13 35 100000 87 38 17 32 66 65
201 154 384 52 10 66 291 430 100000 241 6 384 328 370 453 29 158 42 457 347 421 153 116
202 90 74 100000 127 17 170 100000 68 162 270 122 154 184 248 12 12 222 6 92 144 203 52
203 93 54 93 248 254 79 90 104 207 171 100000 146 12 271 187 201 4 268 87 43 100000 273
204 94 167 4 125 119 21 248 105 251 231 116 265 99 32 260 105 175 189 35 133 274 276
205 165 139 248 213 386 248 90 446 292 194 451 233 179 485 342 362 297 60 416 120 100000 475
<task directions>
1 E
2 E
3 R
4 L
5 E
6 E
7 R
8 R
9 R
10 R
11 R
12 R
13 L
14 L
15 L
16 L
17 L
18 L
19 E
20 E
21 E
22 E
23 E
24 E
25 R
26 L
27 R
28 R
29 R
30 R
31 R
32 R
33 R
34 L
35 E
36 E
37 L
38 L
39 L
40 E
41 E
42 E
43 L
44 L
45 L
46 L
47 L
48 L
49 L
50 L
51 L
52 L
53 L
54 R
55 R
56 R
57 R
58 R
59 R
60 R
61 R
62 E
63 E
64 E
65 E
66 E
67 E
68 E
69 E
70 E
71 E
72 E
73 E
74 E
75 E
76 E
77 E
78 L
79 R
80 E
81 E
82 E
83 E
84 E
85 E
86 E
87 E
88 E
89 E
90 R
91 R
92 R
93 R
94 E
95 R
96 E
97 E
98 E
99 E
100 E
101 E
102 E
103 E
104 R
105 L
106 L
107 E
108 L
109 E
110 R
111 L
112 R
113 E
114 L
115 E
116 R
117 E
118 E
119 E
120 E
121 E
122 E
123 E
124 E
125 E
126 R
127 E
128 E
129 E
130 R
131 E
132 R
133 R
134 R
135 L
136 L
137 E
138 E
139 E
140 L
141 L
142 L
143 L
144 E
145 E
146 L
147 L
148 R
149 R
150 R
151 E
152 L
153 L
154 E
155 E
156 E
157 E
158 R
159 R
160 E
161 R
162 R
163 R
164 R
165 R
166 R
167 R
168 R
169 L
170 L
171 L
172 L
173 L
174 L
175 L
176 L
177 E
178 E
179 L
180 L
181 L
182 L
183 L
184 L
185 E
186 R
187 R
188 L
189 E
190 E
191 R
192 E
193 R
194 E
195 L
196 R
197 R
198 R
199 R
200 R
201 L
202 L
203 L
204 E
205 E
<precedence relations>
1,36
2,3
2,4
3,5
4,5
5,7
5,13
6,36
7,8
8,9
9,10
10,11
11,12
12,36
13,14
14,15
15,16
16,17
17,18
18,36
19,36
20,22
21,22
22,23
23,24
23,34
24,26
24,27
24,28
25,28
26,35
27,35
28,29
29,30
29,33
30,31
30,32
31,35
32,35
33,35
34,35
35,36
36,37
36,40
36,41
36,42
36,62
36,69
36,72
36,75
36,83
36,110
36,111
36,112
37,38
38,39
39,45
40,43
40,54
41,92
42,43
42,54
43,44
44,45
45,46
45,48
45,51
45,53
46,47
47,92
48,49
49,50
50,92
51,52
52,92
53,92
54,55
55,56
55,59
55,61
56,57
57,58
58,92
59,60
60,92
61,92
62,63
63,64
64,65
64,68
65,66
66,67
67,80
68,80
69,70
70,71
71,73
72,73
73,74
74,76
75,92
76,77
76,78
76,79
77,80
77,82
78,80
79,80
80,81
81,84
82,92
83,92
84,85
85,86
85,88
85,90
86,87
87,92
88,89
89,92
90,91
91,92
92,93
92,94
92,95
92,96
92,97
92,98
92,99
93,135
94,135
95,113
96,113
97,100
98,100
99,100
100,101
100,103
100,105
100,109
100,130
100,131
100,134
101,102
102,113
103,104
104,113
105,106
105,107
106,108
107,108
108,113
109,113
110,113
111,113
112,113
113,114
113,115
113,116
113,117
113,118
113,119
113,120
113,121
113,122
113,123
113,124
113,161
113,162
113,163
113,169
113,171
113,174
113,203
113,204
113,205
114,160
115,160
116,160
117,160
118,126
119,126
120,126
121,126
122,126
123,126
124,125
125,126
126,127
126,128
126,129
127,135
128,135
129,135
130,136
131,132
132,133
133,189
134,189
135,136
135,137
135,138
135,139
135,140
135,141
135,142
135,144
135,145
135,147
135,148
135,149
135,150
135,151
135,152
135,153
135,158
136,189
137,160
138,160
139,160
140,143
141,143
142,143
143,160
144,160
145,146
146,160
147,160
148,160
149,160
150,160
151,160
152,160
153,154
154,155
155,156
156,157
157,189
158,159
159,189
160,164
160,170
160,178
160,179
160,184
161,167
162,165
163,164
164,165
165,166
166,167
167,168
168,177
169,170
170,172
171,172
172,173
173,175
174,175
175,176
176,177
177,185
177,186
177,187
177,188
177,194
177,195
178,180
179,180
180,181
180,183
181,182
185,189
186,189
187,189
188,189
189,190
189,191
189,193
191,192
194,197
195,196
196,197
197,198
197,199
197,201
199,200
201,202
<end>