<number of tasks>
24
<number of mated-station>
5
<number of workers>
10
<task times>
1 3 100000 8 100000 5 3 4 7 7 2
2 7 17 6 13 6 100000 12 6 20 20
3 7 4 18 15 21 100000 100000 13 11 9
4 5 5 100000 15 100000 12 12 12 11 9
5 4 2 10 9 10 4 9 4 100000 10
6 3 7 7 5 5 1 100000 2 4 4
7 4 5 5 11 5 5 3 10 8 3
8 3 1 7 2 3 3 3 6 3 3
9 6 100000 10 6 9 8 14 4 14 7
10 4 2 3 11 12 4 6 7 10 5
11 4 2 4 9 7 5 100000 8 100000 4
12 3 2 5 2 100000 2 5 8 4 3
13 3 1 6 9 8 8 7 6 4 100000
14 9 16 22 23 18 15 20 100000 1 15
15 5 5 10 2 9 13 4 15 12 3
16 9 3 15 2 17 26 3 3 22 12
17 2 3 3 6 4 5 6 6 2 4
18 7 14 21 4 1 12 8 18 9 6
19 9 19 18 2 12 21 5 14 9 19
20 9 10 23 22 25 27 8 17 100000 100000
21 8 16 22 21 100000 15 6 16 100000 13
22 8 1 11 23 10 8 5 4 14 17
23 9 100000 25 20 17 16 100000 100000 17 100000
24 9 4 6 9 3 6 27 17 100000 12
<task directions>
1 L
2 L
3 R
4 R
5 L
6 E
7 R
8 E
9 E
10 E
11 L
12 L
13 E
14 R
15 R
16 L
17 E
18 E
19 E
20 R
21 L
22 E
23 R
24 E
<precedence relations>
1,11
2,5
2,6
3,6
3,7
4,15
5,8
6,9
7,10
8,12
9,12
9,13
9,14
10,14
11,16
12,17
13,18
13,19
14,19
15,20
16,21
17,21
18,22
19,23
20,23
20,24
<end>