<number of tasks>
24
<number of mated-station>
2
<number of workers>
4
<task times>
1 3 3 3 100000
2 7 2 100000 100000
3 7 100000 6 5
4 5 5 1 3
5 4 3 100000 100000
6 3 2 2 2
7 4 3 4 3
8 3 100000 2 100000
9 6 4 100000 5
10 4 2 100000 4
11 4 3 3 2
12 3 100000 2 2
13 3 1 3 1
14 9 5 100000 100000
15 5 3 100000 1
16 9 7 4 8
17 2 100000 2 100000
18 7 2 3 3
19 9 5 3 2
20 9 9 9 8
21 8 8 7 100000
22 8 3 3 7
23 9 9 5 7
24 9 2 100000 100000
<task directions>
1 L
2 L
3 R
4 R
5 L
6 E
7 R
8 E
9 E
10 E
11 L
12 L
13 E
14 R
15 R
16 L
17 E
18 E
19 E
20 R
21 L
22 E
23 R
24 E
<precedence relations>
1,11
2,5
2,6
3,6
3,7
4,15
5,8
6,9
7,10
8,12
9,12
9,13
9,14
10,14
11,16
12,17
13,18
13,19
14,19
15,20
16,21
17,21
18,22
19,23
20,23
20,24
<end>