<number of tasks>
24
<number of mated-station>
4
<number of workers>
8
<task times>
1 3 2 1 1 3 2 100000 2
2 7 1 6 4 6 100000 4 4
3 7 7 100000 100000 100000 6 1 3
4 5 3 2 3 4 4 1 5
5 4 2 3 3 3 3 4 4
6 3 1 1 2 3 1 3 2
7 4 100000 2 2 4 100000 2 3
8 3 2 2 3 2 2 1 2
9 6 4 6 6 3 3 4 1
10 4 2 3 4 3 3 1 1
11 4 3 2 4 3 2 3 2
12 3 2 1 2 100000 2 2 3
13 3 3 1 100000 3 2 2 2
14 9 2 4 4 5 100000 7 100000
15 5 4 3 2 3 2 4 3
16 9 6 3 100000 100000 100000 8 5
17 2 1 2 2 1 1 2 2
18 7 5 5 6 7 5 5 3
19 9 8 5 5 5 6 4 7
20 9 7 2 1 9 100000 100000 1
21 8 3 100000 5 4 6 100000 6
22 8 6 4 100000 3 4 5 2
23 9 5 3 3 7 4 7 100000
24 9 8 100000 3 1 4 6 1
<task directions>
1 L
2 L
3 R
4 R
5 L
6 E
7 R
8 E
9 E
10 E
11 L
12 L
13 E
14 R
15 R
16 L
17 E
18 E
19 E
20 R
21 L
22 E
23 R
24 E
<precedence relations>
1,11
2,5
2,6
3,6
3,7
4,15
5,8
6,9
7,10
8,12
9,12
9,13
9,14
10,14
11,16
12,17
13,18
13,19
14,19
15,20
16,21
17,21
18,22
19,23
20,23
20,24
<end>