<number of tasks>
24
<number of mated-station>
4
<number of workers>
8
<task times>
1 3 4 100000 3 1 2 100000 100000
2 7 20 3 17 12 18 16 19
3 7 8 7 8 16 7 7 100000
4 5 4 10 11 11 12 2 12
5 4 100000 5 100000 12 2 7 4
6 3 1 6 100000 8 8 8 4
7 4 100000 8 10 6 10 7 3
8 3 7 5 8 8 9 4 2
9 6 11 7 100000 17 5 13 15
10 4 6 10 10 10 11 3 7
11 4 2 11 12 6 6 2 4
12 3 2 4 6 6 2 100000 8
13 3 2 7 1 3 3 5 7
14 9 20 12 7 5 23 16 26
15 5 13 11 14 4 100000 100000 9
16 9 16 11 17 23 100000 2 6
17 2 5 5 4 6 4 2 3
18 7 18 3 100000 5 19 16 21
19 9 1 25 2 24 14 24 22
20 9 3 12 15 15 26 21 11
21 8 9 2 100000 17 2 9 6
22 8 21 20 21 14 20 24 4
23 9 100000 8 100000 15 17 20 9
24 9 12 15 23 3 27 10 19
<task directions>
1 L
2 L
3 R
4 R
5 L
6 E
7 R
8 E
9 E
10 E
11 L
12 L
13 E
14 R
15 R
16 L
17 E
18 E
19 E
20 R
21 L
22 E
23 R
24 E
<precedence relations>
1,11
2,5
2,6
3,6
3,7
4,15
5,8
6,9
7,10
8,12
9,12
9,13
9,14
10,14
11,16
12,17
13,18
13,19
14,19
15,20
16,21
17,21
18,22
19,23
20,23
20,24
<end>