<number of tasks>
24
<number of mated-station>
3
<number of workers>
6
<task times>
1 3 100000 2 2 100000 1
2 7 5 6 3 6 100000
3 7 2 4 4 6 5
4 5 2 2 4 3 3
5 4 4 4 1 1 2
6 3 1 100000 2 2 100000
7 4 2 2 2 100000 3
8 3 3 2 2 100000 2
9 6 4 2 4 3 4
10 4 3 4 100000 2 3
11 4 100000 1 100000 2 3
12 3 1 3 3 2 1
13 3 2 100000 1 1 1
14 9 3 8 4 2 5
15 5 5 4 3 2 3
16 9 5 7 3 8 7
17 2 2 1 1 1 2
18 7 1 3 6 3 5
19 9 6 7 6 4 2
20 9 7 1 2 5 9
21 8 4 4 3 4 7
22 8 7 4 5 7 8
23 9 7 3 6 2 5
24 9 5 3 1 7 1
<task directions>
1 L
2 L
3 R
4 R
5 L
6 E
7 R
8 E
9 E
10 E
11 L
12 L
13 E
14 R
15 R
16 L
17 E
18 E
19 E
20 R
21 L
22 E
23 R
24 E
<precedence relations>
1,11
2,5
2,6
3,6
3,7
4,15
5,8
6,9
7,10
8,12
9,12
9,13
9,14
10,14
11,16
12,17
13,18
13,19
14,19
15,20
16,21
17,21
18,22
19,23
20,23
20,24
<end>