<number of tasks>
24
<number of mated-station>
2
<number of workers>
4
<task times>
1 3 3 2 2
2 7 7 2 6
3 7 5 100000 3
4 5 3 2 1
5 4 3 1 3
6 3 3 1 3
7 4 2 3 2
8 3 1 3 1
9 6 6 3 3
10 4 3 1 2
11 4 2 2 2
12 3 3 2 3
13 3 3 2 3
14 9 7 6 3
15 5 4 2 2
16 9 8 4 4
17 2 100000 1 100000
18 7 4 100000 5
19 9 100000 7 7
20 9 9 7 100000
21 8 2 6 8
22 8 100000 5 3
23 9 1 8 6
24 9 2 7 3
<task directions>
1 L
2 L
3 R
4 R
5 L
6 E
7 R
8 E
9 E
10 E
11 L
12 L
13 E
14 R
15 R
16 L
17 E
18 E
19 E
20 R
21 L
22 E
23 R
24 E
<precedence relations>
1,11
2,5
2,6
3,6
3,7
4,15
5,8
6,9
7,10
8,12
9,12
9,13
9,14
10,14
11,16
12,17
13,18
13,19
14,19
15,20
16,21
17,21
18,22
19,23
20,23
20,24
<end>