<number of tasks>
24
<number of mated-station>
5
<number of workers>
10
<task times>
1 3 7 9 9 5 100000 8 8 100000 4
2 7 12 2 19 10 6 17 18 100000 11
3 7 16 5 15 5 100000 10 5 14 6
4 5 6 12 6 8 9 2 3 100000 13
5 4 3 5 100000 6 12 9 1 100000 8
6 3 100000 4 100000 100000 8 100000 2 9 8
7 4 6 7 100000 10 4 12 11 2 2
8 3 6 100000 5 9 2 4 7 5 7
9 6 100000 15 100000 11 12 13 11 6 5
10 4 6 8 100000 10 4 7 100000 10 10
11 4 8 100000 2 9 9 4 5 6 100000
12 3 3 5 100000 6 3 4 100000 100000 100000
13 3 100000 3 100000 5 100000 9 4 100000 5
14 9 21 100000 16 100000 19 100000 21 27 24
15 5 7 8 9 100000 8 100000 12 4 4
16 9 18 11 19 12 25 100000 18 3 2
17 2 6 100000 2 1 3 5 100000 100000 3
18 7 16 100000 14 6 19 5 5 8 100000
19 9 19 100000 100000 100000 8 24 27 5 21
20 9 10 100000 7 100000 100000 7 25 23 15
21 8 20 11 100000 3 17 15 19 100000 16
22 8 19 16 7 14 100000 1 9 100000 20
23 9 19 25 13 21 27 100000 4 8 2
24 9 8 100000 27 15 19 19 100000 1 5
<task directions>
1 L
2 L
3 R
4 R
5 L
6 E
7 R
8 E
9 E
10 E
11 L
12 L
13 E
14 R
15 R
16 L
17 E
18 E
19 E
20 R
21 L
22 E
23 R
24 E
<precedence relations>
1,11
2,5
2,6
3,6
3,7
4,15
5,8
6,9
7,10
8,12
9,12
9,13
9,14
10,14
11,16
12,17
13,18
13,19
14,19
15,20
16,21
17,21
18,22
19,23
20,23
20,24
<end>