<number of tasks>
24
<number of mated-station>
2
<number of workers>
4
<task times>
1 3 2 3 9
2 7 16 13 14
3 7 5 13 6
4 5 14 10 5
5 4 10 3 10
6 3 3 6 100000
7 4 8 7 10
8 3 6 5 3
9 6 8 1 10
10 4 10 7 8
11 4 2 8 100000
12 3 100000 6 100000
13 3 8 8 7
14 9 100000 100000 15
15 5 13 15 4
16 9 5 18 18
17 2 5 2 100000
18 7 3 14 18
19 9 100000 10 100000
20 9 25 3 9
21 8 19 100000 8
22 8 18 6 100000
23 9 8 18 100000
24 9 18 12 22
<task directions>
1 L
2 L
3 R
4 R
5 L
6 E
7 R
8 E
9 E
10 E
11 L
12 L
13 E
14 R
15 R
16 L
17 E
18 E
19 E
20 R
21 L
22 E
23 R
24 E
<precedence relations>
1,11
2,5
2,6
3,6
3,7
4,15
5,8
6,9
7,10
8,12
9,12
9,13
9,14
10,14
11,16
12,17
13,18
13,19
14,19
15,20
16,21
17,21
18,22
19,23
20,23
20,24
<end>