<number of tasks>
24
<number of mated-station>
3
<number of workers>
6
<task times>
1 3 100000 1 100000 100000 3
2 7 4 4 5 5 1
3 7 6 5 5 1 3
4 5 2 2 100000 4 2
5 4 100000 100000 1 2 2
6 3 1 2 2 1 2
7 4 4 4 2 2 100000
8 3 1 2 1 2 2
9 6 4 100000 6 5 1
10 4 1 3 2 4 1
11 4 2 3 100000 2 2
12 3 2 2 2 2 1
13 3 100000 100000 3 2 100000
14 9 7 3 5 2 8
15 5 5 1 1 3 4
16 9 3 9 100000 1 3
17 2 1 2 1 100000 2
18 7 6 1 7 100000 100000
19 9 6 3 5 4 9
20 9 7 5 100000 4 100000
21 8 100000 2 1 100000 7
22 8 100000 100000 6 100000 100000
23 9 1 3 3 4 7
24 9 5 3 100000 4 8
<task directions>
1 L
2 L
3 R
4 R
5 L
6 E
7 R
8 E
9 E
10 E
11 L
12 L
13 E
14 R
15 R
16 L
17 E
18 E
19 E
20 R
21 L
22 E
23 R
24 E
<precedence relations>
1,11
2,5
2,6
3,6
3,7
4,15
5,8
6,9
7,10
8,12
9,12
9,13
9,14
10,14
11,16
12,17
13,18
13,19
14,19
15,20
16,21
17,21
18,22
19,23
20,23
20,24
<end>