<number of tasks>
24
<number of mated-station>
3
<number of workers>
6
<task times>
1 3 4 8 7 100000 100000
2 7 2 19 9 12 4
3 7 10 5 7 100000 15
4 5 100000 8 15 10 11
5 4 100000 2 12 9 3
6 3 2 3 3 1 6
7 4 11 100000 5 8 2
8 3 100000 9 3 5 7
9 6 8 15 10 2 2
10 4 11 8 8 12 100000
11 4 8 7 6 3 7
12 3 3 3 8 100000 1
13 3 3 5 7 5 3
14 9 26 6 22 12 22
15 5 14 7 6 14 12
16 9 8 2 19 100000 10
17 2 2 2 3 100000 5
18 7 100000 10 11 3 13
19 9 2 6 8 8 2
20 9 100000 3 2 11 7
21 8 100000 4 3 8 16
22 8 8 13 8 18 15
23 9 13 14 17 15 14
24 9 21 14 21 16 100000
<task directions>
1 L
2 L
3 R
4 R
5 L
6 E
7 R
8 E
9 E
10 E
11 L
12 L
13 E
14 R
15 R
16 L
17 E
18 E
19 E
20 R
21 L
22 E
23 R
24 E
<precedence relations>
1,11
2,5
2,6
3,6
3,7
4,15
5,8
6,9
7,10
8,12
9,12
9,13
9,14
10,14
11,16
12,17
13,18
13,19
14,19
15,20
16,21
17,21
18,22
19,23
20,23
20,24
<end>