<number of tasks>
24
<number of mated-station>
5
<number of workers>
10
<task times>
1 3 3 2 2 2 2 3 3 100000 2
2 7 1 2 5 100000 4 3 1 4 100000
3 7 100000 100000 3 100000 6 4 4 100000 5
4 5 3 3 2 4 2 100000 2 4 1
5 4 2 1 100000 100000 4 2 2 3 2
6 3 1 1 1 3 100000 2 3 2 100000
7 4 3 1 1 4 2 100000 4 100000 2
8 3 100000 2 2 1 2 3 3 2 2
9 6 1 4 6 4 100000 3 5 4 5
10 4 3 2 3 3 3 2 1 2 2
11 4 100000 3 4 3 2 100000 100000 3 100000
12 3 1 1 2 2 1 100000 2 1 100000
13 3 2 2 100000 2 2 1 2 1 2
14 9 100000 8 5 8 6 3 8 6 100000
15 5 1 2 3 4 3 1 5 100000 1
16 9 1 100000 100000 3 8 3 9 3 5
17 2 2 2 2 2 2 2 100000 1 2
18 7 100000 100000 7 6 100000 7 6 100000 5
19 9 8 2 9 5 4 3 7 5 6
20 9 100000 6 100000 100000 100000 1 100000 2 8
21 8 2 3 4 7 6 3 100000 5 4
22 8 5 2 2 4 3 5 4 100000 3
23 9 7 3 100000 4 100000 100000 7 2 1
24 9 8 100000 6 7 3 9 7 7 3
<task directions>
1 L
2 L
3 R
4 R
5 L
6 E
7 R
8 E
9 E
10 E
11 L
12 L
13 E
14 R
15 R
16 L
17 E
18 E
19 E
20 R
21 L
22 E
23 R
24 E
<precedence relations>
1,11
2,5
2,6
3,6
3,7
4,15
5,8
6,9
7,10
8,12
9,12
9,13
9,14
10,14
11,16
12,17
13,18
13,19
14,19
15,20
16,21
17,21
18,22
19,23
20,23
20,24
<end>