<number of tasks>
24
<number of mated-station>
4
<number of workers>
8
<task times>
1 3 100000 2 2 100000 2 2 3
2 7 5 6 2 3 3 1 7
3 7 3 2 6 6 3 6 4
4 5 2 3 100000 4 2 3 2
5 4 1 3 1 2 100000 3 3
6 3 3 3 100000 3 100000 2 2
7 4 2 4 100000 3 3 1 4
8 3 2 3 2 2 100000 2 100000
9 6 2 3 100000 100000 6 100000 6
10 4 3 100000 2 3 3 1 4
11 4 4 2 2 2 3 100000 2
12 3 2 2 100000 1 100000 2 1
13 3 1 100000 1 2 2 2 100000
14 9 5 4 7 3 3 6 3
15 5 5 2 4 2 4 1 2
16 9 8 5 7 100000 2 100000 8
17 2 1 1 2 2 100000 100000 100000
18 7 2 1 3 6 7 7 2
19 9 100000 5 2 8 7 2 5
20 9 5 6 100000 2 3 5 6
21 8 100000 5 100000 100000 5 2 6
22 8 7 100000 5 100000 2 7 100000
23 9 5 1 100000 100000 100000 8 8
24 9 1 7 7 2 8 100000 3
<task directions>
1 L
2 L
3 R
4 R
5 L
6 E
7 R
8 E
9 E
10 E
11 L
12 L
13 E
14 R
15 R
16 L
17 E
18 E
19 E
20 R
21 L
22 E
23 R
24 E
<precedence relations>
1,11
2,5
2,6
3,6
3,7
4,15
5,8
6,9
7,10
8,12
9,12
9,13
9,14
10,14
11,16
12,17
13,18
13,19
14,19
15,20
16,21
17,21
18,22
19,23
20,23
20,24
<end>