<number of tasks>
24
<number of mated-station>
4
<number of workers>
8
<task times>
1 3 5 100000 4 9 2 8 5
2 7 17 100000 21 9 100000 100000 7
3 7 12 20 3 100000 7 100000 100000
4 5 9 100000 7 12 11 8 1
5 4 9 5 9 100000 2 100000 2
6 3 100000 100000 8 4 4 6 5
7 4 8 11 5 10 5 7 11
8 3 3 6 2 100000 3 4 3
9 6 4 12 6 100000 100000 16 10
10 4 100000 11 5 100000 1 7 3
11 4 100000 11 3 100000 100000 11 10
12 3 6 4 6 4 2 3 100000
13 3 6 6 8 5 100000 6 7
14 9 100000 14 18 100000 16 23 2
15 5 3 100000 100000 15 5 100000 3
16 9 14 100000 24 14 24 7 22
17 2 5 3 3 4 2 4 100000
18 7 4 5 10 18 16 5 13
19 9 100000 15 26 100000 9 26 8
20 9 100000 5 8 24 5 100000 24
21 8 100000 8 20 6 4 100000 11
22 8 5 21 4 21 15 9 21
23 9 100000 100000 14 3 24 2 24
24 9 25 14 2 6 7 6 3
<task directions>
1 L
2 L
3 R
4 R
5 L
6 E
7 R
8 E
9 E
10 E
11 L
12 L
13 E
14 R
15 R
16 L
17 E
18 E
19 E
20 R
21 L
22 E
23 R
24 E
<precedence relations>
1,11
2,5
2,6
3,6
3,7
4,15
5,8
6,9
7,10
8,12
9,12
9,13
9,14
10,14
11,16
12,17
13,18
13,19
14,19
15,20
16,21
17,21
18,22
19,23
20,23
20,24
<end>