<number of tasks>
24
<number of mated-station>
2
<number of workers>
4
<task times>
1 3 7 1 5
2 7 16 8 8
3 7 100000 8 100000
4 5 15 12 1
5 4 6 10 3
6 3 4 5 6
7 4 100000 9 1
8 3 9 7 5
9 6 9 5 7
10 4 100000 100000 100000
11 4 4 2 2
12 3 1 100000 100000
13 3 2 100000 2
14 9 21 22 12
15 5 9 10 5
16 9 16 25 22
17 2 6 5 5
18 7 10 11 100000
19 9 20 14 11
20 9 26 12 17
21 8 17 3 15
22 8 7 6 100000
23 9 12 14 8
24 9 27 24 13
<task directions>
1 L
2 L
3 R
4 R
5 L
6 E
7 R
8 E
9 E
10 E
11 L
12 L
13 E
14 R
15 R
16 L
17 E
18 E
19 E
20 R
21 L
22 E
23 R
24 E
<precedence relations>
1,11
2,5
2,6
3,6
3,7
4,15
5,8
6,9
7,10
8,12
9,12
9,13
9,14
10,14
11,16
12,17
13,18
13,19
14,19
15,20
16,21
17,21
18,22
19,23
20,23
20,24
<end>