<number of tasks>
24
<number of mated-station>
3
<number of workers>
6
<task times>
1 3 7 1 5 6 7
2 7 20 14 15 100000 21
3 7 14 5 100000 13 15
4 5 12 9 9 100000 100000
5 4 12 4 2 2 10
6 3 6 6 100000 4 100000
7 4 100000 10 5 2 3
8 3 3 6 1 9 100000
9 6 8 17 4 10 13
10 4 5 100000 9 4 9
11 4 7 12 4 100000 9
12 3 100000 7 8 3 5
13 3 5 1 7 4 100000
14 9 15 2 22 24 5
15 5 13 12 7 100000 9
16 9 9 25 100000 8 100000
17 2 4 100000 1 5 2
18 7 100000 16 20 19 5
19 9 13 10 10 2 16
20 9 15 24 9 4 8
21 8 17 17 7 16 17
22 8 17 23 20 100000 14
23 9 23 27 24 14 22
24 9 4 23 6 15 8
<task directions>
1 L
2 L
3 R
4 R
5 L
6 E
7 R
8 E
9 E
10 E
11 L
12 L
13 E
14 R
15 R
16 L
17 E
18 E
19 E
20 R
21 L
22 E
23 R
24 E
<precedence relations>
1,11
2,5
2,6
3,6
3,7
4,15
5,8
6,9
7,10
8,12
9,12
9,13
9,14
10,14
11,16
12,17
13,18
13,19
14,19
15,20
16,21
17,21
18,22
19,23
20,23
20,24
<end>