<number of tasks>
65
<number of mated-station>
8
<number of workers>
16
<task times>
1 49 47 100000 37 42 34 7 35 14 29 100000 11 28 40 41 9
2 49 100000 100000 41 42 41 32 8 39 21 48 23 28 44 3 47
3 71 34 66 30 53 43 24 11 100000 100000 100000 58 100000 37 21 19
4 26 23 3 13 11 3 14 18 2 9 100000 2 14 8 3 100000
5 42 100000 100000 9 33 6 100000 19 24 100000 9 19 19 30 31 28
6 30 20 13 4 30 100000 22 6 21 5 4 27 26 7 13 29
7 167 23 64 54 81 99 100000 112 77 100000 100000 82 100000 100000 19 43
8 91 51 59 18 47 17 69 73 56 55 31 42 73 14 100000 100000
9 52 21 15 16 100000 2 100000 36 29 18 47 6 30 46 51 100000
10 153 100000 31 80 62 42 59 13 7 104 36 19 100000 124 65 104
11 68 43 29 100000 44 58 16 20 47 100000 22 58 100000 67 44 39
12 52 31 8 5 20 23 100000 100000 11 50 13 15 39 33 11 100000
13 135 65 104 114 100000 123 100 9 100000 37 103 5 100000 100000 43 119
14 54 13 33 14 22 100000 5 100000 38 2 13 53 32 7 32 34
15 57 16 100000 51 56 17 3 3 100000 27 50 100000 100000 40 49 11
16 151 135 36 67 16 93 148 100000 36 135 123 88 136 88 100000 94
17 39 25 29 14 33 100000 7 33 17 20 32 11 23 10 100000 100000
18 194 94 101 100000 100000 32 142 190 132 88 96 59 100000 180 146 43
19 35 34 5 31 21 4 27 100000 100000 21 100000 23 32 19 100000 35
20 119 7 100000 28 75 66 97 113 100000 36 80 45 42 65 16 28
21 34 33 100000 10 100000 20 9 100000 30 20 7 14 25 4 28 19
22 38 2 100000 8 29 100000 31 31 100000 100000 17 12 27 31 100000 21
23 104 36 75 61 62 100000 65 28 100000 58 100000 100000 39 85 69 96
24 84 27 16 63 37 58 9 58 82 33 100000 81 56 81 74 37
25 113 73 3 98 54 112 50 100000 45 38 93 100000 50 100000 110 104
26 72 17 34 44 100000 69 100000 58 28 71 100000 14 54 41 100000 100000
27 62 49 40 100000 21 53 16 30 17 50 46 43 22 41 8 41
28 272 210 256 100000 215 258 142 174 137 223 99 261 112 100000 85 74
29 89 17 67 19 43 8 100000 43 100000 17 66 49 51 5 43 73
30 49 42 24 8 37 4 4 100000 33 40 46 29 6 18 47 100000
31 11 10 100000 2 6 6 6 5 5 3 100000 1 3 7 6 3
32 45 3 30 16 13 22 35 18 17 35 4 15 15 10 100000 32
33 54 4 31 100000 100000 28 45 4 100000 20 39 100000 33 19 32 31
34 106 100000 83 35 36 100000 100000 4 42 42 66 67 16 100000 25 100000
35 132 29 15 51 67 100000 122 112 11 119 17 78 81 108 34 123
36 52 5 9 16 6 40 100000 21 47 10 48 2 41 6 28 35
37 157 100000 4 123 152 29 20 100000 40 100000 6 135 81 20 34 95
38 109 74 55 55 100000 47 105 98 24 109 100000 58 100000 53 56 3
39 32 4 100000 11 8 100000 31 6 9 30 2 24 27 4 6 3
40 32 4 6 23 7 16 3 27 12 30 10 12 8 25 5 20
41 52 20 2 13 22 16 21 2 42 100000 100000 40 39 24 42 39
42 193 143 3 16 62 100000 66 3 34 137 62 164 53 100000 100000 100000
43 34 6 100000 15 25 3 2 16 6 12 29 100000 100000 32 100000 23
44 34 18 26 3 29 2 15 27 100000 100000 33 14 30 18 100000 28
45 97 100000 10 100000 37 100000 89 85 14 61 87 86 2 75 66 91
46 37 19 9 33 100000 18 14 31 31 25 25 31 27 100000 25 6
47 25 100000 15 24 18 5 4 15 100000 100000 2 19 100000 19 2 100000
48 89 2 76 100000 29 73 52 40 50 57 3 100000 16 19 86 62
49 27 7 25 22 100000 22 15 13 19 12 12 15 100000 26 15 17
50 50 35 36 24 23 39 100000 15 32 100000 7 47 13 100000 16 100000
51 46 16 12 20 14 10 37 41 21 32 100000 16 44 5 15 16
52 46 9 42 18 46 44 16 46 36 25 21 45 19 45 24 46
53 55 26 39 38 28 20 11 15 20 24 43 11 100000 15 11 100000
54 118 9 100000 102 5 100000 42 21 114 105 40 2 100000 33 76 7
55 47 5 44 33 37 100000 25 30 27 5 34 10 26 30 45 17
56 164 69 8 79 102 100000 73 146 136 97 53 60 100000 100000 133 30
57 113 100000 49 8 97 76 109 89 61 83 106 100000 12 8 41 83
58 69 67 100000 100000 19 100000 10 100000 26 34 64 9 40 50 47 100000
59 30 19 20 100000 100000 3 16 100000 12 10 7 17 16 28 26 100000
60 25 24 4 100000 3 7 100000 24 16 11 16 5 9 19 100000 19
61 106 73 64 37 49 6 48 64 100000 100000 99 92 37 2 89 35
62 23 12 100000 100000 19 15 8 2 1 100000 18 19 7 12 100000 16
63 118 97 42 55 100000 100000 69 10 31 85 49 50 47 12 51 9
64 155 118 36 115 69 101 21 40 32 50 73 137 100000 33 109 100000
65 65 30 100000 25 100000 39 18 100000 34 6 59 6 100000 14 21 17
<task directions>
1 E
2 E
3 E
4 E
5 E
6 E
7 R
8 R
9 L
10 L
11 E
12 E
13 E
14 E
15 E
16 L
17 L
18 R
19 R
20 E
21 E
22 E
23 E
24 E
25 L
26 R
27 R
28 R
29 L
30 L
31 E
32 E
33 E
34 E
35 R
36 E
37 E
38 E
39 L
40 R
41 E
42 E
43 E
44 R
45 L
46 E
47 L
48 L
49 E
50 E
51 R
52 E
53 L
54 E
55 R
56 E
57 E
58 L
59 R
60 E
61 R
62 E
63 L
64 L
65 E
<precedence relations>
1,3
2,3
3,4
3,23
4,5
4,6
4,7
4,9
4,11
4,12
4,25
4,26
4,27
4,41
4,45
4,49
5,14
6,14
7,8
8,14
9,10
10,14
11,14
12,14
13,14
14,15
14,18
14,20
14,22
15,16
16,17
17,31
18,19
19,21
20,21
21,31
22,31
23,24
24,31
25,31
26,31
27,28
28,50
29,50
30,50
31,32
31,36
31,51
31,52
31,53
31,54
31,55
31,56
31,58
31,59
31,60
31,61
31,62
32,33
33,34
34,35
35,50
36,37
37,38
38,39
38,40
39,50
40,50
41,42
42,43
43,62
44,46
45,46
46,47
47,48
48,50
49,50
51,65
52,65
53,65
54,65
55,65
56,57
57,65
58,65
59,65
60,65
61,65
62,63
63,64
64,65
<end>