<number of tasks>
65
<number of mated-station>
5
<number of workers>
10
<task times>
1 49 10 7 5 24 6 45 4 15 100000
2 49 30 44 13 20 23 35 25 100000 18
3 71 10 45 28 28 40 50 61 15 14
4 26 7 8 15 24 1 10 7 17 100000
5 42 17 100000 19 35 38 21 6 100000 35
6 30 13 16 15 27 14 27 8 27 24
7 167 33 82 159 24 167 46 152 57 129
8 91 100000 45 26 15 50 70 100000 16 89
9 52 37 40 52 100000 100000 32 40 9 35
10 153 10 34 51 121 3 50 3 109 16
11 68 37 100000 34 45 33 46 28 56 4
12 52 100000 4 35 50 100000 100000 30 29 21
13 135 61 37 51 68 100000 100000 100000 14 73
14 54 13 46 34 100000 45 52 2 9 9
15 57 23 31 25 27 34 54 10 48 25
16 151 81 142 51 34 100000 96 100000 70 96
17 39 100000 34 100000 32 20 15 24 26 38
18 194 175 146 76 100000 132 130 76 22 30
19 35 8 3 27 20 10 16 29 34 19
20 119 34 100000 97 43 69 52 52 48 64
21 34 6 27 8 34 30 29 15 30 24
22 38 18 12 12 38 4 17 13 16 4
23 104 92 27 84 71 38 16 94 57 9
24 84 48 100000 36 43 33 9 50 79 43
25 113 54 87 86 82 36 53 50 49 78
26 72 71 10 100000 29 37 2 26 35 13
27 62 100000 38 11 61 38 52 35 46 39
28 272 69 234 69 139 137 158 115 210 204
29 89 21 40 25 81 37 86 49 100000 35
30 49 5 37 21 21 33 30 26 100000 10
31 11 4 100000 9 3 7 10 100000 9 5
32 45 8 10 12 44 34 22 8 9 32
33 54 100000 40 32 29 34 13 50 100000 11
34 106 60 3 100000 100000 51 45 65 70 8
35 132 70 40 68 81 82 8 131 95 68
36 52 16 100000 27 100000 20 32 22 22 9
37 157 93 28 157 88 124 124 126 118 126
38 109 44 43 104 39 2 66 24 81 100
39 32 6 19 4 23 10 26 24 21 100000
40 32 100000 28 28 29 100000 25 24 22 12
41 52 33 37 27 18 43 31 45 7 6
42 193 118 11 153 99 168 153 80 100000 85
43 34 1 32 27 9 17 30 18 100000 23
44 34 25 28 10 21 8 33 31 22 2
45 97 45 62 78 26 17 22 17 37 100000
46 37 6 100000 100000 24 100000 28 31 100000 29
47 25 17 20 6 14 7 23 2 1 15
48 89 23 57 88 23 73 45 61 30 86
49 27 24 11 100000 23 8 19 13 5 100000
50 50 17 12 43 100000 26 14 13 31 24
51 46 42 100000 12 28 5 6 26 3 29
52 46 11 42 10 2 23 34 2 14 24
53 55 100000 33 36 22 15 100000 49 10 100000
54 118 58 51 2 31 86 96 105 114 13
55 47 36 41 22 21 27 46 27 11 38
56 164 151 99 100000 151 52 125 3 148 76
57 113 100000 75 65 5 76 48 47 109 49
58 69 46 6 51 42 19 27 24 63 69
59 30 22 22 9 11 100000 19 5 100000 20
60 25 19 14 4 17 6 24 16 18 12
61 106 43 43 94 104 99 27 66 55 81
62 23 14 7 1 7 13 16 5 3 16
63 118 65 47 75 31 100000 89 109 29 112
64 155 129 135 10 40 109 36 150 100000 23
65 65 23 48 8 10 47 20 100000 42 62
<task directions>
1 E
2 E
3 E
4 E
5 E
6 E
7 R
8 R
9 L
10 L
11 E
12 E
13 E
14 E
15 E
16 L
17 L
18 R
19 R
20 E
21 E
22 E
23 E
24 E
25 L
26 R
27 R
28 R
29 L
30 L
31 E
32 E
33 E
34 E
35 R
36 E
37 E
38 E
39 L
40 R
41 E
42 E
43 E
44 R
45 L
46 E
47 L
48 L
49 E
50 E
51 R
52 E
53 L
54 E
55 R
56 E
57 E
58 L
59 R
60 E
61 R
62 E
63 L
64 L
65 E
<precedence relations>
1,3
2,3
3,4
3,23
4,5
4,6
4,7
4,9
4,11
4,12
4,25
4,26
4,27
4,41
4,45
4,49
5,14
6,14
7,8
8,14
9,10
10,14
11,14
12,14
13,14
14,15
14,18
14,20
14,22
15,16
16,17
17,31
18,19
19,21
20,21
21,31
22,31
23,24
24,31
25,31
26,31
27,28
28,50
29,50
30,50
31,32
31,36
31,51
31,52
31,53
31,54
31,55
31,56
31,58
31,59
31,60
31,61
31,62
32,33
33,34
34,35
35,50
36,37
37,38
38,39
38,40
39,50
40,50
41,42
42,43
43,62
44,46
45,46
46,47
47,48
48,50
49,50
51,65
52,65
53,65
54,65
55,65
56,57
57,65
58,65
59,65
60,65
61,65
62,63
63,64
64,65
<end>