<number of tasks>
65
<number of mated-station>
8
<number of workers>
16
<task times>
1 49 27 100000 100 146 106 49 100000 77 45 16 46 2 42 125 61
2 49 92 115 70 77 141 143 100000 56 83 75 74 20 147 70 77
3 71 147 100000 196 24 126 211 75 105 160 100000 67 143 26 18 46
4 26 18 9 4 16 34 100000 58 74 78 69 34 12 54 28 21
5 42 12 57 39 66 100 65 17 87 44 36 32 56 102 121 46
6 30 3 71 83 33 27 9 37 74 100000 36 42 100000 12 5 11
7 167 226 221 26 271 471 391 100000 251 441 236 11 481 351 386 56
8 91 213 205 273 232 17 175 93 80 83 91 246 34 74 47 235
9 52 9 26 75 82 65 77 18 108 10 123 116 65 139 125 89
10 153 322 24 450 100000 134 157 138 100000 290 51 180 262 102 386 450
11 68 200 48 31 149 167 52 186 46 169 100000 139 76 56 155 76
12 52 108 100000 69 72 69 7 12 105 100000 15 100 57 23 51 7
13 135 296 272 122 312 300 49 100000 203 296 41 227 389 100000 70 86
14 54 20 141 4 156 110 123 73 3 100000 25 22 59 139 127 48
15 57 171 151 4 8 69 137 112 74 81 62 52 112 113 15 100000
16 151 326 349 200 340 100000 304 100000 173 91 128 119 277 227 132 186
17 39 56 44 29 100000 9 22 58 11 23 50 74 65 14 53 18
18 194 193 402 65 100000 193 100000 414 280 100000 274 228 541 18 431 268
19 35 78 9 79 84 50 53 51 69 76 45 100000 15 27 28 100000
20 119 161 69 100000 336 97 100000 101 339 272 104 90 165 204 243 100000
21 34 70 88 66 33 61 2 35 58 94 5 24 97 100000 39 91
22 38 20 72 10 100000 45 78 95 13 100000 83 37 76 78 58 9
23 104 122 293 250 259 300 212 312 212 100000 41 300 306 265 203 169
24 84 4 84 86 61 197 100000 100000 29 44 100000 86 192 56 24 100000
25 113 100000 89 15 221 100000 25 116 45 123 140 244 309 126 75 217
26 72 29 152 100000 96 38 53 100000 184 100000 134 199 190 134 190 207
27 62 73 38 81 108 92 136 8 160 136 114 99 134 132 75 155
28 272 514 100000 213 694 759 580 100000 620 718 417 816 563 100000 629 726
29 89 46 123 100000 224 232 262 6 100000 121 14 115 62 81 216 73
30 49 67 83 113 21 135 38 10 24 121 109 67 106 89 146 100000
31 11 7 24 23 13 12 5 9 17 23 100000 19 13 25 31 28
32 45 107 21 52 80 134 100000 128 87 87 29 127 8 5 100000 67
33 54 27 20 33 64 138 38 77 148 80 100000 100000 90 128 98 65
34 106 302 49 100000 264 258 144 198 302 156 100000 191 102 90 312 100000
35 132 44 191 234 159 100000 100000 317 364 289 357 100000 317 68 171 84
36 52 123 75 72 55 65 51 106 79 49 96 100000 27 100000 136 100000
37 157 452 438 203 448 302 260 100000 325 401 156 100000 10 264 53 349
38 109 47 193 285 249 47 96 86 100000 11 151 317 154 272 317 17
39 32 7 49 100000 84 96 100000 91 49 81 42 16 66 86 95 84
40 32 63 42 39 21 49 39 53 65 23 9 84 84 6 92 10
41 52 89 77 7 66 131 66 49 18 24 154 77 52 77 4 156
42 193 359 377 128 82 53 36 573 475 70 365 93 76 498 492 100000
43 34 23 75 74 88 23 86 100000 4 73 8 13 68 36 66 100000
44 34 100000 100000 28 99 96 55 3 87 64 12 17 70 55 44 80
45 97 140 111 198 224 68 239 210 100000 108 285 256 36 169 18 268
46 37 88 57 69 14 111 65 96 111 38 107 45 32 20 26 57
47 25 40 42 44 29 20 100000 100000 45 57 74 48 19 23 54 55
48 89 70 177 57 113 254 121 123 182 100000 100000 81 54 46 102 134
49 27 5 20 76 6 15 3 24 67 6 68 18 27 29 8 16
50 50 7 55 129 114 73 40 4 140 100000 68 56 76 149 31 19
51 46 56 127 85 106 87 49 137 6 105 65 93 11 75 45 135
52 46 109 100000 30 56 100000 39 75 17 135 63 43 82 60 119 100000
53 55 34 147 116 144 22 57 117 139 60 158 149 31 21 57 45
54 118 121 167 50 245 65 100000 343 347 29 100 298 230 343 89 79
55 47 100000 100000 124 4 51 121 71 49 89 100000 47 40 89 32 102
56 164 84 340 178 237 100000 256 256 173 281 409 448 222 84 266 55
57 113 100000 167 8 58 35 89 194 325 38 282 187 258 136 261 265
58 69 127 100000 24 129 139 116 164 151 81 7 184 120 176 63 131
59 30 100000 86 31 87 46 47 35 89 13 15 27 46 4 51 37
60 25 100000 38 58 24 62 100000 16 39 65 51 74 38 37 11 25
61 106 232 188 207 112 61 137 52 283 312 100000 17 264 100000 144 267
62 23 38 32 19 19 100000 40 13 40 41 60 57 48 26 26 25
63 118 312 273 43 100000 100000 40 188 100000 26 322 245 163 100000 79 213
64 155 100000 187 159 442 100000 363 100000 89 100000 321 395 228 100000 100000 117
65 65 100000 131 59 160 189 77 191 150 102 131 104 100000 139 75 179
<task directions>
1 E
2 E
3 E
4 E
5 E
6 E
7 R
8 R
9 L
10 L
11 E
12 E
13 E
14 E
15 E
16 L
17 L
18 R
19 R
20 E
21 E
22 E
23 E
24 E
25 L
26 R
27 R
28 R
29 L
30 L
31 E
32 E
33 E
34 E
35 R
36 E
37 E
38 E
39 L
40 R
41 E
42 E
43 E
44 R
45 L
46 E
47 L
48 L
49 E
50 E
51 R
52 E
53 L
54 E
55 R
56 E
57 E
58 L
59 R
60 E
61 R
62 E
63 L
64 L
65 E
<precedence relations>
1,3
2,3
3,4
3,23
4,5
4,6
4,7
4,9
4,11
4,12
4,25
4,26
4,27
4,41
4,45
4,49
5,14
6,14
7,8
8,14
9,10
10,14
11,14
12,14
13,14
14,15
14,18
14,20
14,22
15,16
16,17
17,31
18,19
19,21
20,21
21,31
22,31
23,24
24,31
25,31
26,31
27,28
28,50
29,50
30,50
31,32
31,36
31,51
31,52
31,53
31,54
31,55
31,56
31,58
31,59
31,60
31,61
31,62
32,33
33,34
34,35
35,50
36,37
37,38
38,39
38,40
39,50
40,50
41,42
42,43
43,62
44,46
45,46
46,47
47,48
48,50
49,50
51,65
52,65
53,65
54,65
55,65
56,57
57,65
58,65
59,65
60,65
61,65
62,63
63,64
64,65
<end>