<number of tasks>
65
<number of mated-station>
7
<number of workers>
14
<task times>
1 49 64 125 140 77 83 83 14 29 75 80 14 111 111
2 49 138 21 2 94 80 43 113 38 89 77 131 11 32
3 71 147 54 173 22 16 71 196 12 35 100000 115 46 162
4 26 9 68 29 61 41 52 33 13 47 39 30 27 17
5 42 115 81 99 85 100000 80 75 89 26 124 126 22 95
6 30 85 100000 28 51 24 100000 46 37 2 5 86 100000 4
7 167 166 81 251 366 96 321 106 236 261 466 86 176 446
8 91 227 100000 15 235 80 213 246 224 229 137 12 246 219
9 52 82 91 58 100000 106 75 127 66 134 3 66 145 61
10 153 79 303 377 79 454 120 100000 83 436 340 331 100000 207
11 68 58 64 167 100000 70 100000 100000 121 7 9 123 180 100000
12 52 142 82 100000 91 27 141 82 136 34 32 7 97 131
13 135 268 215 227 195 304 100000 146 167 203 66 17 142 276
14 54 53 22 162 136 53 15 100000 62 28 149 117 156 131
15 57 159 20 54 100000 81 15 42 18 50 52 161 25 95
16 151 204 91 322 100 241 417 286 241 439 295 15 421 100000
17 39 104 74 16 104 54 24 37 100000 81 67 39 97 31
18 194 477 431 77 146 332 344 344 100000 524 454 100000 355 384
19 35 63 100 100000 99 7 56 11 100000 82 30 26 72 51
20 119 318 268 65 168 51 104 272 8 104 183 37 225 339
21 34 100000 9 64 84 60 73 100000 83 100 102 55 86 79
22 38 20 81 10 85 8 13 44 26 100000 25 37 62 113
23 104 119 240 206 129 300 100000 141 91 132 13 135 41 240
24 84 244 184 177 182 239 244 142 237 41 46 199 71 197
25 113 15 146 244 79 302 255 336 234 123 325 82 282 251
26 72 145 188 46 177 91 5 91 100000 207 192 210 134 100000
27 62 179 47 160 75 77 88 100000 145 103 151 82 99 32
28 272 343 107 319 604 311 100000 100000 100000 58 66 197 58 286
29 89 81 264 227 145 100000 75 222 118 107 115 201 25 20
30 49 100000 100000 100000 92 100000 119 29 71 8 100000 21 36 100
31 11 4 32 15 11 32 3 32 23 27 24 6 13 29
32 45 132 120 91 4 69 100000 59 10 12 61 67 106 35
33 54 162 15 3 94 62 162 19 112 135 59 25 83 24
34 106 280 147 277 100000 112 267 296 182 100000 318 58 179 115
35 132 388 100000 246 44 60 210 226 88 218 167 293 258 368
36 52 119 100000 41 134 66 85 119 35 38 100000 6 106 15
37 157 358 438 466 217 386 156 161 274 264 452 100000 452 283
38 109 210 307 148 100000 288 190 53 164 262 311 272 294 317
39 32 20 79 21 71 9 88 48 83 64 100000 58 62 28
40 32 96 72 92 84 100000 100000 45 50 68 100000 21 31 18
41 52 145 100000 92 40 88 17 86 92 100000 85 40 100000 100000
42 193 435 192 203 70 394 463 307 481 458 209 319 544 65
43 34 86 6 75 82 48 8 85 61 11 70 88 29 59
44 34 27 101 13 26 96 60 24 16 97 2 72 7 76
45 97 56 161 10 50 129 233 42 149 216 27 21 53 103
46 37 101 11 98 89 10 12 48 40 73 24 74 56 42
47 25 60 70 37 100000 14 8 56 66 14 51 60 47 62
48 89 201 52 187 262 182 222 134 216 216 44 177 91 190
49 27 46 57 47 75 80 11 48 53 25 100000 78 67 31
50 50 32 16 129 98 83 100000 143 56 16 35 144 11 114
51 46 63 22 33 33 128 100 101 123 46 61 98 61 76
52 46 100000 74 59 24 91 60 61 100000 86 100000 38 113 93
53 55 81 24 134 9 24 11 165 49 117 100000 35 135 137
54 118 178 15 139 202 100000 19 107 86 262 86 40 167 100000
55 47 23 84 100000 100000 58 102 128 25 18 112 140 123 63
56 164 389 261 55 418 104 124 55 109 453 256 148 26 251
57 113 214 100000 86 194 92 234 211 231 271 282 100000 82 11
58 69 65 127 170 100000 100000 176 69 28 116 174 100000 116 69
59 30 49 100000 23 75 100000 73 21 70 48 47 21 89 61
60 25 41 8 33 64 6 22 22 35 57 12 16 37 56
61 106 36 248 100000 318 121 220 207 251 118 172 258 172 229
62 23 39 57 26 8 66 47 31 59 64 49 12 23 23
63 118 36 65 287 248 230 185 100000 8 206 68 276 19 347
64 155 330 154 224 71 265 126 358 451 112 409 100000 66 122
65 65 137 26 125 28 79 90 168 13 36 162 150 154 5
<task directions>
1 E
2 E
3 E
4 E
5 E
6 E
7 R
8 R
9 L
10 L
11 E
12 E
13 E
14 E
15 E
16 L
17 L
18 R
19 R
20 E
21 E
22 E
23 E
24 E
25 L
26 R
27 R
28 R
29 L
30 L
31 E
32 E
33 E
34 E
35 R
36 E
37 E
38 E
39 L
40 R
41 E
42 E
43 E
44 R
45 L
46 E
47 L
48 L
49 E
50 E
51 R
52 E
53 L
54 E
55 R
56 E
57 E
58 L
59 R
60 E
61 R
62 E
63 L
64 L
65 E
<precedence relations>
1,3
2,3
3,4
3,23
4,5
4,6
4,7
4,9
4,11
4,12
4,25
4,26
4,27
4,41
4,45
4,49
5,14
6,14
7,8
8,14
9,10
10,14
11,14
12,14
13,14
14,15
14,18
14,20
14,22
15,16
16,17
17,31
18,19
19,21
20,21
21,31
22,31
23,24
24,31
25,31
26,31
27,28
28,50
29,50
30,50
31,32
31,36
31,51
31,52
31,53
31,54
31,55
31,56
31,58
31,59
31,60
31,61
31,62
32,33
33,34
34,35
35,50
36,37
37,38
38,39
38,40
39,50
40,50
41,42
42,43
43,62
44,46
45,46
46,47
47,48
48,50
49,50
51,65
52,65
53,65
54,65
55,65
56,57
57,65
58,65
59,65
60,65
61,65
62,63
63,64
64,65
<end>