<number of tasks>
65
<number of mated-station>
4
<number of workers>
8
<task times>
1 49 26 24 70 8 51 89 118
2 49 68 100000 67 100000 68 100000 51
3 71 77 69 156 183 20 82 16
4 26 73 25 64 13 100000 23 72
5 42 126 41 100000 84 30 72 6
6 30 76 30 6 15 86 90 10
7 167 246 100000 406 501 191 100000 100000
8 91 100000 268 145 9 28 172 113
9 52 100000 123 141 128 116 122 128
10 153 100000 100000 100000 6 161 42 93
11 68 151 123 100000 58 194 100000 88
12 52 57 100000 4 100000 123 100000 100000
13 135 5 100000 100000 243 256 276 74
14 54 100000 11 94 15 88 119 69
15 57 140 64 142 100000 151 57 74
16 151 191 195 277 141 227 15 444
17 39 17 46 87 15 107 32 47
18 194 100000 106 129 466 65 326 431
19 35 59 89 18 12 100000 100000 100000
20 119 58 100000 197 304 100000 126 197
21 34 85 12 45 84 93 79 14
22 38 86 100000 27 60 53 11 100000
23 104 54 4 222 200 100000 191 4
24 84 100000 169 147 99 121 100000 159
25 113 332 258 100000 86 146 4 143
26 72 147 147 128 136 177 192 143
27 62 82 100000 100000 94 68 57 44
28 272 726 115 319 270 270 17 735
29 89 99 78 100000 4 54 232 33
30 49 23 16 113 5 100000 121 100000
31 11 100000 100000 14 100000 24 17 6
32 45 80 100000 92 17 17 93 134
33 54 35 69 100000 20 51 96 131
34 106 100000 77 39 153 312 251 100000
35 132 100000 281 147 183 372 368 305
36 52 12 106 75 27 100000 100000 20
37 157 100000 245 119 180 123 180 363
38 109 135 100000 112 190 96 268 100000
39 32 68 100000 48 100000 23 69 100000
40 32 100000 4 44 49 75 40 47
41 52 66 120 6 97 113 134 100000
42 193 198 267 163 244 203 348 93
43 34 55 100000 53 29 102 52 100000
44 34 17 74 72 33 33 27 12
45 97 100000 184 100000 97 207 230 100000
46 37 100000 31 88 45 100000 40 100000
47 25 33 37 37 100000 100000 100000 65
48 89 193 222 100000 264 246 211 169
49 27 79 100000 26 100000 45 35 68
50 50 129 50 34 100000 19 19 61
51 46 39 70 13 50 100000 86 100000
52 46 60 101 117 2 52 23 86
53 55 100000 40 122 24 100000 83 100000
54 118 100000 43 298 209 301 96 68
55 47 133 71 50 88 100000 100000 100000
56 164 138 100000 467 100000 183 99 379
57 113 102 100000 207 136 100000 312 86
58 69 158 139 44 100000 201 193 174
59 30 89 52 100000 50 100000 24 18
60 25 62 15 36 100000 17 68 49
61 106 305 112 100000 20 100000 223 137
62 23 62 43 24 5 49 6 68
63 118 100000 100000 259 68 100000 47 156
64 155 437 33 303 100000 154 29 187
65 65 75 178 193 114 112 36 100000
<task directions>
1 E
2 E
3 E
4 E
5 E
6 E
7 R
8 R
9 L
10 L
11 E
12 E
13 E
14 E
15 E
16 L
17 L
18 R
19 R
20 E
21 E
22 E
23 E
24 E
25 L
26 R
27 R
28 R
29 L
30 L
31 E
32 E
33 E
34 E
35 R
36 E
37 E
38 E
39 L
40 R
41 E
42 E
43 E
44 R
45 L
46 E
47 L
48 L
49 E
50 E
51 R
52 E
53 L
54 E
55 R
56 E
57 E
58 L
59 R
60 E
61 R
62 E
63 L
64 L
65 E
<precedence relations>
1,3
2,3
3,4
3,23
4,5
4,6
4,7
4,9
4,11
4,12
4,25
4,26
4,27
4,41
4,45
4,49
5,14
6,14
7,8
8,14
9,10
10,14
11,14
12,14
13,14
14,15
14,18
14,20
14,22
15,16
16,17
17,31
18,19
19,21
20,21
21,31
22,31
23,24
24,31
25,31
26,31
27,28
28,50
29,50
30,50
31,32
31,36
31,51
31,52
31,53
31,54
31,55
31,56
31,58
31,59
31,60
31,61
31,62
32,33
33,34
34,35
35,50
36,37
37,38
38,39
38,40
39,50
40,50
41,42
42,43
43,62
44,46
45,46
46,47
47,48
48,50
49,50
51,65
52,65
53,65
54,65
55,65
56,57
57,65
58,65
59,65
60,65
61,65
62,63
63,64
64,65
<end>