<number of tasks>
65
<number of mated-station>
4
<number of workers>
8
<task times>
1 49 19 40 40 38 34 100000 49
2 49 100000 100000 100000 100000 33 34 13
3 71 29 100000 6 71 39 5 69
4 26 8 16 16 9 100000 21 6
5 42 100000 37 42 10 24 7 21
6 30 14 24 25 22 29 29 22
7 167 71 64 89 46 100000 112 97
8 91 100000 19 86 15 35 86 65
9 52 18 34 11 100000 31 47 29
10 153 3 100000 10 54 121 48 151
11 68 100000 61 34 100000 100000 100000 54
12 52 14 50 20 14 26 100000 30
13 135 68 55 100000 51 32 72 97
14 54 48 18 22 44 12 4 23
15 57 100000 39 32 100000 14 11 53
16 151 48 81 69 64 54 91 60
17 39 3 34 26 19 30 21 20
18 194 30 90 130 67 100000 144 119
19 35 31 29 30 100000 100000 14 100000
20 119 60 72 101 100000 66 16 43
21 34 11 24 100000 16 4 100000 6
22 38 13 27 37 28 2 29 100000
23 104 78 100000 100000 51 78 32 100000
24 84 20 58 16 100000 33 21 100000
25 113 26 96 12 100000 64 89 93
26 72 4 53 36 37 65 46 39
27 62 19 100000 18 39 55 61 100000
28 272 9 166 44 139 25 131 250
29 89 31 100000 100000 100000 100000 53 100000
30 49 100000 41 100000 17 28 26 37
31 11 5 9 8 9 100000 2 9
32 45 3 35 43 43 100000 100000 100000
33 54 33 34 33 5 100000 23 8
34 106 48 100000 94 100000 100 43 3
35 132 125 100000 100000 128 131 114 31
36 52 38 100000 19 22 3 47 23
37 157 88 127 68 42 57 4 100000
38 109 11 25 14 78 13 106 100000
39 32 2 27 100000 19 100000 2 18
40 32 15 17 6 24 100000 31 23
41 52 100000 100000 35 34 33 21 6
42 193 100000 66 97 61 187 162 57
43 34 16 20 16 100000 34 100000 4
44 34 25 100000 100000 26 6 29 10
45 97 53 13 3 20 5 28 100000
46 37 19 16 13 9 4 37 36
47 25 100000 23 21 100000 4 13 25
48 89 26 46 54 100000 65 25 100000
49 27 2 8 1 100000 2 18 15
50 50 45 32 21 100000 10 48 32
51 46 9 9 100000 26 100000 17 6
52 46 100000 4 2 43 20 100000 16
53 55 31 9 5 100000 45 39 3
54 118 41 16 34 100000 83 100000 5
55 47 26 16 17 34 1 47 11
56 164 99 133 138 146 99 156 3
57 113 61 46 109 19 113 91 61
58 69 40 15 53 36 66 34 29
59 30 27 100000 1 19 100000 4 100000
60 25 20 20 100000 21 15 7 21
61 106 9 104 100000 100000 101 100000 100000
62 23 16 100000 20 22 100000 18 14
63 118 102 83 67 62 100000 84 3
64 155 81 21 29 19 126 104 121
65 65 12 36 65 9 35 24 7
<task directions>
1 E
2 E
3 E
4 E
5 E
6 E
7 R
8 R
9 L
10 L
11 E
12 E
13 E
14 E
15 E
16 L
17 L
18 R
19 R
20 E
21 E
22 E
23 E
24 E
25 L
26 R
27 R
28 R
29 L
30 L
31 E
32 E
33 E
34 E
35 R
36 E
37 E
38 E
39 L
40 R
41 E
42 E
43 E
44 R
45 L
46 E
47 L
48 L
49 E
50 E
51 R
52 E
53 L
54 E
55 R
56 E
57 E
58 L
59 R
60 E
61 R
62 E
63 L
64 L
65 E
<precedence relations>
1,3
2,3
3,4
3,23
4,5
4,6
4,7
4,9
4,11
4,12
4,25
4,26
4,27
4,41
4,45
4,49
5,14
6,14
7,8
8,14
9,10
10,14
11,14
12,14
13,14
14,15
14,18
14,20
14,22
15,16
16,17
17,31
18,19
19,21
20,21
21,31
22,31
23,24
24,31
25,31
26,31
27,28
28,50
29,50
30,50
31,32
31,36
31,51
31,52
31,53
31,54
31,55
31,56
31,58
31,59
31,60
31,61
31,62
32,33
33,34
34,35
35,50
36,37
37,38
38,39
38,40
39,50
40,50
41,42
42,43
43,62
44,46
45,46
46,47
47,48
48,50
49,50
51,65
52,65
53,65
54,65
55,65
56,57
57,65
58,65
59,65
60,65
61,65
62,63
63,64
64,65
<end>