<number of tasks>
65
<number of mated-station>
6
<number of workers>
12
<task times>
1 49 36 24 5 23 23 37 100000 43 4 14 3
2 49 24 13 25 25 40 41 38 13 45 31 25
3 71 49 31 2 14 44 51 54 32 39 26 70
4 26 16 11 3 10 100000 23 5 21 9 3 100000
5 42 27 100000 9 31 100000 28 100000 37 21 100000 4
6 30 21 100000 100000 6 9 26 22 100000 30 100000 24
7 167 100000 62 100000 140 72 100000 24 82 124 117 8
8 91 52 100000 6 100000 52 44 45 11 49 64 44
9 52 21 11 100000 46 100000 17 100000 48 38 39 9
10 153 22 42 100000 33 86 118 62 45 100000 100 48
11 68 9 42 100000 100000 63 19 10 40 52 59 100000
12 52 2 37 32 100000 8 11 100000 10 100000 24 100000
13 135 100000 92 131 6 100000 36 77 72 122 77 13
14 54 28 11 38 100000 11 100000 43 100000 40 100000 42
15 57 100000 100000 100000 54 44 100000 100000 44 41 46 26
16 151 94 109 54 100000 96 73 100000 90 94 104 40
17 39 15 100000 30 21 100000 28 15 4 100000 36 3
18 194 100000 9 16 28 59 42 22 51 179 26 136
19 35 18 26 100000 25 23 100000 29 23 100000 15 9
20 119 26 100000 39 9 93 77 51 7 16 62 113
21 34 7 30 18 22 100000 3 34 31 10 100000 10
22 38 100000 100000 2 34 12 100000 26 12 37 5 100000
23 104 72 43 97 84 24 76 100000 70 57 100000 39
24 84 58 67 78 100000 100000 48 62 14 100000 100000 47
25 113 60 100000 59 77 100000 45 41 100000 50 69 55
26 72 17 71 100000 100000 39 67 70 28 68 4 29
27 62 100000 21 21 100000 18 57 8 47 22 6 47
28 272 123 169 202 267 177 223 44 231 55 47 223
29 89 100000 58 31 100000 100000 27 100000 32 7 68 71
30 49 6 3 34 41 5 21 25 100000 30 42 2
31 11 9 6 9 100000 3 8 6 4 100000 1 7
32 45 100000 24 7 100000 33 22 26 3 19 100000 100000
33 54 9 100000 100000 25 15 19 31 12 52 38 2
34 106 100000 93 100000 90 86 60 77 38 100 100000 76
35 132 72 93 107 100000 69 4 57 131 63 118 98
36 52 13 39 2 43 32 100000 43 46 18 37 19
37 157 88 102 79 87 138 20 115 113 100000 100000 49
38 109 38 13 37 47 100000 33 7 40 82 29 100000
39 32 10 27 25 28 2 1 16 27 15 100000 12
40 32 100000 28 5 21 28 7 22 9 28 100000 18
41 52 13 18 50 100000 43 48 9 7 32 100000 47
42 193 82 133 18 183 84 107 162 124 147 100000 158
43 34 9 100000 7 28 9 31 5 15 100000 10 19
44 34 100000 30 100000 9 20 33 100000 13 15 100000 100000
45 97 61 85 61 59 100000 100000 38 37 44 11 33
46 37 13 11 32 100000 33 18 36 100000 6 14 25
47 25 5 11 8 4 13 11 8 7 25 5 15
48 89 5 78 53 30 100000 79 100000 6 48 5 40
49 27 100000 19 16 21 100000 14 22 8 15 15 5
50 50 17 100000 7 6 16 37 49 35 34 30 6
51 46 100000 36 17 24 100000 22 29 24 44 30 10
52 46 13 26 100000 100000 8 2 11 33 3 18 100000
53 55 100000 100000 100000 47 100000 51 15 100000 100000 100000 52
54 118 68 65 72 51 10 100000 93 93 61 100000 110
55 47 100000 26 19 41 46 23 9 11 13 14 25
56 164 144 162 100000 73 4 8 29 100000 25 30 42
57 113 60 40 54 112 109 112 17 10 100000 113 109
58 69 37 38 15 50 4 68 48 100000 39 32 52
59 30 27 100000 20 100000 7 100000 1 29 9 4 100000
60 25 100000 3 6 18 13 6 6 2 5 19 25
61 106 18 100000 84 57 100000 100000 10 103 67 38 36
62 23 4 16 100000 14 8 16 1 100000 100000 18 12
63 118 60 15 100000 100000 7 17 92 100000 111 100000 100000
64 155 35 100000 75 72 138 100000 35 100000 40 89 7
65 65 63 28 3 51 6 61 21 25 46 30 10
<task directions>
1 E
2 E
3 E
4 E
5 E
6 E
7 R
8 R
9 L
10 L
11 E
12 E
13 E
14 E
15 E
16 L
17 L
18 R
19 R
20 E
21 E
22 E
23 E
24 E
25 L
26 R
27 R
28 R
29 L
30 L
31 E
32 E
33 E
34 E
35 R
36 E
37 E
38 E
39 L
40 R
41 E
42 E
43 E
44 R
45 L
46 E
47 L
48 L
49 E
50 E
51 R
52 E
53 L
54 E
55 R
56 E
57 E
58 L
59 R
60 E
61 R
62 E
63 L
64 L
65 E
<precedence relations>
1,3
2,3
3,4
3,23
4,5
4,6
4,7
4,9
4,11
4,12
4,25
4,26
4,27
4,41
4,45
4,49
5,14
6,14
7,8
8,14
9,10
10,14
11,14
12,14
13,14
14,15
14,18
14,20
14,22
15,16
16,17
17,31
18,19
19,21
20,21
21,31
22,31
23,24
24,31
25,31
26,31
27,28
28,50
29,50
30,50
31,32
31,36
31,51
31,52
31,53
31,54
31,55
31,56
31,58
31,59
31,60
31,61
31,62
32,33
33,34
34,35
35,50
36,37
37,38
38,39
38,40
39,50
40,50
41,42
42,43
43,62
44,46
45,46
46,47
47,48
48,50
49,50
51,65
52,65
53,65
54,65
55,65
56,57
57,65
58,65
59,65
60,65
61,65
62,63
63,64
64,65
<end>