<number of tasks>
65
<number of mated-station>
5
<number of workers>
10
<task times>
1 49 90 8 65 58 13 56 40 7 35
2 49 14 11 116 137 129 113 137 86 54
3 71 137 194 164 179 37 205 90 105 84
4 26 33 3 38 43 2 42 6 43 100000
5 42 99 4 31 15 60 11 66 105 66
6 30 100000 82 24 41 100000 15 5 100000 13
7 167 171 446 176 341 211 391 251 206 100000
8 91 31 142 194 175 100000 91 235 39 23
9 52 37 29 30 100000 38 10 100000 100000 92
10 153 317 276 15 38 100000 116 120 432 15
11 68 96 17 60 133 111 196 100000 188 100000
12 52 34 68 18 100000 116 46 89 79 61
13 135 100000 114 138 284 45 264 340 134 195
14 54 59 54 130 77 125 139 38 130 88
15 57 100000 78 149 89 72 10 112 156 100000
16 151 150 109 78 100000 150 430 132 173 245
17 39 100000 100000 31 100000 73 79 115 98 91
18 194 402 367 100000 71 477 477 100000 36 24
19 35 5 9 56 22 86 100000 31 27 64
20 119 193 115 90 272 204 211 268 104 197
21 34 100000 70 54 59 31 100000 42 38 100000
22 38 33 65 68 87 100000 80 100 60 80
23 104 17 144 4 147 132 306 206 222 188
24 84 59 34 147 59 56 100000 144 100000 169
25 113 298 265 96 319 58 173 31 8 52
26 72 152 40 115 156 100 186 149 12 100000
27 62 123 173 29 51 149 100000 21 23 155
28 272 792 409 34 800 620 100000 498 188 425
29 89 131 25 155 203 121 94 9 208 12
30 49 122 118 144 73 42 48 46 11 100000
31 11 15 23 24 25 29 18 14 16 21
32 45 128 67 52 96 32 37 115 75 56
33 54 30 106 83 90 25 160 86 33 99
34 106 226 115 305 128 140 207 283 175 68
35 132 60 56 60 88 155 120 183 278 258
36 52 51 103 110 117 6 136 131 29 13
37 157 222 438 382 358 297 151 396 438 90
38 109 320 109 100000 291 100000 239 324 89 37
39 32 23 100000 29 77 46 58 100000 23 42
40 32 18 89 5 93 40 18 62 100000 57
41 52 102 24 110 41 116 116 130 69 46
42 193 140 388 100000 533 100000 302 99 70 18
43 34 37 89 12 91 42 70 12 24 41
44 34 71 68 99 29 49 93 87 25 100000
45 97 97 219 100000 59 129 24 210 134 190
46 37 41 93 100000 5 101 107 2 68 56
47 25 55 40 41 19 30 41 65 57 74
48 89 57 216 9 169 131 52 94 83 33
49 27 78 15 13 31 53 17 34 21 59
50 50 122 149 84 100000 65 2 105 111 110
51 46 34 135 54 31 71 100000 116 67 100000
52 46 79 72 48 8 35 38 5 24 117
53 55 85 117 60 19 4 24 116 50 165
54 118 135 100000 329 283 75 178 167 79 142
55 47 58 43 121 74 46 119 131 30 72
56 164 404 256 399 355 399 129 222 423 379
57 113 45 109 177 190 211 258 133 153 258
58 69 32 123 61 100000 20 123 182 203 26
59 30 81 13 68 24 51 21 78 68 81
60 25 64 27 73 71 18 13 48 12 61
61 106 182 267 100000 112 115 283 102 100000 93
62 23 24 23 40 8 66 8 64 66 100000
63 118 238 305 234 100000 68 262 326 100000 290
64 155 270 38 94 460 100000 140 275 298 100000
65 65 135 183 44 129 178 121 123 137 181
<task directions>
1 E
2 E
3 E
4 E
5 E
6 E
7 R
8 R
9 L
10 L
11 E
12 E
13 E
14 E
15 E
16 L
17 L
18 R
19 R
20 E
21 E
22 E
23 E
24 E
25 L
26 R
27 R
28 R
29 L
30 L
31 E
32 E
33 E
34 E
35 R
36 E
37 E
38 E
39 L
40 R
41 E
42 E
43 E
44 R
45 L
46 E
47 L
48 L
49 E
50 E
51 R
52 E
53 L
54 E
55 R
56 E
57 E
58 L
59 R
60 E
61 R
62 E
63 L
64 L
65 E
<precedence relations>
1,3
2,3
3,4
3,23
4,5
4,6
4,7
4,9
4,11
4,12
4,25
4,26
4,27
4,41
4,45
4,49
5,14
6,14
7,8
8,14
9,10
10,14
11,14
12,14
13,14
14,15
14,18
14,20
14,22
15,16
16,17
17,31
18,19
19,21
20,21
21,31
22,31
23,24
24,31
25,31
26,31
27,28
28,50
29,50
30,50
31,32
31,36
31,51
31,52
31,53
31,54
31,55
31,56
31,58
31,59
31,60
31,61
31,62
32,33
33,34
34,35
35,50
36,37
37,38
38,39
38,40
39,50
40,50
41,42
42,43
43,62
44,46
45,46
46,47
47,48
48,50
49,50
51,65
52,65
53,65
54,65
55,65
56,57
57,65
58,65
59,65
60,65
61,65
62,63
63,64
64,65
<end>