<number of tasks>
65
<number of mated-station>
6
<number of workers>
12
<task times>
1 49 68 35 125 45 32 40 100 100 111 103 93
2 49 71 55 141 105 23 58 51 143 100000 97 137
3 71 103 209 143 175 20 41 31 168 67 41 213
4 26 11 13 100000 65 11 9 67 100000 60 20 53
5 42 60 120 32 66 107 126 14 100000 121 120 40
6 30 21 80 62 86 35 68 21 31 16 79 29
7 167 6 416 21 100000 421 186 441 186 391 501 491
8 91 39 137 262 251 31 100000 9 55 221 270 257
9 52 94 100000 123 133 55 17 63 52 26 77 100000
10 153 100000 345 100000 427 363 15 10 450 100000 450 184
11 68 172 100000 31 98 100000 105 121 194 100000 139 96
12 52 63 10 40 141 100000 23 125 100000 102 29 18
13 135 78 29 25 304 138 29 49 227 142 219 54
14 54 100000 133 100000 152 93 22 94 135 162 41 75
15 57 88 44 157 8 33 45 113 88 127 60 100000
16 151 317 286 132 82 254 272 245 358 430 100000 96
17 39 13 38 8 27 81 35 79 42 76 57 83
18 194 350 582 71 47 512 216 18 408 245 565 512
19 35 19 97 50 96 32 20 10 37 22 70 62
20 119 193 268 158 58 58 247 289 275 65 100000 100000
21 34 27 42 11 96 39 90 75 45 8 92 41
22 38 51 34 68 100 12 19 107 102 29 73 99
23 104 153 100000 100000 296 20 48 100000 60 76 222 132
24 84 222 224 100000 132 56 189 249 237 100000 100000 159
25 113 167 325 100000 282 224 238 100000 136 322 224 89
26 72 104 23 154 53 134 162 25 5 179 89 207
27 62 184 73 57 166 62 132 127 132 100000 64 100000
28 272 580 83 17 107 99 327 694 262 50 148 221
29 89 155 198 134 163 22 17 99 118 216 20 142
30 49 100000 138 128 8 73 84 100000 100000 64 23 49
31 11 8 9 11 30 8 28 23 7 23 11 8
32 45 10 48 97 30 73 114 100000 100000 114 110 123
33 54 22 130 131 49 22 110 24 17 157 122 12
34 106 175 185 267 55 87 172 188 83 7 100000 93
35 132 285 380 96 100000 210 33 25 44 48 147 88
36 52 130 139 110 127 105 69 51 100000 15 18 103
37 157 443 471 236 15 339 368 109 363 391 358 34
38 109 180 314 219 307 100000 229 278 17 122 151 4
39 32 45 93 81 100000 52 2 90 26 2 59 84
40 32 52 12 69 81 13 86 42 95 80 51 39
41 52 23 102 100000 114 141 17 21 113 100000 54 127
42 193 41 209 290 24 186 100000 36 117 100000 100000 70
43 34 38 54 32 85 16 100000 5 21 11 74 46
44 34 97 64 97 100000 67 48 65 41 100000 46 83
45 97 239 13 16 56 56 201 201 181 221 108 250
46 37 42 42 70 88 103 12 9 30 107 92 95
47 25 10 100000 17 41 35 100000 2 48 2 74 100000
48 89 60 158 195 110 17 97 238 171 147 203 46
49 27 3 53 52 23 35 67 50 53 22 47 47
50 50 13 100000 93 70 125 114 16 43 77 99 29
51 46 133 26 128 122 8 109 50 137 59 100000 100000
52 46 126 100000 94 109 74 49 100000 72 100000 101 100000
53 55 135 132 44 100000 85 108 145 145 139 134 22
54 118 54 132 117 245 50 100000 245 15 100000 188 72
55 47 138 100000 78 105 11 70 91 25 99 40 61
56 164 50 55 50 138 168 129 237 168 237 266 310
57 113 187 18 35 72 100000 116 129 319 18 69 200
58 69 34 135 178 38 3 114 28 85 9 180 30
59 30 7 70 9 70 17 46 25 46 11 23 16
60 25 59 5 52 35 28 59 51 50 18 48 14
61 106 100000 17 210 188 280 204 26 131 179 100000 96
62 23 11 15 59 20 35 54 45 49 29 11 38
63 118 241 100000 135 65 276 50 68 72 100000 26 15
64 155 61 368 29 43 100000 289 451 233 108 57 191
65 65 164 179 179 100000 26 59 100000 174 15 100000 152
<task directions>
1 E
2 E
3 E
4 E
5 E
6 E
7 R
8 R
9 L
10 L
11 E
12 E
13 E
14 E
15 E
16 L
17 L
18 R
19 R
20 E
21 E
22 E
23 E
24 E
25 L
26 R
27 R
28 R
29 L
30 L
31 E
32 E
33 E
34 E
35 R
36 E
37 E
38 E
39 L
40 R
41 E
42 E
43 E
44 R
45 L
46 E
47 L
48 L
49 E
50 E
51 R
52 E
53 L
54 E
55 R
56 E
57 E
58 L
59 R
60 E
61 R
62 E
63 L
64 L
65 E
<precedence relations>
1,3
2,3
3,4
3,23
4,5
4,6
4,7
4,9
4,11
4,12
4,25
4,26
4,27
4,41
4,45
4,49
5,14
6,14
7,8
8,14
9,10
10,14
11,14
12,14
13,14
14,15
14,18
14,20
14,22
15,16
16,17
17,31
18,19
19,21
20,21
21,31
22,31
23,24
24,31
25,31
26,31
27,28
28,50
29,50
30,50
31,32
31,36
31,51
31,52
31,53
31,54
31,55
31,56
31,58
31,59
31,60
31,61
31,62
32,33
33,34
34,35
35,50
36,37
37,38
38,39
38,40
39,50
40,50
41,42
42,43
43,62
44,46
45,46
46,47
47,48
48,50
49,50
51,65
52,65
53,65
54,65
55,65
56,57
57,65
58,65
59,65
60,65
61,65
62,63
63,64
64,65
<end>