<number of tasks>
65
<number of mated-station>
6
<number of workers>
12
<task times>
1 49 42 46 100000 24 35 39 100000 35 48 2 3
2 49 3 25 24 38 18 7 100000 30 18 100000 2
3 71 56 9 9 33 70 49 25 60 21 23 54
4 26 10 14 13 6 8 14 2 4 13 4 17
5 42 22 20 15 24 20 19 10 9 100000 35 22
6 30 8 100000 29 4 11 22 15 30 4 2 24
7 167 71 129 41 100000 127 114 126 74 142 100000 64
8 91 24 54 32 6 47 100000 25 100000 30 19 8
9 52 38 41 38 9 29 13 44 29 26 12 39
10 153 100000 41 101 50 27 54 142 100000 100000 33 123
11 68 100000 51 66 100000 50 51 64 18 44 28 64
12 52 46 14 2 26 3 32 49 50 50 23 22
13 135 49 28 116 100000 79 45 39 48 111 76 85
14 54 11 4 42 100000 29 14 4 27 36 53 100000
15 57 13 100000 4 46 46 40 100000 40 44 26 12
16 151 72 139 129 16 58 81 151 118 100000 57 31
17 39 20 100000 19 100000 14 10 4 21 32 37 35
18 194 142 150 128 96 59 100000 40 15 38 30 40
19 35 100000 4 33 19 27 6 100000 17 32 5 22
20 119 78 38 65 32 110 117 20 100000 112 20 104
21 34 27 32 25 13 12 30 6 18 3 25 7
22 38 100000 21 24 31 21 11 100000 100000 35 27 4
23 104 28 46 31 11 76 7 99 99 78 95 78
24 84 18 63 67 65 44 53 100000 30 52 100000 79
25 113 44 14 33 88 57 41 27 39 7 82 113
26 72 3 31 68 12 27 27 100000 35 31 70 22
27 62 44 20 19 30 19 46 34 100000 17 22 100000
28 272 47 31 193 107 9 100000 23 52 261 158 158
29 89 41 49 31 70 8 46 100000 77 28 28 81
30 49 15 12 47 9 100000 5 18 1 45 35 12
31 11 100000 100000 1 2 6 10 6 10 9 3 4
32 45 17 42 38 10 24 6 34 31 100000 45 10
33 54 30 24 28 9 49 15 17 42 7 29 100000
34 106 88 5 71 89 49 77 25 82 102 103 43
35 132 27 116 6 38 65 10 25 18 80 101 101
36 52 4 2 100000 9 41 42 6 6 100000 36 14
37 157 100000 91 23 32 100000 24 76 93 60 107 65
38 109 11 100000 65 60 92 18 68 100000 31 103 97
39 32 16 31 20 2 9 100000 28 100000 30 100000 100000
40 32 9 2 10 4 29 11 15 30 4 100000 25
41 52 100000 44 100000 46 20 7 49 32 52 29 34
42 193 141 72 107 100000 91 36 41 7 180 78 126
43 34 16 100000 2 100000 30 15 11 10 3 19 21
44 34 21 32 4 9 33 14 22 21 33 24 100000
45 97 25 100000 38 71 76 63 47 79 84 19 100000
46 37 6 100000 33 33 29 13 30 3 17 36 100000
47 25 25 14 16 17 6 20 12 10 17 23 20
48 89 6 58 78 52 48 36 14 14 57 69 100000
49 27 100000 14 3 19 12 7 4 2 3 6 16
50 50 50 37 2 3 35 16 39 9 28 49 31
51 46 42 5 8 100000 100000 28 34 100000 24 38 46
52 46 100000 43 44 8 8 28 100000 20 18 40 23
53 55 36 32 44 43 4 33 11 52 4 44 26
54 118 64 64 36 102 74 49 100 19 27 51 100000
55 47 27 6 25 40 36 12 15 26 32 20 100000
56 164 38 30 89 97 100000 141 86 76 14 140 35
57 113 86 7 69 3 96 69 35 49 39 106 111
58 69 45 48 36 2 42 25 27 19 64 68 32
59 30 8 4 100000 100000 6 12 29 13 10 16 14
60 25 3 25 3 100000 6 17 6 100000 14 21 7
61 106 88 44 56 104 19 63 100000 101 47 49 78
62 23 10 100000 22 16 9 7 2 1 22 6 9
63 118 100000 58 97 71 65 114 31 114 47 30 105
64 155 63 100000 80 69 43 126 120 26 16 147 4
65 65 37 12 52 59 65 36 33 29 43 64 38
<task directions>
1 E
2 E
3 E
4 E
5 E
6 E
7 R
8 R
9 L
10 L
11 E
12 E
13 E
14 E
15 E
16 L
17 L
18 R
19 R
20 E
21 E
22 E
23 E
24 E
25 L
26 R
27 R
28 R
29 L
30 L
31 E
32 E
33 E
34 E
35 R
36 E
37 E
38 E
39 L
40 R
41 E
42 E
43 E
44 R
45 L
46 E
47 L
48 L
49 E
50 E
51 R
52 E
53 L
54 E
55 R
56 E
57 E
58 L
59 R
60 E
61 R
62 E
63 L
64 L
65 E
<precedence relations>
1,3
2,3
3,4
3,23
4,5
4,6
4,7
4,9
4,11
4,12
4,25
4,26
4,27
4,41
4,45
4,49
5,14
6,14
7,8
8,14
9,10
10,14
11,14
12,14
13,14
14,15
14,18
14,20
14,22
15,16
16,17
17,31
18,19
19,21
20,21
21,31
22,31
23,24
24,31
25,31
26,31
27,28
28,50
29,50
30,50
31,32
31,36
31,51
31,52
31,53
31,54
31,55
31,56
31,58
31,59
31,60
31,61
31,62
32,33
33,34
34,35
35,50
36,37
37,38
38,39
38,40
39,50
40,50
41,42
42,43
43,62
44,46
45,46
46,47
47,48
48,50
49,50
51,65
52,65
53,65
54,65
55,65
56,57
57,65
58,65
59,65
60,65
61,65
62,63
63,64
64,65
<end>