<number of tasks>
65
<number of mated-station>
6
<number of workers>
12
<task times>
1 49 100000 80 100 124 56 100000 99 115 109 113 21
2 49 100000 100000 75 61 121 40 147 100000 75 132 100000
3 71 115 94 100000 43 88 158 162 92 115 100000 137
4 26 18 100000 13 49 36 40 27 19 74 59 40
5 42 66 77 50 65 20 100000 15 116 40 20 65
6 30 34 58 5 59 87 86 62 100000 44 100000 100000
7 167 466 131 451 461 66 391 166 331 291 261 466
8 91 93 118 118 145 202 100000 93 28 115 100000 129
9 52 100000 85 120 128 153 139 105 100000 37 94 141
10 153 106 100000 100000 340 367 239 303 19 100000 100000 24
11 68 100000 139 68 139 13 178 100000 100000 145 92 117
12 52 83 6 100 44 100000 147 6 75 91 17 60
13 135 187 268 211 100000 5 203 357 231 100000 272 167
14 54 159 122 67 109 43 80 128 160 25 100000 101
15 57 42 100000 151 142 100000 130 100000 59 74 3 18
16 151 82 100000 209 322 100 141 227 46 286 10 299
17 39 22 96 10 17 100000 111 20 108 98 100000 14
18 194 82 454 222 216 582 100000 233 135 111 239 460
19 35 13 100000 100000 100000 42 3 96 55 34 100000 65
20 119 186 207 282 136 236 26 286 115 100000 279 100000
21 34 66 100000 49 56 100000 32 86 67 23 25 30
22 38 74 9 108 50 103 104 98 79 2 64 20
23 104 82 100000 284 284 206 147 41 60 184 100000 13
24 84 100000 100000 244 39 249 100000 179 184 162 11 227
25 113 100000 160 21 312 100000 48 100000 146 295 100000 102
26 72 100000 210 203 102 81 117 74 201 132 61 89
27 62 94 119 132 99 8 100000 51 136 100000 23 173
28 272 107 164 417 735 531 25 384 303 735 148 100000
29 89 110 227 153 224 100000 4 107 161 65 153 131
30 49 94 75 124 29 86 23 124 24 99 19 109
31 11 29 27 100000 31 100000 24 8 28 27 12 28
32 45 57 100000 18 87 112 100000 108 89 52 57 100
33 54 9 100000 53 93 159 83 125 53 100000 98 33
34 106 109 39 121 14 20 204 100000 232 153 131 258
35 132 100000 29 84 92 258 380 218 333 238 64 163
36 52 20 52 100000 80 82 100000 12 100000 99 137 32
37 157 100000 198 386 363 213 269 100000 386 415 15 114
38 109 21 50 311 324 311 268 131 288 100000 100000 86
39 32 44 4 29 34 2 92 13 3 43 100000 85
40 32 7 64 78 100000 100000 100000 36 83 100000 79 100000
41 52 51 106 69 100000 153 139 100000 54 100000 74 63
42 193 313 100000 169 100000 533 100000 105 515 100000 100000 481
43 34 45 100000 60 97 7 100000 63 25 100000 64 23
44 34 29 62 100000 10 99 100000 93 101 100000 18 37
45 97 120 100000 21 114 187 242 100000 33 288 24 149
46 37 56 85 81 18 98 104 100000 100000 92 59 46
47 25 41 100000 7 41 20 72 17 10 20 13 100000
48 89 81 65 100000 240 238 155 262 198 113 57 100000
49 27 6 76 67 48 20 46 100000 100000 100000 55 56
50 50 41 96 92 78 73 52 77 100000 92 4 98
51 46 100000 30 68 100000 113 100000 83 109 100000 93 131
52 46 100000 28 100000 31 96 61 100 137 80 28 19
53 55 131 100000 131 100000 58 26 42 100000 62 100000 3
54 118 230 15 26 142 8 114 100000 153 114 340 47
55 47 4 58 65 100000 5 100000 40 112 56 116 81
56 164 359 428 100000 222 438 237 94 100000 158 310 16
57 113 187 265 156 100000 332 187 194 241 100000 55 123
58 69 137 174 3 100000 182 36 100000 118 141 100000 125
59 30 78 57 78 77 34 17 77 100000 100000 55 100000
60 25 17 31 9 39 62 46 100000 49 59 56 74
61 106 312 121 236 17 160 100000 207 100000 100000 299 305
62 23 21 45 63 25 53 63 12 17 8 9 18
63 118 195 199 100000 57 308 100000 223 89 100000 82 287
64 155 100000 100000 377 163 47 29 423 279 252 126 465
65 65 147 18 178 81 94 46 100000 100000 30 179 100000
<task directions>
1 E
2 E
3 E
4 E
5 E
6 E
7 R
8 R
9 L
10 L
11 E
12 E
13 E
14 E
15 E
16 L
17 L
18 R
19 R
20 E
21 E
22 E
23 E
24 E
25 L
26 R
27 R
28 R
29 L
30 L
31 E
32 E
33 E
34 E
35 R
36 E
37 E
38 E
39 L
40 R
41 E
42 E
43 E
44 R
45 L
46 E
47 L
48 L
49 E
50 E
51 R
52 E
53 L
54 E
55 R
56 E
57 E
58 L
59 R
60 E
61 R
62 E
63 L
64 L
65 E
<precedence relations>
1,3
2,3
3,4
3,23
4,5
4,6
4,7
4,9
4,11
4,12
4,25
4,26
4,27
4,41
4,45
4,49
5,14
6,14
7,8
8,14
9,10
10,14
11,14
12,14
13,14
14,15
14,18
14,20
14,22
15,16
16,17
17,31
18,19
19,21
20,21
21,31
22,31
23,24
24,31
25,31
26,31
27,28
28,50
29,50
30,50
31,32
31,36
31,51
31,52
31,53
31,54
31,55
31,56
31,58
31,59
31,60
31,61
31,62
32,33
33,34
34,35
35,50
36,37
37,38
38,39
38,40
39,50
40,50
41,42
42,43
43,62
44,46
45,46
46,47
47,48
48,50
49,50
51,65
52,65
53,65
54,65
55,65
56,57
57,65
58,65
59,65
60,65
61,65
62,63
63,64
64,65
<end>