<number of tasks>
65
<number of mated-station>
8
<number of workers>
16
<task times>
1 49 94 74 40 100000 137 129 61 13 100000 68 11 16 100000 100 100000
2 49 100000 43 26 33 80 45 33 4 4 119 100000 7 100000 49 109
3 71 188 31 48 113 100000 88 86 213 100000 100000 109 48 141 162 128
4 26 10 71 45 7 56 9 5 8 100000 25 37 54 100000 100000 38
5 42 100000 47 100000 9 55 42 55 100000 36 100000 30 100000 61 95 100000
6 30 8 59 83 100000 100000 16 88 66 83 59 27 100000 16 29 47
7 167 386 100000 446 141 496 100000 256 96 6 100000 386 466 301 351 61
8 91 100000 91 6 100000 167 243 64 100000 172 17 216 69 74 100000 9
9 52 9 26 100000 105 147 137 105 116 68 100000 119 100000 130 103 85
10 153 161 404 33 79 100000 100000 70 253 161 138 340 100000 100000 335 157
11 68 111 64 100000 100000 100000 15 123 7 196 100000 100000 169 54 94 119
12 52 113 151 80 100000 79 57 100000 38 32 21 142 63 128 100000 49
13 135 381 284 393 90 142 296 328 264 9 100000 86 100000 348 100000 369
14 54 86 90 123 69 100000 100000 100000 15 162 100000 100000 100000 143 100000 100000
15 57 110 117 163 137 93 100000 171 79 140 100000 100000 30 13 40 100
16 151 263 227 42 182 408 177 204 96 173 100000 241 213 376 128 345
17 39 9 28 90 91 2 110 78 107 61 102 76 115 23 89 62
18 194 100000 100000 111 47 222 286 262 431 367 315 111 47 100000 36 222
19 35 64 47 52 101 4 100000 4 100000 97 41 100000 100000 65 17 34
20 119 40 122 101 357 100000 5 40 5 100000 332 54 100000 15 100000 321
21 34 75 49 63 45 14 21 90 31 33 58 100000 100000 38 83 100000
22 38 2 9 69 90 95 80 100000 99 67 85 100000 100000 71 51 25
23 104 312 200 85 138 306 88 160 125 48 287 219 100000 7 51 100000
24 84 24 222 184 94 124 46 189 234 9 44 187 64 152 197 14
25 113 126 244 163 8 89 244 45 295 133 100000 187 96 100000 100000 170
26 72 100000 93 201 141 188 145 74 216 100000 182 29 100000 109 203 63
27 62 3 127 29 12 66 131 40 38 100000 12 142 110 16 100000 34
28 272 816 131 319 506 710 100000 726 42 286 100000 237 100000 83 278 417
29 89 230 60 230 177 190 155 187 83 97 238 259 147 33 115 177
30 49 94 84 93 100000 116 128 147 74 71 135 129 59 109 129 108
31 11 21 3 24 15 21 100000 5 100000 14 32 9 27 6 7 24
32 45 100000 10 61 69 124 100000 100000 100000 103 100000 112 55 111 120 77
33 54 100000 53 54 100000 25 19 70 62 77 64 64 100000 117 6 35
34 106 102 220 100000 163 100000 118 100000 220 280 172 74 112 223 100000 137
35 132 151 100000 25 380 368 357 104 293 116 88 100000 96 179 147 238
36 52 133 119 119 137 63 54 91 100000 92 102 9 43 20 141 100000
37 157 100000 100000 81 457 100000 128 100000 227 466 57 100000 100000 100000 100000 20
38 109 100000 317 115 100000 63 100000 92 278 100000 11 86 100000 288 125 100000
39 32 43 74 40 100000 10 100000 49 77 66 29 23 100000 64 100000 49
40 32 7 36 89 100000 100000 11 28 48 35 100000 13 78 6 16 100000
41 52 145 111 100000 20 35 63 100000 100000 7 153 100000 60 100000 130 100000
42 193 47 481 255 573 100000 111 475 498 267 423 174 134 284 521 539
43 34 20 36 100000 100000 45 59 88 100000 100000 100000 100000 100000 100000 3 18
44 34 48 33 47 47 59 55 99 30 100000 70 80 10 62 28 72
45 97 103 233 239 184 100000 100 53 242 198 100000 123 100000 65 100000 279
46 37 100000 11 41 100000 4 100000 89 67 27 22 106 41 5 79 60
47 25 12 14 58 100000 100000 17 100000 31 31 11 33 51 16 44 54
48 89 17 6 100000 129 100000 158 219 100000 100000 33 110 14 100000 259 100000
49 27 28 24 54 100000 11 13 50 19 39 100000 100000 31 100000 40 4
50 50 137 129 87 100000 19 31 74 125 100000 77 116 100000 58 28 110
51 46 22 100000 100 124 117 100000 71 31 80 43 127 9 135 23 127
52 46 100000 12 105 100000 135 100000 8 102 100000 104 49 38 74 75 126
53 55 17 73 140 114 42 99 137 103 165 157 162 24 100000 116 16
54 118 100000 100000 100000 259 206 100000 312 107 255 347 174 308 174 308 340
55 47 57 100000 119 131 98 100000 5 100000 75 100000 100000 51 78 100000 19
56 164 100000 418 84 89 433 100000 276 183 428 100000 11 11 100000 100000 330
57 113 150 100000 119 113 241 100000 180 200 170 45 100000 275 170 197 100000
58 69 32 100000 162 195 120 11 100000 100000 28 24 100 26 112 129 127
59 30 71 39 79 21 100000 55 3 64 100000 55 100000 100000 54 100000 100000
60 25 68 42 6 42 100000 100000 33 62 39 54 47 100000 22 100000 100000
61 106 140 144 45 55 121 188 232 100000 251 77 245 160 100000 17 106
62 23 28 100000 53 64 4 30 23 61 49 38 52 38 42 15 19
63 118 146 322 100000 100000 5 100000 329 107 125 100000 117 100000 100000 100000 107
64 155 154 395 168 340 279 100000 100000 47 289 238 419 289 307 210 159
65 65 92 121 32 94 100000 55 100000 48 36 123 53 90 168 20 61
<task directions>
1 E
2 E
3 E
4 E
5 E
6 E
7 R
8 R
9 L
10 L
11 E
12 E
13 E
14 E
15 E
16 L
17 L
18 R
19 R
20 E
21 E
22 E
23 E
24 E
25 L
26 R
27 R
28 R
29 L
30 L
31 E
32 E
33 E
34 E
35 R
36 E
37 E
38 E
39 L
40 R
41 E
42 E
43 E
44 R
45 L
46 E
47 L
48 L
49 E
50 E
51 R
52 E
53 L
54 E
55 R
56 E
57 E
58 L
59 R
60 E
61 R
62 E
63 L
64 L
65 E
<precedence relations>
1,3
2,3
3,4
3,23
4,5
4,6
4,7
4,9
4,11
4,12
4,25
4,26
4,27
4,41
4,45
4,49
5,14
6,14
7,8
8,14
9,10
10,14
11,14
12,14
13,14
14,15
14,18
14,20
14,22
15,16
16,17
17,31
18,19
19,21
20,21
21,31
22,31
23,24
24,31
25,31
26,31
27,28
28,50
29,50
30,50
31,32
31,36
31,51
31,52
31,53
31,54
31,55
31,56
31,58
31,59
31,60
31,61
31,62
32,33
33,34
34,35
35,50
36,37
37,38
38,39
38,40
39,50
40,50
41,42
42,43
43,62
44,46
45,46
46,47
47,48
48,50
49,50
51,65
52,65
53,65
54,65
55,65
56,57
57,65
58,65
59,65
60,65
61,65
62,63
63,64
64,65
<end>