<number of tasks>
65
<number of mated-station>
5
<number of workers>
10
<task times>
1 49 100 67 131 83 90 134 115 100000 27
2 49 100000 128 75 93 39 115 121 21 58
3 71 185 145 100000 26 100000 48 33 71 171
4 26 50 56 100000 26 63 19 12 23 11
5 42 24 17 107 80 125 67 100000 55 57
6 30 86 84 43 57 17 100000 42 100000 50
7 167 446 236 131 171 100000 296 466 461 341
8 91 121 172 102 205 115 91 91 164 161
9 52 100000 94 134 21 100000 136 34 100000 142
10 153 143 312 100000 100000 184 441 445 422 138
11 68 72 100000 202 88 33 100000 70 100000 204
12 52 151 13 66 29 100 52 100000 6 100000
13 135 251 159 300 100000 284 385 100000 70 308
14 54 100000 138 36 100000 128 9 138 146 3
15 57 57 95 100000 8 166 108 66 52 147
16 151 186 91 186 82 141 100000 340 241 394
17 39 100000 6 3 100000 4 11 83 45 103
18 194 245 379 292 100000 100000 204 100000 384 42
19 35 100000 99 69 102 16 55 85 25 71
20 119 304 40 215 100000 293 343 83 197 100000
21 34 16 29 22 100000 100000 100000 100000 56 68
22 38 46 32 47 67 58 100000 38 39 20
23 104 228 240 101 175 194 141 100000 281 259
24 84 44 9 182 76 66 132 100000 16 89
25 113 322 278 312 227 99 251 248 146 100000
26 72 132 83 7 173 100000 98 100 106 188
27 62 166 100000 3 100000 3 100000 95 132 119
28 272 115 188 694 100000 17 759 506 677 457
29 89 256 142 206 70 100000 259 150 169 100000
30 49 55 100000 143 70 100000 100000 65 92 77
31 11 31 26 16 100000 31 23 25 22 30
32 45 10 24 57 100000 25 76 100000 26 2
33 54 100000 65 36 100000 100000 120 46 119 54
34 106 150 100000 283 100000 245 134 112 100000 198
35 132 195 270 376 285 100000 376 238 100000 100000
36 52 18 89 100000 80 18 128 15 100000 120
37 157 53 363 471 344 100000 100000 358 302 147
38 109 96 69 8 177 184 190 272 100000 242
39 32 12 9 77 37 74 30 64 87 94
40 32 100000 53 23 74 96 87 70 25 84
41 52 29 12 141 17 130 137 12 114 94
42 193 406 82 24 117 203 319 567 82 550
43 34 49 3 84 4 31 95 54 28 41
44 34 66 100000 16 7 78 98 38 100000 93
45 97 285 213 155 100000 285 230 123 242 100
46 37 75 100000 100000 12 56 57 100000 110 64
47 25 3 45 66 5 100000 100000 54 10 52
48 89 38 25 198 262 97 100000 81 206 70
49 27 58 100000 54 65 76 81 63 100000 63
50 50 95 100000 135 53 146 71 100000 132 25
51 46 128 134 9 78 100000 119 113 123 78
52 46 6 76 135 45 39 30 64 31 104
53 55 100000 139 114 8 68 100000 83 26 100000
54 118 298 117 287 216 61 135 107 125 156
55 47 21 16 61 103 100000 65 65 100000 100000
56 164 325 433 296 26 70 305 423 30 389
57 113 265 217 207 258 312 69 100000 217 109
58 69 100000 207 102 205 5 5 30 207 88
59 30 70 34 33 14 33 15 80 37 31
60 25 19 55 25 57 55 37 31 37 49
61 106 163 100000 14 166 293 226 125 213 156
62 23 100000 30 23 100000 52 10 9 22 50
63 118 100000 29 234 259 100000 315 15 280 100000
64 155 75 100000 100000 100000 344 395 414 117 437
65 65 46 166 75 141 100 13 77 20 67
<task directions>
1 E
2 E
3 E
4 E
5 E
6 E
7 R
8 R
9 L
10 L
11 E
12 E
13 E
14 E
15 E
16 L
17 L
18 R
19 R
20 E
21 E
22 E
23 E
24 E
25 L
26 R
27 R
28 R
29 L
30 L
31 E
32 E
33 E
34 E
35 R
36 E
37 E
38 E
39 L
40 R
41 E
42 E
43 E
44 R
45 L
46 E
47 L
48 L
49 E
50 E
51 R
52 E
53 L
54 E
55 R
56 E
57 E
58 L
59 R
60 E
61 R
62 E
63 L
64 L
65 E
<precedence relations>
1,3
2,3
3,4
3,23
4,5
4,6
4,7
4,9
4,11
4,12
4,25
4,26
4,27
4,41
4,45
4,49
5,14
6,14
7,8
8,14
9,10
10,14
11,14
12,14
13,14
14,15
14,18
14,20
14,22
15,16
16,17
17,31
18,19
19,21
20,21
21,31
22,31
23,24
24,31
25,31
26,31
27,28
28,50
29,50
30,50
31,32
31,36
31,51
31,52
31,53
31,54
31,55
31,56
31,58
31,59
31,60
31,61
31,62
32,33
33,34
34,35
35,50
36,37
37,38
38,39
38,40
39,50
40,50
41,42
42,43
43,62
44,46
45,46
46,47
47,48
48,50
49,50
51,65
52,65
53,65
54,65
55,65
56,57
57,65
58,65
59,65
60,65
61,65
62,63
63,64
64,65
<end>