<number of tasks>
65
<number of mated-station>
4
<number of workers>
8
<task times>
1 49 20 90 20 51 71 97 102
2 49 67 80 38 135 54 40 100000
3 71 24 113 75 126 105 190 69
4 26 100000 60 71 43 43 69 33
5 42 50 75 90 25 57 77 91
6 30 100000 52 100000 63 88 59 89
7 167 100000 316 296 441 76 201 206
8 91 254 25 25 31 39 100000 202
9 52 40 100 54 100 147 123 82
10 153 248 143 290 125 116 445 436
11 68 48 103 190 78 36 100000 149
12 52 54 96 88 120 100000 80 51
13 135 316 211 361 352 215 33 389
14 54 61 119 41 24 100000 40 32
15 57 103 100 139 164 110 100000 144
16 151 421 331 272 435 55 268 331
17 39 100000 23 78 100000 100000 78 100000
18 194 100000 100000 77 123 280 530 384
19 35 4 39 82 100000 13 48 67
20 119 204 51 100000 51 100000 346 343
21 34 56 11 66 6 66 95 27
22 38 114 113 45 44 55 22 17
23 104 284 100000 135 312 88 197 100000
24 84 214 169 179 54 114 100000 167
25 113 35 106 89 184 45 214 251
26 72 27 57 83 121 63 100000 100000
27 62 12 121 162 101 158 71 40
28 272 596 547 800 74 140 246 278
29 89 78 134 147 70 240 100000 193
30 49 140 93 13 71 100000 87 33
31 11 32 7 9 31 14 100000 100000
32 45 130 35 128 64 56 56 40
33 54 86 32 122 100000 82 36 151
34 106 182 121 315 305 100000 182 280
35 132 301 108 368 345 56 68 9
36 52 139 43 83 100 123 27 38
37 157 72 424 405 231 57 39 34
38 109 79 226 246 272 216 213 135
39 32 25 36 55 73 27 63 100000
40 32 27 8 91 73 66 68 74
41 52 100000 136 100 100000 35 65 52
42 193 544 267 527 36 255 273 550
43 34 85 90 52 84 85 47 45
44 34 58 93 76 89 100000 3 38
45 97 7 282 134 146 259 277 100000
46 37 102 44 14 35 55 100000 64
47 25 51 26 3 74 9 19 35
48 89 251 214 166 100000 232 60 100000
49 27 68 14 44 39 100000 55 63
50 50 13 116 100000 87 53 29 61
51 46 70 68 96 112 46 19 23
52 46 130 90 100 28 15 79 38
53 55 24 19 24 135 113 17 100000
54 118 301 22 5 72 195 79 100000
55 47 85 36 88 126 86 100000 134
56 164 281 99 55 100000 100000 364 129
57 113 86 143 285 82 8 234 302
58 69 158 90 42 79 24 13 158
59 30 21 7 69 24 11 45 65
60 25 39 100000 17 13 46 65 42
61 106 42 172 299 99 289 100000 134
62 23 59 55 30 63 48 100000 49
63 118 15 167 220 163 110 301 110
64 155 75 191 10 94 177 349 247
65 65 77 139 63 90 168 174 154
<task directions>
1 E
2 E
3 E
4 E
5 E
6 E
7 R
8 R
9 L
10 L
11 E
12 E
13 E
14 E
15 E
16 L
17 L
18 R
19 R
20 E
21 E
22 E
23 E
24 E
25 L
26 R
27 R
28 R
29 L
30 L
31 E
32 E
33 E
34 E
35 R
36 E
37 E
38 E
39 L
40 R
41 E
42 E
43 E
44 R
45 L
46 E
47 L
48 L
49 E
50 E
51 R
52 E
53 L
54 E
55 R
56 E
57 E
58 L
59 R
60 E
61 R
62 E
63 L
64 L
65 E
<precedence relations>
1,3
2,3
3,4
3,23
4,5
4,6
4,7
4,9
4,11
4,12
4,25
4,26
4,27
4,41
4,45
4,49
5,14
6,14
7,8
8,14
9,10
10,14
11,14
12,14
13,14
14,15
14,18
14,20
14,22
15,16
16,17
17,31
18,19
19,21
20,21
21,31
22,31
23,24
24,31
25,31
26,31
27,28
28,50
29,50
30,50
31,32
31,36
31,51
31,52
31,53
31,54
31,55
31,56
31,58
31,59
31,60
31,61
31,62
32,33
33,34
34,35
35,50
36,37
37,38
38,39
38,40
39,50
40,50
41,42
42,43
43,62
44,46
45,46
46,47
47,48
48,50
49,50
51,65
52,65
53,65
54,65
55,65
56,57
57,65
58,65
59,65
60,65
61,65
62,63
63,64
64,65
<end>