<number of tasks>
65
<number of mated-station>
7
<number of workers>
14
<task times>
1 49 20 8 9 7 21 19 41 49 15 4 10 49 100000
2 49 47 14 22 42 11 41 39 18 45 27 5 4 14
3 71 35 52 50 100000 5 19 48 20 100000 28 36 42 32
4 26 24 14 15 100000 25 100000 100000 17 5 100000 100000 3 9
5 42 8 2 12 35 33 6 38 100000 9 26 37 33 13
6 30 27 18 12 21 15 18 29 5 27 27 11 100000 19
7 167 66 24 100000 8 165 130 129 31 149 41 3 57 121
8 91 38 74 15 51 100000 10 8 52 87 71 89 30 44
9 52 51 100000 14 8 21 100000 15 7 36 9 10 49 100000
10 153 33 98 30 100000 112 4 72 57 104 144 24 109 9
11 68 20 40 100000 2 53 44 62 40 25 6 17 57 100000
12 52 16 100000 18 16 35 7 9 17 32 9 100000 100000 24
13 135 14 25 111 85 39 111 92 61 44 56 132 47 77
14 54 40 11 4 4 20 19 21 14 9 100000 18 49 31
15 57 22 9 45 14 34 44 29 35 55 16 46 37 2
16 151 81 88 49 96 45 100000 24 24 103 100000 144 103 145
17 39 9 14 31 15 11 2 16 15 17 3 25 100000 38
18 194 105 42 163 177 16 94 142 105 128 61 70 100000 148
19 35 15 13 10 22 13 9 21 9 4 32 3 5 27
20 119 112 66 108 14 31 100000 35 65 5 36 55 40 12
21 34 23 12 20 11 31 28 2 100000 31 100000 29 4 33
22 38 27 2 7 4 36 6 34 34 5 21 32 100000 100000
23 104 32 50 100000 100000 92 90 100000 45 100000 100000 33 100000 15
24 84 17 29 49 43 25 51 64 57 33 56 42 18 52
25 113 105 41 82 100000 103 111 100000 83 100000 9 96 12 103
26 72 100000 5 29 60 2 100000 100000 12 46 22 28 37 12
27 62 8 51 10 47 35 55 15 50 2 10 38 60 5
28 272 239 180 239 100000 90 193 207 123 31 61 17 272 66
29 89 55 19 41 40 30 100000 22 86 56 52 20 100000 37
30 49 41 10 41 43 35 100000 4 32 12 13 14 17 100000
31 11 10 3 7 7 7 2 3 7 6 8 2 9 7
32 45 12 100000 19 5 24 41 38 39 27 39 100000 100000 41
33 54 52 28 3 50 49 5 41 21 44 25 42 24 16
34 106 37 100000 21 80 71 46 77 84 81 30 100000 45 50
35 132 82 93 114 8 44 8 114 46 4 30 123 100000 118
36 52 44 30 43 29 42 37 26 39 37 15 29 35 14
37 157 99 155 141 20 9 34 49 60 100000 124 31 100000 46
38 109 94 107 32 86 50 16 28 19 59 73 101 61 56
39 32 24 25 30 9 100000 100000 23 100000 26 15 3 12 17
40 32 8 17 100000 11 11 22 3 13 23 21 31 4 7
41 52 100000 36 11 34 100000 51 6 2 42 43 11 44 36
42 193 32 37 100000 143 141 149 45 97 185 18 191 122 85
43 34 7 24 12 32 7 28 10 8 16 17 8 19 7
44 34 7 100000 25 28 20 28 6 33 34 14 30 34 10
45 97 60 96 85 75 11 74 27 28 85 14 9 13 83
46 37 23 100000 26 35 23 36 23 34 15 26 4 15 24
47 25 14 14 5 7 6 3 15 17 15 6 4 21 24
48 89 15 77 73 34 49 85 3 55 55 64 71 62 21
49 27 17 8 15 12 7 100000 15 100000 18 13 27 3 8
50 50 6 43 34 12 32 100000 15 30 42 39 30 44 11
51 46 9 2 20 3 45 9 9 21 37 25 24 34 3
52 46 17 39 26 11 33 32 34 24 100000 100000 16 6 2
53 55 52 53 12 43 9 22 49 16 2 34 17 24 45
54 118 68 56 10 58 15 100000 118 49 35 111 55 71 100000
55 47 32 15 100000 28 21 4 27 40 29 100000 32 33 100000
56 164 151 69 161 92 97 25 135 55 130 37 21 164 105
57 113 92 102 66 82 69 25 14 73 76 78 101 78 45
58 69 42 51 30 10 43 11 21 43 7 17 7 51 100000
59 30 26 4 28 14 7 11 100000 23 11 26 8 29 27
60 25 100000 14 21 3 8 2 9 12 100000 100000 12 2 6
61 106 73 100000 66 51 70 85 17 25 100000 71 104 75 84
62 23 7 18 14 100000 7 11 9 12 19 3 11 18 16
63 118 57 62 99 100000 79 15 90 15 65 100000 90 85 22
64 155 141 24 100000 80 83 117 69 56 15 120 84 100000 121
65 65 100000 65 100000 47 100000 25 45 39 32 100000 34 19 27
<task directions>
1 E
2 E
3 E
4 E
5 E
6 E
7 R
8 R
9 L
10 L
11 E
12 E
13 E
14 E
15 E
16 L
17 L
18 R
19 R
20 E
21 E
22 E
23 E
24 E
25 L
26 R
27 R
28 R
29 L
30 L
31 E
32 E
33 E
34 E
35 R
36 E
37 E
38 E
39 L
40 R
41 E
42 E
43 E
44 R
45 L
46 E
47 L
48 L
49 E
50 E
51 R
52 E
53 L
54 E
55 R
56 E
57 E
58 L
59 R
60 E
61 R
62 E
63 L
64 L
65 E
<precedence relations>
1,3
2,3
3,4
3,23
4,5
4,6
4,7
4,9
4,11
4,12
4,25
4,26
4,27
4,41
4,45
4,49
5,14
6,14
7,8
8,14
9,10
10,14
11,14
12,14
13,14
14,15
14,18
14,20
14,22
15,16
16,17
17,31
18,19
19,21
20,21
21,31
22,31
23,24
24,31
25,31
26,31
27,28
28,50
29,50
30,50
31,32
31,36
31,51
31,52
31,53
31,54
31,55
31,56
31,58
31,59
31,60
31,61
31,62
32,33
33,34
34,35
35,50
36,37
37,38
38,39
38,40
39,50
40,50
41,42
42,43
43,62
44,46
45,46
46,47
47,48
48,50
49,50
51,65
52,65
53,65
54,65
55,65
56,57
57,65
58,65
59,65
60,65
61,65
62,63
63,64
64,65
<end>