<number of tasks>
65
<number of mated-station>
7
<number of workers>
14
<task times>
1 49 100000 84 39 100000 89 62 109 46 100000 87 106 100000 68
2 49 144 59 16 11 65 77 71 84 100000 21 71 100 59
3 71 58 96 109 46 99 18 192 162 177 171 130 90 100000
4 26 20 60 46 23 27 41 49 61 62 41 23 100000 100000
5 42 6 6 9 100000 102 124 122 36 100000 91 86 115 97
6 30 24 86 100000 65 3 100000 51 15 83 58 18 72 2
7 167 456 256 71 11 121 336 91 100000 401 481 156 206 356
8 91 151 100000 100000 69 243 104 134 42 151 100000 100000 100000 270
9 52 46 55 69 125 10 26 54 134 10 58 100000 125 100000
10 153 317 100000 10 100000 354 395 100000 100000 198 271 100000 15 276
11 68 100000 105 125 100000 107 100000 157 100000 62 23 202 182 176
12 52 94 145 7 13 37 24 100000 100000 141 100 100000 17 113
13 135 100000 316 100000 304 332 100000 365 272 381 381 235 344 288
14 54 12 157 131 85 91 100000 7 93 100000 44 114 135 15
15 57 25 129 142 100000 168 37 35 105 66 50 66 169 118
16 151 232 159 141 109 119 326 137 100000 421 100000 146 33 96
17 39 100 54 88 64 43 83 100000 45 52 100000 108 111 100000
18 194 36 88 100000 106 315 135 117 100000 448 576 233 100000 355
19 35 74 18 100000 75 25 30 89 99 21 30 69 88 100000
20 119 321 100000 275 26 240 339 100000 94 321 100000 44 158 100000
21 34 62 72 50 78 100000 86 14 34 95 36 89 100000 91
22 38 30 53 24 109 35 103 54 68 48 39 100 8 69
23 104 175 20 268 100000 13 32 113 97 172 116 244 32 100000
24 84 100000 59 187 227 242 100000 187 242 100000 46 234 214 100000
25 113 58 332 100000 116 62 100000 100000 140 100000 48 231 282 100000
26 72 87 23 212 141 100000 179 18 33 199 3 25 124 124
27 62 134 177 100000 100000 138 21 94 100000 100000 95 119 27 100000
28 272 661 205 816 100000 710 384 547 100000 343 131 726 123 100000
29 89 259 100000 240 100000 139 100000 262 169 201 100000 83 190 251
30 49 100000 74 100000 11 93 131 68 55 100000 128 42 100000 32
31 11 27 21 2 21 10 15 32 31 3 22 100000 8 100000
32 45 61 116 53 116 40 52 100000 114 9 108 87 26 88
33 54 4 100000 36 141 128 51 144 131 48 152 57 100000 143
34 106 68 207 68 102 153 277 112 305 100000 131 100000 125 83
35 132 29 234 100000 100000 202 100000 254 325 167 325 100000 199 33
36 52 74 108 102 82 46 71 100000 100000 77 100000 13 100000 79
37 157 311 100000 198 283 274 72 100000 424 208 302 62 53 128
38 109 100000 203 43 203 99 92 66 100000 219 167 118 265 177
39 32 100000 63 100000 69 58 2 32 87 56 13 29 100000 87
40 32 27 56 8 25 82 65 91 12 58 16 15 100000 82
41 52 139 127 100000 20 29 49 97 144 61 43 134 100000 131
42 193 359 452 273 100000 209 111 463 134 169 487 88 463 203
43 34 100000 100000 16 76 100000 50 100000 41 29 100000 64 92 22
44 34 36 27 59 9 35 76 93 48 75 66 15 22 39
45 97 195 100000 53 79 279 103 253 100000 233 100000 213 13 108
46 37 100000 109 33 95 73 91 100000 12 95 110 14 89 48
47 25 74 5 28 39 20 44 38 100000 34 73 100000 59 30
48 89 203 251 206 185 12 216 100000 211 100000 41 38 44 100000
49 27 61 73 47 100000 23 21 72 15 55 7 100000 100000 35
50 50 108 34 125 80 146 125 100000 46 100000 7 149 92 74
51 46 46 133 100000 34 31 12 105 104 100000 94 56 100000 89
52 46 4 100000 91 80 127 97 100000 100000 100000 89 33 8 31
53 55 76 76 4 55 34 26 100000 100000 100000 158 37 78 100000
54 118 100 326 287 100000 329 72 75 100000 43 343 19 93 315
55 47 100000 112 35 70 11 85 46 100000 100000 121 114 107 4
56 164 100000 80 114 100000 100000 433 100000 100000 134 325 251 183 335
57 113 100000 322 21 319 322 79 282 75 92 126 119 100000 69
58 69 34 44 102 46 100000 195 100000 59 100000 201 129 100000 36
59 30 31 56 37 100000 62 31 89 26 65 100000 89 100000 6
60 25 39 4 54 11 24 100000 58 100000 73 26 42 5 100000
61 106 80 100000 102 121 137 45 315 175 100000 100000 4 315 55
62 23 32 100000 100000 55 100000 100000 21 100000 25 68 100000 49 52
63 118 107 206 269 181 22 121 61 100000 36 280 40 36 100000
64 155 340 20 126 270 191 100000 10 103 100000 131 103 173 47
65 65 50 139 100000 174 176 38 100000 13 100000 15 28 57 100000
<task directions>
1 E
2 E
3 E
4 E
5 E
6 E
7 R
8 R
9 L
10 L
11 E
12 E
13 E
14 E
15 E
16 L
17 L
18 R
19 R
20 E
21 E
22 E
23 E
24 E
25 L
26 R
27 R
28 R
29 L
30 L
31 E
32 E
33 E
34 E
35 R
36 E
37 E
38 E
39 L
40 R
41 E
42 E
43 E
44 R
45 L
46 E
47 L
48 L
49 E
50 E
51 R
52 E
53 L
54 E
55 R
56 E
57 E
58 L
59 R
60 E
61 R
62 E
63 L
64 L
65 E
<precedence relations>
1,3
2,3
3,4
3,23
4,5
4,6
4,7
4,9
4,11
4,12
4,25
4,26
4,27
4,41
4,45
4,49
5,14
6,14
7,8
8,14
9,10
10,14
11,14
12,14
13,14
14,15
14,18
14,20
14,22
15,16
16,17
17,31
18,19
19,21
20,21
21,31
22,31
23,24
24,31
25,31
26,31
27,28
28,50
29,50
30,50
31,32
31,36
31,51
31,52
31,53
31,54
31,55
31,56
31,58
31,59
31,60
31,61
31,62
32,33
33,34
34,35
35,50
36,37
37,38
38,39
38,40
39,50
40,50
41,42
42,43
43,62
44,46
45,46
46,47
47,48
48,50
49,50
51,65
52,65
53,65
54,65
55,65
56,57
57,65
58,65
59,65
60,65
61,65
62,63
63,64
64,65
<end>