<number of tasks>
65
<number of mated-station>
5
<number of workers>
10
<task times>
1 49 13 42 13 21 37 18 100000 2 4
2 49 38 22 9 31 2 100000 42 29 39
3 71 31 32 37 30 9 58 70 46 100000
4 26 23 100000 8 100000 4 100000 4 16 100000
5 42 18 6 100000 37 100000 100000 17 24 17
6 30 100000 16 5 19 13 17 16 18 13
7 167 81 137 16 160 52 145 145 38 100000
8 91 100000 63 68 39 15 62 55 100000 64
9 52 49 46 10 49 100000 21 3 100000 15
10 153 69 95 24 41 148 48 47 133 100000
11 68 20 26 51 63 3 56 32 40 66
12 52 19 41 100000 100000 100000 14 50 6 20
13 135 100000 100000 25 128 100000 112 80 36 53
14 54 53 23 41 100000 5 5 52 17 100000
15 57 56 100000 7 47 5 14 50 100000 31
16 151 120 108 100000 76 94 100000 100000 142 141
17 39 33 23 24 25 100000 3 100000 22 28
18 194 82 84 82 11 119 51 101 61 100000
19 35 1 100000 35 29 30 8 35 18 35
20 119 9 98 88 102 43 99 71 100000 51
21 34 21 100000 100000 8 5 33 28 34 100000
22 38 27 8 20 100000 27 35 2 17 37
23 104 12 95 104 78 74 103 25 17 100000
24 84 73 100000 72 69 82 6 13 82 26
25 113 41 31 100000 54 89 70 13 86 104
26 72 5 100000 22 58 17 100000 28 53 100000
27 62 32 36 100000 31 28 25 22 10 60
28 272 131 12 55 100000 44 100000 128 112 109
29 89 9 28 49 19 53 58 32 35 100000
30 49 100000 7 14 32 5 2 100000 7 35
31 11 100000 11 5 100000 9 1 4 5 9
32 45 23 100000 100000 10 44 27 30 31 100000
33 54 100000 21 8 48 100000 40 41 37 26
34 106 105 12 104 100000 100000 65 105 99 100000
35 132 100000 129 39 6 104 116 100000 118 100000
36 52 42 23 2 45 100000 38 17 100000 29
37 157 100000 100000 49 134 140 143 113 60 34
38 109 13 103 13 70 108 16 100000 15 68
39 32 17 28 30 6 23 25 29 100000 11
40 32 5 18 22 30 2 21 100000 30 19
41 52 5 13 47 44 45 22 44 40 10
42 193 176 100000 100000 172 91 95 32 28 5
43 34 100000 11 100000 6 7 18 100000 22 27
44 34 34 15 11 6 33 32 11 100000 12
45 97 100000 63 41 23 37 100000 48 13 26
46 37 26 21 6 9 31 20 30 3 100000
47 25 15 100000 19 100000 100000 18 100000 6 20
48 89 70 21 14 100000 100000 17 30 100000 61
49 27 9 15 17 14 100000 100000 12 7 100000
50 50 18 44 8 100000 100000 22 20 17 100000
51 46 19 11 6 9 17 6 28 30 2
52 46 3 100000 6 30 6 24 27 35 29
53 55 26 26 53 26 51 23 21 40 32
54 118 100000 100000 83 100000 26 89 15 69 113
55 47 100000 100000 7 9 4 44 33 26 4
56 164 143 25 100000 118 30 118 151 144 24
57 113 100000 100000 8 100000 91 77 107 67 5
58 69 49 24 29 55 52 100000 100000 23 31
59 30 2 100000 21 21 24 2 24 3 23
60 25 10 100000 3 14 17 18 12 3 13
61 106 100000 100 52 35 100000 86 54 100000 30
62 23 100000 6 10 9 5 5 5 11 12
63 118 52 100000 76 79 75 100000 41 89 31
64 155 137 40 33 147 33 155 9 35 33
65 65 50 65 22 62 100000 100000 64 14 48
<task directions>
1 E
2 E
3 E
4 E
5 E
6 E
7 R
8 R
9 L
10 L
11 E
12 E
13 E
14 E
15 E
16 L
17 L
18 R
19 R
20 E
21 E
22 E
23 E
24 E
25 L
26 R
27 R
28 R
29 L
30 L
31 E
32 E
33 E
34 E
35 R
36 E
37 E
38 E
39 L
40 R
41 E
42 E
43 E
44 R
45 L
46 E
47 L
48 L
49 E
50 E
51 R
52 E
53 L
54 E
55 R
56 E
57 E
58 L
59 R
60 E
61 R
62 E
63 L
64 L
65 E
<precedence relations>
1,3
2,3
3,4
3,23
4,5
4,6
4,7
4,9
4,11
4,12
4,25
4,26
4,27
4,41
4,45
4,49
5,14
6,14
7,8
8,14
9,10
10,14
11,14
12,14
13,14
14,15
14,18
14,20
14,22
15,16
16,17
17,31
18,19
19,21
20,21
21,31
22,31
23,24
24,31
25,31
26,31
27,28
28,50
29,50
30,50
31,32
31,36
31,51
31,52
31,53
31,54
31,55
31,56
31,58
31,59
31,60
31,61
31,62
32,33
33,34
34,35
35,50
36,37
37,38
38,39
38,40
39,50
40,50
41,42
42,43
43,62
44,46
45,46
46,47
47,48
48,50
49,50
51,65
52,65
53,65
54,65
55,65
56,57
57,65
58,65
59,65
60,65
61,65
62,63
63,64
64,65
<end>