<number of tasks>
65
<number of mated-station>
7
<number of workers>
14
<task times>
1 49 44 100000 38 5 47 42 20 5 8 47 21 30 6
2 49 7 100000 49 36 22 100000 28 47 2 13 100000 100000 31
3 71 100000 28 18 100000 61 24 100000 57 52 55 100000 9 100000
4 26 7 100000 19 19 14 13 100000 21 17 15 13 23 100000
5 42 100000 32 28 35 6 34 100000 100000 16 17 100000 17 21
6 30 100000 28 8 100000 29 13 21 10 19 10 17 2 15
7 167 132 13 100000 62 104 9 81 41 26 135 102 100000 164
8 91 83 29 13 91 4 100000 27 91 87 55 10 51 33
9 52 38 2 23 100000 27 100000 49 100000 39 41 36 37 4
10 153 100000 94 100000 68 12 100000 98 107 74 120 82 100000 68
11 68 37 59 100000 45 66 50 67 6 51 61 60 22 52
12 52 7 45 48 100000 19 19 100000 8 100000 47 33 10 24
13 135 5 53 9 100000 83 93 44 95 83 65 120 100000 118
14 54 12 53 34 32 34 41 33 32 100000 21 2 40 15
15 57 42 53 44 2 17 31 37 100000 100000 21 17 2 53
16 151 62 139 90 39 100000 102 40 60 133 100000 36 55 6
17 39 12 100000 100000 13 21 34 21 37 34 16 7 100000 30
18 194 100000 28 171 100000 100000 109 76 100000 100000 100000 105 16 36
19 35 23 33 1 7 3 35 4 100000 4 21 21 14 6
20 119 91 91 100000 36 86 12 15 64 73 100000 82 62 100000
21 34 13 100000 26 1 21 14 24 100000 13 6 30 4 18
22 38 10 12 35 17 2 100000 11 100000 14 37 35 22 6
23 104 55 7 71 26 72 100000 3 41 94 40 100000 73 47
24 84 18 15 79 52 21 16 3 28 70 100000 100000 68 57
25 113 100000 100000 76 106 103 28 74 105 9 104 11 82 5
26 72 100000 100000 40 35 62 2 50 11 100000 68 60 100000 21
27 62 62 19 44 15 19 27 32 100000 47 5 100000 100000 53
28 272 31 191 42 269 120 100000 123 199 204 12 134 100000 100000
29 89 51 72 100000 75 56 43 57 70 70 76 100000 100000 6
30 49 19 1 31 100000 30 100000 13 20 46 44 4 100000 100000
31 11 100000 4 5 100000 7 4 4 100000 8 100000 1 8 1
32 45 100000 31 38 12 100000 10 100000 23 34 12 13 42 18
33 54 16 34 23 14 28 100000 14 100000 14 32 100000 100000 100000
34 106 93 2 15 6 100000 100000 30 38 96 8 61 15 100000
35 132 64 103 100000 82 69 86 100000 48 118 100000 100000 101 101
36 52 39 100000 100000 6 47 100000 43 49 100000 100000 10 100000 100000
37 157 23 17 129 84 100000 48 143 20 100000 99 148 17 124
38 109 93 108 95 23 100000 58 10 53 45 100000 100000 23 79
39 32 30 29 100000 100000 100000 1 30 100000 8 32 22 21 20
40 32 11 5 23 4 100000 12 100000 12 100000 19 100000 100000 19
41 52 30 43 46 100000 46 29 19 33 100000 49 25 30 100000
42 193 95 100000 43 100000 139 45 5 155 100000 100000 130 185 99
43 34 15 18 13 26 100000 34 27 5 13 100000 25 7 19
44 34 100000 9 29 100000 100000 27 26 13 21 100000 14 29 100000
45 97 73 13 52 11 100000 77 90 7 100000 61 78 44 35
46 37 36 9 34 27 24 15 6 21 13 23 100000 13 10
47 25 1 100000 4 13 9 20 23 15 24 19 2 2 11
48 89 80 100000 100000 59 20 21 72 100000 68 100000 27 8 31
49 27 14 19 100000 100000 16 3 14 23 100000 100000 22 26 25
50 50 29 19 15 100000 10 34 100000 15 14 15 39 100000 23
51 46 17 24 44 100000 7 100000 45 31 21 100000 26 9 42
52 46 100000 30 40 5 37 27 32 100000 38 33 10 18 2
53 55 45 45 18 100000 5 2 41 38 9 100000 5 50 38
54 118 100000 100000 27 77 71 100000 47 21 100000 100000 81 26 103
55 47 100000 13 46 13 29 1 21 100000 35 41 100000 2 8
56 164 83 37 100000 138 22 35 87 146 159 96 47 19 38
57 113 17 26 70 39 68 97 100000 51 100000 113 100000 5 26
58 69 37 42 13 100000 54 23 62 32 100000 26 2 16 32
59 30 100000 20 9 19 100000 13 29 100000 3 100000 30 17 5
60 25 7 19 100000 10 100000 6 15 5 14 20 21 14 14
61 106 67 92 65 100000 87 49 41 60 43 85 54 14 5
62 23 100000 13 100000 100000 100000 16 16 18 12 5 11 100000 9
63 118 89 68 109 89 19 34 100000 85 12 9 44 100000 14
64 155 138 100000 55 63 100000 73 100000 21 106 100000 43 90 107
65 65 56 39 37 100000 46 29 8 45 100000 30 53 100000 13
<task directions>
1 E
2 E
3 E
4 E
5 E
6 E
7 R
8 R
9 L
10 L
11 E
12 E
13 E
14 E
15 E
16 L
17 L
18 R
19 R
20 E
21 E
22 E
23 E
24 E
25 L
26 R
27 R
28 R
29 L
30 L
31 E
32 E
33 E
34 E
35 R
36 E
37 E
38 E
39 L
40 R
41 E
42 E
43 E
44 R
45 L
46 E
47 L
48 L
49 E
50 E
51 R
52 E
53 L
54 E
55 R
56 E
57 E
58 L
59 R
60 E
61 R
62 E
63 L
64 L
65 E
<precedence relations>
1,3
2,3
3,4
3,23
4,5
4,6
4,7
4,9
4,11
4,12
4,25
4,26
4,27
4,41
4,45
4,49
5,14
6,14
7,8
8,14
9,10
10,14
11,14
12,14
13,14
14,15
14,18
14,20
14,22
15,16
16,17
17,31
18,19
19,21
20,21
21,31
22,31
23,24
24,31
25,31
26,31
27,28
28,50
29,50
30,50
31,32
31,36
31,51
31,52
31,53
31,54
31,55
31,56
31,58
31,59
31,60
31,61
31,62
32,33
33,34
34,35
35,50
36,37
37,38
38,39
38,40
39,50
40,50
41,42
42,43
43,62
44,46
45,46
46,47
47,48
48,50
49,50
51,65
52,65
53,65
54,65
55,65
56,57
57,65
58,65
59,65
60,65
61,65
62,63
63,64
64,65
<end>