<number of tasks>
65
<number of mated-station>
4
<number of workers>
8
<task times>
1 49 37 34 32 40 16 11 25
2 49 27 2 33 100000 12 23 28
3 71 46 51 56 66 10 62 26
4 26 24 23 20 22 26 3 100000
5 42 42 42 27 31 42 2 4
6 30 27 13 100000 23 11 25 100000
7 167 102 147 46 160 54 100000 49
8 91 58 100000 10 49 40 83 60
9 52 38 43 100000 45 45 43 100000
10 153 79 117 9 138 120 148 3
11 68 100000 67 56 2 65 100000 26
12 52 45 14 12 100000 11 26 38
13 135 107 100000 10 135 33 59 100000
14 54 10 9 15 2 38 100000 100000
15 57 19 26 40 11 16 17 100000
16 151 48 100000 33 57 79 124 142
17 39 33 2 10 34 100000 25 26
18 194 57 45 194 16 74 70 169
19 35 7 6 27 24 15 5 9
20 119 13 81 51 114 62 64 34
21 34 28 31 33 29 22 11 4
22 38 100000 11 17 3 32 23 20
23 104 49 71 79 100000 13 99 100
24 84 17 27 58 77 66 26 74
25 113 82 61 3 102 54 30 83
26 72 23 55 54 44 6 44 7
27 62 55 100000 41 55 100000 52 24
28 272 256 100000 267 100000 142 39 196
29 89 19 49 17 70 81 19 15
30 49 8 22 35 7 36 5 32
31 11 6 5 9 4 100000 9 8
32 45 100000 12 6 43 12 20 31
33 54 13 10 42 49 8 23 52
34 106 47 16 41 76 4 47 100000
35 132 11 4 8 43 111 97 82
36 52 14 12 41 47 16 16 22
37 157 126 6 12 127 98 115 49
38 109 91 19 13 9 5 95 67
39 32 29 10 23 30 26 22 25
40 32 21 13 22 26 22 20 11
41 52 13 47 39 33 100000 19 38
42 193 80 37 135 34 100000 14 5
43 34 21 22 14 5 30 26 100000
44 34 29 9 100000 18 7 12 6
45 97 94 3 100000 100000 25 64 88
46 37 36 100000 13 11 11 2 30
47 25 21 9 11 7 14 20 100000
48 89 74 78 55 76 65 24 49
49 27 17 16 24 18 26 100000 14
50 50 100000 13 39 48 39 25 27
51 46 26 25 2 33 6 36 29
52 46 44 30 24 4 18 42 100000
53 55 19 15 30 39 47 16 46
54 118 49 98 7 22 77 105 40
55 47 20 10 32 12 15 18 47
56 164 117 97 110 87 100000 118 151
57 113 64 94 65 60 89 78 11
58 69 43 2 6 3 56 21 53
59 30 16 29 24 2 4 18 24
60 25 4 9 6 16 3 13 9
61 106 100000 105 23 26 10 98 35
62 23 100000 7 15 100000 8 100000 100000
63 118 100000 10 83 91 100000 100000 63
64 155 16 120 43 103 107 26 155
65 65 3 3 13 58 34 40 59
<task directions>
1 E
2 E
3 E
4 E
5 E
6 E
7 R
8 R
9 L
10 L
11 E
12 E
13 E
14 E
15 E
16 L
17 L
18 R
19 R
20 E
21 E
22 E
23 E
24 E
25 L
26 R
27 R
28 R
29 L
30 L
31 E
32 E
33 E
34 E
35 R
36 E
37 E
38 E
39 L
40 R
41 E
42 E
43 E
44 R
45 L
46 E
47 L
48 L
49 E
50 E
51 R
52 E
53 L
54 E
55 R
56 E
57 E
58 L
59 R
60 E
61 R
62 E
63 L
64 L
65 E
<precedence relations>
1,3
2,3
3,4
3,23
4,5
4,6
4,7
4,9
4,11
4,12
4,25
4,26
4,27
4,41
4,45
4,49
5,14
6,14
7,8
8,14
9,10
10,14
11,14
12,14
13,14
14,15
14,18
14,20
14,22
15,16
16,17
17,31
18,19
19,21
20,21
21,31
22,31
23,24
24,31
25,31
26,31
27,28
28,50
29,50
30,50
31,32
31,36
31,51
31,52
31,53
31,54
31,55
31,56
31,58
31,59
31,60
31,61
31,62
32,33
33,34
34,35
35,50
36,37
37,38
38,39
38,40
39,50
40,50
41,42
42,43
43,62
44,46
45,46
46,47
47,48
48,50
49,50
51,65
52,65
53,65
54,65
55,65
56,57
57,65
58,65
59,65
60,65
61,65
62,63
63,64
64,65
<end>