<number of tasks>
65
<number of mated-station>
8
<number of workers>
16
<task times>
1 49 100000 100000 32 22 42 38 23 43 100000 36 48 5 40 49 42
2 49 11 100000 41 8 26 12 11 19 46 100000 39 16 42 13 15
3 71 7 100000 37 54 70 61 34 55 23 35 56 56 5 12 3
4 26 19 8 18 25 17 6 24 12 25 22 24 14 20 5 19
5 42 7 12 28 6 100000 9 20 22 100000 17 33 25 14 17 40
6 30 24 12 100000 22 16 4 17 14 24 5 5 27 2 12 23
7 167 102 116 137 79 140 140 164 67 74 29 61 104 11 77 13
8 91 91 38 30 53 60 68 51 69 74 35 51 33 88 36 6
9 52 23 48 100000 5 51 37 41 46 43 50 22 44 48 45 29
10 153 120 39 57 121 100000 115 100 115 39 21 79 126 100000 85 74
11 68 60 61 5 100000 6 6 28 15 11 61 36 17 2 11 29
12 52 13 40 36 47 38 100000 35 47 16 2 23 3 39 29 21
13 135 16 49 26 69 30 9 118 80 100000 84 97 100000 5 107 10
14 54 24 10 47 19 3 34 37 20 100000 43 47 44 44 100000 46
15 57 8 100000 13 16 12 35 42 13 100000 35 46 35 51 19 33
16 151 129 96 40 102 85 27 67 33 34 100000 46 100000 10 39 33
17 39 100000 37 23 12 17 23 3 28 30 16 30 34 27 19 36
18 194 84 49 148 186 3 130 159 61 159 188 69 74 5 47 109
19 35 2 32 33 20 7 27 11 24 26 100000 30 7 21 29 13
20 119 94 82 52 100000 113 56 3 100000 67 56 100000 88 16 51 2
21 34 11 25 28 27 8 20 28 27 9 18 6 4 2 32 100000
22 38 20 15 24 2 4 4 37 10 100000 8 23 14 29 32 20
23 104 50 94 20 6 100000 88 46 41 100000 72 25 40 101 35 100
24 84 36 13 52 20 55 100000 79 28 19 68 3 82 26 27 54
25 113 44 95 94 92 25 10 7 74 39 94 54 75 28 64 50
26 72 19 27 33 46 55 70 17 59 25 23 27 25 56 40 31
27 62 59 62 6 23 25 33 15 100000 100000 100000 46 57 60 61 19
28 272 229 261 120 4 250 223 100000 55 58 269 93 80 239 239 42
29 89 100000 48 66 14 88 57 78 12 85 51 10 18 52 21 72
30 49 47 100000 17 10 12 100000 44 27 19 100000 21 30 48 29 41
31 11 100000 9 2 2 5 2 8 7 3 8 10 3 2 4 5
32 45 29 100000 44 8 11 14 5 33 28 32 18 34 35 3 24
33 54 40 34 21 23 7 26 33 9 20 9 21 34 15 17 39
34 106 19 104 46 100000 86 72 64 43 25 56 31 100000 23 38 54
35 132 72 72 29 100000 73 81 14 128 63 32 132 110 129 78 93
36 52 18 7 31 51 9 27 36 100000 49 12 11 29 48 11 100000
37 157 100000 74 100000 87 56 155 20 104 149 81 31 127 29 148 110
38 109 29 80 73 28 52 16 40 100000 57 100000 55 100000 55 64 70
39 32 4 12 9 4 12 13 30 13 17 8 17 100000 16 22 22
40 32 19 8 15 4 100000 100000 4 23 11 8 100000 22 21 100000 15
41 52 25 42 100000 50 3 25 100000 26 39 14 40 20 23 4 3
42 193 166 185 149 7 99 36 59 122 103 193 62 26 36 9 28
43 34 6 34 33 1 9 34 16 24 12 18 10 9 26 10 7
44 34 4 2 100000 5 34 6 100000 4 16 19 24 26 100000 5 33
45 97 71 50 23 10 71 100000 29 53 95 82 94 69 100000 22 100000
46 37 30 2 22 21 100000 36 5 34 31 25 37 25 8 100000 8
47 25 11 18 10 20 18 100000 16 9 12 19 15 8 17 9 20
48 89 15 64 36 83 100000 2 32 19 18 16 26 56 49 10 3
49 27 22 18 9 7 11 11 13 24 25 16 13 14 9 12 21
50 50 32 42 100000 11 7 20 29 100000 34 46 2 30 35 4 24
51 46 23 42 14 20 16 27 15 8 28 100000 30 10 33 38 28
52 46 42 28 2 1 43 15 35 7 100000 9 21 8 22 33 26
53 55 49 45 100000 9 9 33 17 43 5 30 49 4 39 23 26
54 118 55 69 44 16 77 31 28 14 60 96 72 103 100000 61 82
55 47 21 26 47 20 34 100000 47 25 22 21 20 13 34 100000 46
56 164 9 159 19 19 38 19 107 60 11 96 4 12 17 138 42
57 113 106 38 93 12 39 96 72 59 10 83 40 49 102 56 100000
58 69 25 55 60 31 2 2 15 3 11 20 15 15 67 100000 23
59 30 29 5 10 6 100000 19 10 3 6 4 1 6 4 16 27
60 25 17 24 6 7 13 3 3 100000 19 22 100000 5 24 2 24
61 106 60 20 15 57 90 8 100000 55 105 100000 30 14 7 9 100000
62 23 19 5 14 18 21 18 19 4 18 18 20 5 22 14 21
63 118 85 100000 55 26 100000 62 100000 109 68 67 88 100 88 9 82
64 155 100000 100000 100000 95 4 100000 107 113 153 43 30 27 155 9 19
65 65 23 56 15 9 61 8 20 13 42 57 23 59 47 57 57
<task directions>
1 E
2 E
3 E
4 E
5 E
6 E
7 R
8 R
9 L
10 L
11 E
12 E
13 E
14 E
15 E
16 L
17 L
18 R
19 R
20 E
21 E
22 E
23 E
24 E
25 L
26 R
27 R
28 R
29 L
30 L
31 E
32 E
33 E
34 E
35 R
36 E
37 E
38 E
39 L
40 R
41 E
42 E
43 E
44 R
45 L
46 E
47 L
48 L
49 E
50 E
51 R
52 E
53 L
54 E
55 R
56 E
57 E
58 L
59 R
60 E
61 R
62 E
63 L
64 L
65 E
<precedence relations>
1,3
2,3
3,4
3,23
4,5
4,6
4,7
4,9
4,11
4,12
4,25
4,26
4,27
4,41
4,45
4,49
5,14
6,14
7,8
8,14
9,10
10,14
11,14
12,14
13,14
14,15
14,18
14,20
14,22
15,16
16,17
17,31
18,19
19,21
20,21
21,31
22,31
23,24
24,31
25,31
26,31
27,28
28,50
29,50
30,50
31,32
31,36
31,51
31,52
31,53
31,54
31,55
31,56
31,58
31,59
31,60
31,61
31,62
32,33
33,34
34,35
35,50
36,37
37,38
38,39
38,40
39,50
40,50
41,42
42,43
43,62
44,46
45,46
46,47
47,48
48,50
49,50
51,65
52,65
53,65
54,65
55,65
56,57
57,65
58,65
59,65
60,65
61,65
62,63
63,64
64,65
<end>